)O+_06 Small-body initial data  (WARNING: Do not delete this line!!)
) Lines beginning with `)' are ignored.
)----------------------------------------------------------------------
 style (Cartesian, Asteroidal, Cometary) = Ast
)---------------------------------------------------------------------
A8001  ep = 2450400.5
1.86029 0.0747578 9.551 146.54 269.868 44.6932 0 0 0
A8002  ep = 2450400.5
2.73869 0.00606786 7.82546 173.219 336.984 268.332 0 0 0
A8003  ep = 2450400.5
1.64858 0.0440047 4.87776 26.7235 318.401 158.727 0 0 0
A8004  ep = 2450400.5
3.85648 0.0705569 8.49543 34.8896 76.454 335.664 0 0 0
A8005  ep = 2450400.5
1.69588 0.063052 4.15426 247.755 308.82 90.7942 0 0 0
A8006  ep = 2450400.5
3.72254 0.0934206 4.19617 172.236 277.058 196.31 0 0 0
A8007  ep = 2450400.5
2.14805 0.084068 7.31221 302.32 140.031 349.42 0 0 0
A8008  ep = 2450400.5
3.63284 0.0405571 0.427851 197.782 97.2292 36.3278 0 0 0
A8009  ep = 2450400.5
2.14036 0.0251918 8.98085 45.9898 112.915 58.938 0 0 0
A8010  ep = 2450400.5
2.1916 0.0924473 8.62113 182.688 152.347 58.2149 0 0 0
A8011  ep = 2450400.5
3.41178 0.0496881 9.08077 329.463 297.314 308.957 0 0 0
A8012  ep = 2450400.5
4.0987 0.0818286 8.93799 65.1712 317.815 17.0334 0 0 0
A8013  ep = 2450400.5
2.48695 0.0393489 3.36267 121.768 304.78 143.496 0 0 0
A8014  ep = 2450400.5
3.0814 0.046784 0.983136 291.661 80.9287 215.678 0 0 0
A8015  ep = 2450400.5
2.51244 0.013742 3.61833 356.23 203.388 149.412 0 0 0
A8016  ep = 2450400.5
3.22432 0.0798449 2.5336 174.439 347.578 310.032 0 0 0
A8017  ep = 2450400.5
3.89329 0.011964 5.79137 27.1919 137.034 256.724 0 0 0
A8018  ep = 2450400.5
3.73941 0.0206966 5.48559 115.893 82.1672 241.916 0 0 0
A8019  ep = 2450400.5
2.17617 0.0538697 4.88479 240.571 354.719 226.783 0 0 0
A8020  ep = 2450400.5
2.09264 0.0620251 8.56384 26.0574 15.2741 198.923 0 0 0
A8021  ep = 2450400.5
1.68005 0.0133016 1.60737 50.3612 319.272 111.636 0 0 0
A8022  ep = 2450400.5
1.71834 0.0109304 9.06886 336.429 83.1749 5.80266 0 0 0
A8023  ep = 2450400.5
1.79252 0.0446766 0.799151 67.1283 148.718 310.692 0 0 0
A8024  ep = 2450400.5
3.08518 0.095205 2.10749 255.902 41.3788 346.124 0 0 0
A8025  ep = 2450400.5
3.90418 0.0837878 3.20859 154.995 93.324 114.68 0 0 0
A8026  ep = 2450400.5
1.54989 0.0855534 2.95867 112.804 326.769 162.186 0 0 0
A8027  ep = 2450400.5
3.22248 0.031009 4.67462 255.078 229.03 250.988 0 0 0
A8028  ep = 2450400.5
2.15612 0.0839303 7.17088 16.5231 97.0199 256.97 0 0 0
A8029  ep = 2450400.5
3.16891 0.0739264 2.80285 316.549 104.98 129.015 0 0 0
A8030  ep = 2450400.5
1.6411 0.0420887 9.84317 103.401 97.4312 246.027 0 0 0
A8031  ep = 2450400.5
1.84225 0.0535893 7.74838 6.26064 213.717 6.92676 0 0 0
A8032  ep = 2450400.5
3.9485 0.0766002 0.203459 61.6601 274.66 122.918 0 0 0
A8033  ep = 2450400.5
1.60314 0.0826163 0.314229 198.331 6.19436 224.882 0 0 0
A8034  ep = 2450400.5
1.56239 0.0154426 1.44279 39.0086 58.7702 22.6337 0 0 0
A8035  ep = 2450400.5
3.50996 0.0778703 2.66533 286.141 32.2303 258.712 0 0 0
A8036  ep = 2450400.5
3.71605 0.0351774 0.257233 112.194 257.914 249.858 0 0 0
A8037  ep = 2450400.5
2.26021 0.0417179 3.53135 58.8146 57.4285 241.189 0 0 0
A8038  ep = 2450400.5
3.3562 0.0399847 7.22257 315.873 23.0033 213.594 0 0 0
A8039  ep = 2450400.5
3.36771 0.0871529 0.787736 235.312 50.2601 171.389 0 0 0
A8040  ep = 2450400.5
4.05702 0.0958778 8.18878 144.079 32.6642 226.258 0 0 0
A8041  ep = 2450400.5
3.24449 0.039752 8.11159 161.95 307.641 1.88696 0 0 0
A8042  ep = 2450400.5
2.66345 0.0517116 4.17203 272.894 211.944 10.9733 0 0 0
A8043  ep = 2450400.5
2.87363 0.031456 5.80438 240.994 342.821 347.933 0 0 0
A8044  ep = 2450400.5
2.72681 0.0479789 2.81445 345.516 208.224 204.706 0 0 0
A8045  ep = 2450400.5
2.40534 0.0956584 1.30717 157.11 192.713 338.445 0 0 0
A8046  ep = 2450400.5
1.51792 0.052739 4.84654 80.5706 33.0739 34.3384 0 0 0
A8047  ep = 2450400.5
1.84557 0.089203 9.3459 191.236 112.324 330.166 0 0 0
A8048  ep = 2450400.5
3.03717 0.0737641 0.534589 229.754 169.944 269.422 0 0 0
A8049  ep = 2450400.5
1.71011 0.0890596 5.2516 35.9131 175.443 39.3757 0 0 0
A8050  ep = 2450400.5
1.51949 0.0623902 7.92799 184.662 262.09 191.269 0 0 0
A8051  ep = 2450400.5
2.80397 0.0445745 5.63164 38.3406 83.7432 98.1153 0 0 0
A8052  ep = 2450400.5
1.93132 0.0741658 1.04558 230.535 131.681 153.656 0 0 0
A8053  ep = 2450400.5
2.68142 0.0476717 3.18278 111.154 167.573 146.646 0 0 0
A8054  ep = 2450400.5
1.91059 0.0402389 4.95331 354.791 154.41 280.719 0 0 0
A8055  ep = 2450400.5
2.73545 0.0237793 9.59202 258.539 274.093 255.261 0 0 0
A8056  ep = 2450400.5
2.91559 0.0439711 1.21862 219.093 288.87 309.424 0 0 0
A8057  ep = 2450400.5
3.87328 0.029731 5.88632 285.096 297.003 143.978 0 0 0
A8058  ep = 2450400.5
2.96239 0.00272935 1.72207 172.23 285.509 319.546 0 0 0
A8059  ep = 2450400.5
2.42861 0.0985447 3.40306 285.78 140.954 335.091 0 0 0
A8060  ep = 2450400.5
3.69632 0.0951363 1.56057 109.388 79.0555 267.156 0 0 0
A8061  ep = 2450400.5
3.24178 0.0082572 1.78729 59.0746 236.884 37.4484 0 0 0
A8062  ep = 2450400.5
2.01054 0.0331113 5.02009 219.057 261.559 173.614 0 0 0
A8063  ep = 2450400.5
1.83758 0.0478961 3.89615 36.5893 14.4276 124.22 0 0 0
A8064  ep = 2450400.5
3.18735 0.0231005 8.50291 67.5529 111.305 205.098 0 0 0
A8065  ep = 2450400.5
3.55055 0.0609818 3.21883 45.9996 313.906 208.136 0 0 0
A8066  ep = 2450400.5
2.17363 0.0906314 6.41754 167.147 62.4931 273.361 0 0 0
A8067  ep = 2450400.5
3.96608 0.0904514 8.17197 302.22 47.6121 313.007 0 0 0
A8068  ep = 2450400.5
3.93155 0.0191971 0.460383 206.727 306.155 133.409 0 0 0
A8069  ep = 2450400.5
2.30103 0.0650221 6.26777 46.7418 51.6933 92.2723 0 0 0
A8070  ep = 2450400.5
2.10664 0.0547948 6.36238 345.14 311.201 220.731 0 0 0
A8071  ep = 2450400.5
2.96501 0.0487373 8.27867 48.8849 352.565 325.178 0 0 0
A8072  ep = 2450400.5
3.07407 0.0226137 4.68677 285.03 348.62 111.008 0 0 0
A8073  ep = 2450400.5
2.08716 0.0114658 6.06327 348.556 307.911 217.776 0 0 0
A8074  ep = 2450400.5
1.534 0.0364054 1.65685 28.3674 65.9103 341.142 0 0 0
A8075  ep = 2450400.5
3.28064 0.0910934 4.06118 333.026 83.3173 46.3194 0 0 0
A8076  ep = 2450400.5
2.92256 0.00218877 7.8674 192.233 26.5962 314.57 0 0 0
A8077  ep = 2450400.5
1.67264 0.0113469 5.07547 272.101 186.532 277.342 0 0 0
A8078  ep = 2450400.5
2.72595 0.0874344 5.10656 285.516 14.4678 223.714 0 0 0
A8079  ep = 2450400.5
3.33375 0.0692986 6.01958 180.815 217.898 356.912 0 0 0
A8080  ep = 2450400.5
4.00479 0.0833393 8.83044 137.677 94.5665 75.6331 0 0 0
A8081  ep = 2450400.5
3.67988 0.0379095 9.45729 172.263 219.649 273.607 0 0 0
A8082  ep = 2450400.5
2.72248 0.0894872 0.118305 22.3021 278.59 229.009 0 0 0
A8083  ep = 2450400.5
3.82969 0.0990238 0.924543 350.804 27.6845 62.919 0 0 0
A8084  ep = 2450400.5
1.57833 0.0323086 6.11335 51.0286 137.549 345.829 0 0 0
A8085  ep = 2450400.5
1.85523 0.0991308 0.92045 123.148 84.4736 348.027 0 0 0
A8086  ep = 2450400.5
3.65813 0.0699054 2.00278 259.932 36.9955 304.993 0 0 0
A8087  ep = 2450400.5
4.09539 0.0600702 7.99166 147.452 179.914 147.538 0 0 0
A8088  ep = 2450400.5
2.02837 0.0396366 7.72842 22.54 46.7279 300.932 0 0 0
A8089  ep = 2450400.5
1.57853 0.0863905 1.65298 251.946 42.02 25.2758 0 0 0
A8090  ep = 2450400.5
3.05004 0.0512849 5.45703 247.159 41.9579 19.2526 0 0 0
A8091  ep = 2450400.5
3.75249 0.0495984 0.998563 188.936 212.505 79.1833 0 0 0
A8092  ep = 2450400.5
3.60995 0.0478165 7.5165 26.9546 2.86926 324.625 0 0 0
A8093  ep = 2450400.5
2.22379 0.0419412 3.04988 239.456 181.043 29.5871 0 0 0
A8094  ep = 2450400.5
3.40293 0.0392403 6.121 275.149 123.501 9.04567 0 0 0
A8095  ep = 2450400.5
2.05656 0.0976133 3.86137 348.09 12.3072 223.769 0 0 0
A8096  ep = 2450400.5
3.60249 0.00473551 1.89685 45.3595 245.559 305.574 0 0 0
A8097  ep = 2450400.5
1.97664 0.00261844 3.08172 292.832 214.6 250.69 0 0 0
A8098  ep = 2450400.5
1.93271 0.0724576 9.95019 305.763 320.761 345.907 0 0 0
A8099  ep = 2450400.5
2.52733 0.0403476 7.21698 248.415 175.297 149.411 0 0 0
A8100  ep = 2450400.5
3.03045 0.0488357 1.8103 17.4958 339.735 261.426 0 0 0
A8101  ep = 2450400.5
3.51353 0.0897415 8.85066 2.6303 5.27892 335.872 0 0 0
A8102  ep = 2450400.5
3.81178 0.0741432 9.24802 245.186 14.1658 66.3852 0 0 0
A8103  ep = 2450400.5
3.40361 0.0297665 3.85422 276.867 278.267 87.2857 0 0 0
A8104  ep = 2450400.5
3.28511 0.0934458 6.44359 176.778 132.035 136.706 0 0 0
A8105  ep = 2450400.5
3.38327 0.0719146 9.69383 106.811 103.504 335.272 0 0 0
A8106  ep = 2450400.5
2.07721 0.0359471 6.6309 243.127 166.675 69.0862 0 0 0
A8107  ep = 2450400.5
2.94885 0.098959 3.03974 30.4999 117.469 79.9254 0 0 0
A8108  ep = 2450400.5
2.64724 0.00027426 9.0949 100.621 330.936 88.2998 0 0 0
A8109  ep = 2450400.5
2.60708 0.0117775 1.45124 20.0828 203.991 40.9457 0 0 0
A8110  ep = 2450400.5
3.37951 0.0205919 9.88138 48.0841 255.313 27.2972 0 0 0
A8111  ep = 2450400.5
3.58699 0.0312179 0.787824 50.2463 107.56 199.834 0 0 0
A8112  ep = 2450400.5
2.46332 0.0497514 8.70957 72.1613 76.1798 28.0745 0 0 0
A8113  ep = 2450400.5
2.68259 0.00807079 8.45699 46.7613 201.53 223.805 0 0 0
A8114  ep = 2450400.5
3.33829 0.0936066 5.4625 314.987 59.1062 79.4579 0 0 0
A8115  ep = 2450400.5
2.87325 0.0185924 5.83201 239.244 14.6582 263.238 0 0 0
A8116  ep = 2450400.5
1.82673 0.0481096 6.7838 181.926 231.407 46.3193 0 0 0
A8117  ep = 2450400.5
1.59109 0.0953791 8.36929 124.24 117.418 37.9695 0 0 0
A8118  ep = 2450400.5
2.89496 0.0400848 1.05787 203.726 170.075 320.221 0 0 0
A8119  ep = 2450400.5
3.18701 0.0806915 5.82627 101.344 220.816 256.949 0 0 0
A8120  ep = 2450400.5
2.19694 0.072187 5.46338 157.164 355.773 312.88 0 0 0
A8121  ep = 2450400.5
3.89239 0.0630117 4.37902 323.516 276.952 179.599 0 0 0
A8122  ep = 2450400.5
1.57908 0.0870237 5.07879 148.402 329.309 36.0443 0 0 0
A8123  ep = 2450400.5
3.511 0.0929706 6.56565 97.6688 146.688 6.26213 0 0 0
A8124  ep = 2450400.5
2.68613 0.0956251 7.71049 268.966 325.198 168.605 0 0 0
A8125  ep = 2450400.5
2.27427 0.03721 2.88148 52.8171 348.327 117.738 0 0 0
A8126  ep = 2450400.5
4.07501 0.0933903 2.10402 124.189 318.383 275.201 0 0 0
A8127  ep = 2450400.5
1.73455 0.00489822 7.24389 310.322 359.897 251.672 0 0 0
A8128  ep = 2450400.5
3.608 0.0690234 4.75678 79.1926 37.5063 275.364 0 0 0
A8129  ep = 2450400.5
2.71868 0.0616948 1.03892 333.072 116.028 29.4715 0 0 0
A8130  ep = 2450400.5
2.34547 0.02075 2.45885 277.13 104.181 255.545 0 0 0
A8131  ep = 2450400.5
3.10001 0.0415102 4.61273 336.262 247.09 140.013 0 0 0
A8132  ep = 2450400.5
2.2156 0.0710146 8.42333 72.1508 208.649 320.298 0 0 0
A8133  ep = 2450400.5
3.123 0.0654335 1.40797 310.127 234.054 165.738 0 0 0
A8134  ep = 2450400.5
2.53146 0.0378038 8.68031 281.222 335.49 182.524 0 0 0
A8135  ep = 2450400.5
1.80391 0.0562816 2.25355 145.891 344.505 188.488 0 0 0
A8136  ep = 2450400.5
1.79468 0.0734851 4.63657 198.181 338.032 336.544 0 0 0
A8137  ep = 2450400.5
3.94014 0.0464041 5.14401 37.2073 174.465 92.178 0 0 0
A8138  ep = 2450400.5
2.68699 0.052532 8.04774 86.5794 327.869 124.368 0 0 0
A8139  ep = 2450400.5
3.23282 0.0632447 1.53854 169.192 246.471 8.98304 0 0 0
A8140  ep = 2450400.5
1.92105 0.0937531 7.076 194.167 41.7657 325.188 0 0 0
A8141  ep = 2450400.5
3.76582 0.0814339 8.60204 252.218 285.218 187.03 0 0 0
A8142  ep = 2450400.5
2.39871 0.042578 3.08618 289.149 83.3072 194.024 0 0 0
A8143  ep = 2450400.5
1.63361 0.0454676 7.74503 318.266 126.028 272.636 0 0 0
A8144  ep = 2450400.5
3.99911 0.0661326 6.90429 148.645 281.591 218.821 0 0 0
A8145  ep = 2450400.5
2.59813 0.028014 7.30537 216.1 140.869 291.455 0 0 0
A8146  ep = 2450400.5
3.99811 0.052039 3.19039 175.08 346.364 193.509 0 0 0
A8147  ep = 2450400.5
3.06404 0.0554319 4.4367 181.32 293.181 174.757 0 0 0
A8148  ep = 2450400.5
1.61425 0.00809813 5.05303 130.742 145.623 33.803 0 0 0
A8149  ep = 2450400.5
1.83191 0.0914574 2.24642 319.493 205.074 312.225 0 0 0
A8150  ep = 2450400.5
2.10159 0.0835354 2.80228 18.1846 39.718 321.696 0 0 0
A8151  ep = 2450400.5
4.05606 0.0800888 7.52125 41.6952 119.598 260.426 0 0 0
A8152  ep = 2450400.5
2.04482 0.0286708 0.700687 139.553 314.57 171.065 0 0 0
A8153  ep = 2450400.5
2.69204 0.0687869 6.01938 291.131 180.52 211.3 0 0 0
A8154  ep = 2450400.5
2.52326 0.0170261 0.571609 230.568 84.9087 105.503 0 0 0
A8155  ep = 2450400.5
2.82274 0.0871947 8.81343 129.432 97.7453 50.1054 0 0 0
A8156  ep = 2450400.5
3.20125 0.0260945 7.70228 272.607 174.688 257.434 0 0 0
A8157  ep = 2450400.5
1.72651 0.020304 1.49264 30.0989 70.6271 22.6908 0 0 0
A8158  ep = 2450400.5
3.99632 0.0570512 5.5921 3.42359 350.74 224.627 0 0 0
A8159  ep = 2450400.5
2.53344 0.0752826 1.74167 26.3086 141.739 202.294 0 0 0
A8160  ep = 2450400.5
2.25417 0.0297889 4.62415 3.17246 101.581 135.442 0 0 0
A8161  ep = 2450400.5
3.96732 0.0967675 2.71293 317.99 174.969 313.883 0 0 0
A8162  ep = 2450400.5
1.95487 0.0700827 2.79781 168.172 150.532 0.0817058 0 0 0
A8163  ep = 2450400.5
2.30863 0.0371988 5.00472 158.416 289.276 92.4858 0 0 0
A8164  ep = 2450400.5
2.64628 0.0687788 4.64505 275.325 266.527 165.172 0 0 0
A8165  ep = 2450400.5
1.68123 0.0791445 8.82186 32.6399 48.155 260.092 0 0 0
A8166  ep = 2450400.5
1.70636 0.0699575 1.75162 342.187 11.9089 83.6165 0 0 0
A8167  ep = 2450400.5
2.53043 0.0362331 6.70077 194.24 334.358 291.001 0 0 0
A8168  ep = 2450400.5
3.64536 0.00896159 2.17363 329.786 288.245 121.493 0 0 0
A8169  ep = 2450400.5
2.2266 0.0641874 8.97368 228.99 20.5608 263.903 0 0 0
A8170  ep = 2450400.5
3.32967 0.0953737 6.45222 306.675 292.352 300.423 0 0 0
A8171  ep = 2450400.5
1.98001 0.0777914 7.40564 32.6696 192.395 169.171 0 0 0
A8172  ep = 2450400.5
2.8408 0.0440534 8.0467 182.646 109.393 243.533 0 0 0
A8173  ep = 2450400.5
2.20341 0.0235846 1.86181 229.59 170.598 268.653 0 0 0
A8174  ep = 2450400.5
3.26106 0.0569884 1.04066 179.884 176.278 117.546 0 0 0
A8175  ep = 2450400.5
2.85896 0.0867589 9.56504 190.968 235.805 240.121 0 0 0
A8176  ep = 2450400.5
3.25741 0.0934437 1.07432 242.052 73.4781 160 0 0 0
A8177  ep = 2450400.5
3.14095 0.0940624 9.07114 226.596 91.6599 292.048 0 0 0
A8178  ep = 2450400.5
1.57434 0.0397153 7.94772 329.577 292.418 128.629 0 0 0
A8179  ep = 2450400.5
2.43803 0.0101433 3.78396 68.695 206.255 273.059 0 0 0
A8180  ep = 2450400.5
2.92208 0.0813436 8.41294 13.3887 26.4076 216.768 0 0 0
A8181  ep = 2450400.5
1.78542 0.0317373 3.08734 248.014 23.8896 100.7 0 0 0
A8182  ep = 2450400.5
3.22695 0.0632535 4.01277 188.056 187.77 293.683 0 0 0
A8183  ep = 2450400.5
3.62643 0.0456863 4.49918 240.446 216.332 124.28 0 0 0
A8184  ep = 2450400.5
3.81662 0.0957993 7.98299 263.461 13.9973 158.713 0 0 0
A8185  ep = 2450400.5
2.17129 0.0701075 8.97384 315.838 152.139 286.383 0 0 0
A8186  ep = 2450400.5
1.68134 0.0328006 5.78961 351.576 252.354 37.1225 0 0 0
A8187  ep = 2450400.5
2.66158 0.0305512 0.747032 186.286 329.614 245.188 0 0 0
A8188  ep = 2450400.5
3.77207 0.0245939 5.49941 22.4442 323.326 181.967 0 0 0
A8189  ep = 2450400.5
3.07957 0.0796428 4.56268 146.134 66.0249 81.4877 0 0 0
A8190  ep = 2450400.5
1.93442 0.0740146 6.63043 241.457 257.206 197.193 0 0 0
A8191  ep = 2450400.5
3.19482 0.080133 0.96095 3.58084 260.937 204.756 0 0 0
A8192  ep = 2450400.5
3.06056 0.0120759 7.59341 215.396 260.914 110.522 0 0 0
A8193  ep = 2450400.5
1.7076 0.00639198 1.30018 235.793 85.7928 349.008 0 0 0
A8194  ep = 2450400.5
3.76432 0.0193256 2.05756 78.8379 164.657 295.91 0 0 0
A8195  ep = 2450400.5
1.97314 0.0547442 6.86371 70.5648 215.725 162.935 0 0 0
A8196  ep = 2450400.5
2.54691 0.0148307 9.59576 349.71 87.0215 85.051 0 0 0
A8197  ep = 2450400.5
4.07972 0.00211752 7.89089 40.787 238.146 185.276 0 0 0
A8198  ep = 2450400.5
3.29013 0.0343102 2.50949 241.985 232.587 178.388 0 0 0
A8199  ep = 2450400.5
3.36876 0.00703106 7.71064 300.466 247.593 153.554 0 0 0
A8200  ep = 2450400.5
3.51489 0.0817591 4.24569 104.533 65.808 327.164 0 0 0
A8201  ep = 2450400.5
3.8628 0.0827474 0.34826 227.819 79.6983 59.3186 0 0 0
A8202  ep = 2450400.5
2.13294 0.0796304 9.48123 114.877 289.447 218.784 0 0 0
A8203  ep = 2450400.5
2.3381 0.0828629 4.76861 329.866 164.321 314.829 0 0 0
A8204  ep = 2450400.5
3.85139 0.0374196 4.11164 239.507 162.063 147.666 0 0 0
A8205  ep = 2450400.5
2.63708 0.0199226 2.38803 86.0012 329.633 186.343 0 0 0
A8206  ep = 2450400.5
1.70987 0.0962606 1.52036 112.487 268.441 324.946 0 0 0
A8207  ep = 2450400.5
2.94917 0.0920421 2.51271 188.775 188.823 71.8295 0 0 0
A8208  ep = 2450400.5
3.19681 0.0685893 0.809027 219.552 186.287 18.5521 0 0 0
A8209  ep = 2450400.5
3.87565 0.046829 9.55437 256.006 118.487 228.687 0 0 0
A8210  ep = 2450400.5
2.53474 0.0430686 3.53608 37.3238 273.885 177.645 0 0 0
A8211  ep = 2450400.5
3.63178 0.0274574 8.77197 239.313 170.182 200.471 0 0 0
A8212  ep = 2450400.5
2.55251 0.0119763 8.85359 322.928 56.6028 149.839 0 0 0
A8213  ep = 2450400.5
3.85388 0.0154313 5.54052 159.579 5.36544 297.969 0 0 0
A8214  ep = 2450400.5
1.72556 0.0763749 7.32194 104.044 202.301 169.591 0 0 0
A8215  ep = 2450400.5
2.52744 0.0740585 5.00568 92.9328 59.2076 294.11 0 0 0
A8216  ep = 2450400.5
2.27652 0.0435572 2.65392 356.92 172.682 319.211 0 0 0
A8217  ep = 2450400.5
2.507 0.0325494 2.57818 75.3381 194.652 109.549 0 0 0
A8218  ep = 2450400.5
3.64826 0.0452596 8.77728 225.022 85.9772 1.11339 0 0 0
A8219  ep = 2450400.5
3.41562 0.0389226 7.71888 169.529 6.90947 124.787 0 0 0
A8220  ep = 2450400.5
4.00768 0.0984899 8.20286 230.255 337.288 197.31 0 0 0
A8221  ep = 2450400.5
2.35738 0.0239116 0.819937 114.638 75.8401 178.134 0 0 0
A8222  ep = 2450400.5
3.696 0.0578554 3.75884 130.416 181.81 339.281 0 0 0
A8223  ep = 2450400.5
3.36859 0.0343609 9.03069 149.703 111.433 351.673 0 0 0
A8224  ep = 2450400.5
1.84574 0.000624281 1.92296 129.1 321.193 212.073 0 0 0
A8225  ep = 2450400.5
1.89813 0.0858033 7.96609 45.4337 261.36 200.494 0 0 0
A8226  ep = 2450400.5
2.82118 0.0287107 9.40173 139.652 238.805 14.2765 0 0 0
A8227  ep = 2450400.5
3.10557 0.0152143 4.06956 137.222 269.711 249.587 0 0 0
A8228  ep = 2450400.5
1.6814 0.0247625 6.83394 278.663 353.103 136.966 0 0 0
A8229  ep = 2450400.5
3.03218 0.00332576 6.9602 13.7614 162.897 236.947 0 0 0
A8230  ep = 2450400.5
2.86057 0.0411325 0.144236 210.253 270.352 236.357 0 0 0
A8231  ep = 2450400.5
1.78242 0.0384094 0.475482 192.166 29.3222 272.311 0 0 0
A8232  ep = 2450400.5
2.25204 0.0582585 1.50538 9.65027 77.2425 85.4172 0 0 0
A8233  ep = 2450400.5
2.74888 0.0215324 2.94931 238.635 99.4968 204.931 0 0 0
A8234  ep = 2450400.5
4.08754 0.0794411 7.66728 338.666 235.143 24.8774 0 0 0
A8235  ep = 2450400.5
3.50656 0.0772197 9.31806 326.308 155.456 198.941 0 0 0
A8236  ep = 2450400.5
2.61098 0.0065596 2.47194 60.9329 177.077 13.5735 0 0 0
A8237  ep = 2450400.5
2.71028 0.0353878 9.63338 103.434 267.825 268.262 0 0 0
A8238  ep = 2450400.5
2.88875 0.0594687 2.90189 181.972 212.926 326.93 0 0 0
A8239  ep = 2450400.5
3.80234 0.0869269 2.80003 193.399 144.848 109.807 0 0 0
A8240  ep = 2450400.5
2.91834 0.0791845 7.53442 123.991 302.623 206.553 0 0 0
A8241  ep = 2450400.5
2.68569 0.0212455 5.73224 332.097 141.528 221.201 0 0 0
A8242  ep = 2450400.5
3.18424 0.0787312 8.35026 145.148 82.7661 259.522 0 0 0
A8243  ep = 2450400.5
3.4808 0.0891516 8.71331 36.7428 301.135 255.343 0 0 0
A8244  ep = 2450400.5
4.06449 0.0260175 8.75731 82.0472 220.555 280.745 0 0 0
A8245  ep = 2450400.5
2.56463 0.0480332 7.94433 139.171 75.443 254.745 0 0 0
A8246  ep = 2450400.5
1.73614 0.0103592 6.06292 220.787 83.5306 45.2953 0 0 0
A8247  ep = 2450400.5
1.98173 0.0563137 7.63614 153.452 301.173 105.423 0 0 0
A8248  ep = 2450400.5
2.89779 0.0288644 5.24646 312.15 227.34 78.972 0 0 0
A8249  ep = 2450400.5
2.87306 0.016329 0.42296 286.061 156.023 225.329 0 0 0
A8250  ep = 2450400.5
3.36506 0.000311048 8.27778 256.359 309.25 87.8288 0 0 0
A8251  ep = 2450400.5
1.84347 0.00600049 7.50167 337.258 281.322 180.559 0 0 0
A8252  ep = 2450400.5
3.96027 0.0313209 8.10334 319.286 97.6969 243.072 0 0 0
A8253  ep = 2450400.5
3.73687 0.0692301 4.50381 12.6102 191.988 3.18172 0 0 0
A8254  ep = 2450400.5
2.46423 0.074696 6.16323 154.22 273.635 54.4091 0 0 0
A8255  ep = 2450400.5
2.56374 0.0190272 5.90198 13.4176 324.571 241.699 0 0 0
A8256  ep = 2450400.5
3.07473 0.0336465 7.96493 187.18 106.747 273.606 0 0 0
A8257  ep = 2450400.5
2.91562 0.029409 7.77055 65.8487 110.498 311.909 0 0 0
A8258  ep = 2450400.5
3.07519 0.00383985 5.36308 205.85 121.215 94.0989 0 0 0
A8259  ep = 2450400.5
3.04478 0.0290992 1.71053 325.207 237.497 31.097 0 0 0
A8260  ep = 2450400.5
3.9237 0.0372795 4.56169 297.801 358.742 311.97 0 0 0
A8261  ep = 2450400.5
2.4285 0.0505951 4.51483 358.723 273.207 52.1005 0 0 0
A8262  ep = 2450400.5
2.15893 0.0907141 8.31243 184.302 177.25 354.09 0 0 0
A8263  ep = 2450400.5
3.24368 0.0253445 5.65811 301.29 95.7651 256.926 0 0 0
A8264  ep = 2450400.5
2.31484 0.00844349 8.09725 30.0808 350.642 153.917 0 0 0
A8265  ep = 2450400.5
2.01162 0.0153828 8.38013 192.777 125.155 161.536 0 0 0
A8266  ep = 2450400.5
1.62842 0.0201094 9.77853 219.431 240.033 29.8537 0 0 0
A8267  ep = 2450400.5
1.53007 0.0255633 1.42868 344.486 173.347 48.3167 0 0 0
A8268  ep = 2450400.5
2.21059 0.0230974 8.98568 242.353 40.2513 325.967 0 0 0
A8269  ep = 2450400.5
2.19834 0.0281747 5.32195 91.3826 314.644 133.141 0 0 0
A8270  ep = 2450400.5
3.5989 0.0994194 2.41807 148.87 203.55 99.1653 0 0 0
A8271  ep = 2450400.5
2.10513 0.0564869 9.75656 25.535 94.3046 45.4542 0 0 0
A8272  ep = 2450400.5
4.07829 0.0270087 2.35839 228.37 244.587 246.453 0 0 0
A8273  ep = 2450400.5
1.96217 0.0646802 3.80467 112.854 319.174 261.268 0 0 0
A8274  ep = 2450400.5
2.97753 0.019234 4.66429 57.7767 313.014 310.347 0 0 0
A8275  ep = 2450400.5
3.80686 0.00625329 2.99 264.812 197.329 55.5706 0 0 0
A8276  ep = 2450400.5
3.48043 0.0469627 7.02433 63.7107 66.1261 132.509 0 0 0
A8277  ep = 2450400.5
1.91509 0.013828 9.06644 319.858 76.8627 114.585 0 0 0
A8278  ep = 2450400.5
2.13557 0.0714101 9.90162 235.053 102.216 178.949 0 0 0
A8279  ep = 2450400.5
3.25426 0.0757829 9.82944 87.5428 202.713 216.224 0 0 0
A8280  ep = 2450400.5
1.98854 0.0318553 9.91942 311.946 331.331 341.133 0 0 0
A8281  ep = 2450400.5
3.20365 0.0559325 4.57294 356.017 158.583 294.035 0 0 0
A8282  ep = 2450400.5
3.44792 0.0173733 6.92616 84.1691 212.215 255.03 0 0 0
A8283  ep = 2450400.5
1.54739 0.068999 6.65486 344.109 317.206 93.5753 0 0 0
A8284  ep = 2450400.5
2.78017 0.0642542 4.2113 67.7367 32.4557 296.715 0 0 0
A8285  ep = 2450400.5
1.62203 0.0931236 8.28013 87.6275 307.379 282.994 0 0 0
A8286  ep = 2450400.5
4.05209 0.064924 0.784131 311.747 142.919 240.454 0 0 0
A8287  ep = 2450400.5
3.93027 0.0101627 5.05014 305.464 33.0064 156.189 0 0 0
A8288  ep = 2450400.5
2.23378 0.0844076 4.38148 91.3918 93.1703 269.092 0 0 0
A8289  ep = 2450400.5
4.03908 0.0641465 9.09849 185.916 48.7223 57.9012 0 0 0
A8290  ep = 2450400.5
1.89182 0.0184737 9.86835 326.32 104.801 339.843 0 0 0
A8291  ep = 2450400.5
2.48067 0.0673923 4.62805 296.518 148.55 326.712 0 0 0
A8292  ep = 2450400.5
2.33417 0.000387312 2.09547 23.2651 159.523 348.478 0 0 0
A8293  ep = 2450400.5
2.28721 0.0271928 8.30094 197.974 47.5216 186.317 0 0 0
A8294  ep = 2450400.5
2.30266 0.0130286 4.72301 213.034 263.84 218.931 0 0 0
A8295  ep = 2450400.5
2.54316 0.0964417 1.95686 211.405 129.178 287.954 0 0 0
A8296  ep = 2450400.5
3.79082 0.0256466 8.42718 228.344 171.877 351.823 0 0 0
A8297  ep = 2450400.5
2.15227 0.0298456 8.14663 151.769 153.069 70.4735 0 0 0
A8298  ep = 2450400.5
3.13163 0.0848394 8.96232 87.4996 200.729 150.405 0 0 0
A8299  ep = 2450400.5
2.10842 0.0421865 5.28075 234.658 349.87 33.9872 0 0 0
A8300  ep = 2450400.5
2.04886 0.0653533 7.93291 319.908 80.5298 159.623 0 0 0
A8301  ep = 2450400.5
2.26542 0.0292617 8.02229 340.656 309.653 244.165 0 0 0
A8302  ep = 2450400.5
2.95854 0.0450777 9.20152 168.863 8.17928 266.994 0 0 0
A8303  ep = 2450400.5
2.03056 0.00459674 1.5743 69.5218 339.323 162.806 0 0 0
A8304  ep = 2450400.5
2.47239 0.00438835 7.54936 16.3148 242.809 154.481 0 0 0
A8305  ep = 2450400.5
1.89627 0.0567106 5.35622 109.781 200.584 322.517 0 0 0
A8306  ep = 2450400.5
2.89151 0.0688822 9.03674 210.672 155.087 294.294 0 0 0
A8307  ep = 2450400.5
2.04061 0.0656525 2.20912 255.473 184.157 139.932 0 0 0
A8308  ep = 2450400.5
3.09099 0.0846811 3.34505 12.2002 349.739 63.9357 0 0 0
A8309  ep = 2450400.5
3.37317 0.0210878 6.22359 157.844 265.814 295.664 0 0 0
A8310  ep = 2450400.5
2.00453 0.0500174 6.41942 274.042 120.7 329.747 0 0 0
A8311  ep = 2450400.5
4.02284 0.0287203 9.01307 124.21 30.1201 139.104 0 0 0
A8312  ep = 2450400.5
1.72539 0.0860869 8.62874 290.135 324.565 109.536 0 0 0
A8313  ep = 2450400.5
1.56231 0.0134282 0.879029 307.58 270.387 271.41 0 0 0
A8314  ep = 2450400.5
2.43031 0.00424581 3.59327 349.226 244.065 302.451 0 0 0
A8315  ep = 2450400.5
3.28001 0.0417022 0.889807 115.417 322.896 140.784 0 0 0
A8316  ep = 2450400.5
2.41195 0.0502013 9.33769 179.513 4.52293 246.727 0 0 0
A8317  ep = 2450400.5
3.13581 0.021538 1.89575 152.231 354.506 248.989 0 0 0
A8318  ep = 2450400.5
2.31714 0.0741562 6.43637 324.257 142.811 227.672 0 0 0
A8319  ep = 2450400.5
3.46406 0.0663871 1.67833 255.327 31.7987 40.2437 0 0 0
A8320  ep = 2450400.5
2.51288 0.0563399 3.04045 78.6136 137.534 201.922 0 0 0
A8321  ep = 2450400.5
3.36126 0.0510094 2.14937 151.162 214.277 317.092 0 0 0
A8322  ep = 2450400.5
3.44437 0.0514245 2.90888 220.108 292.575 126.292 0 0 0
A8323  ep = 2450400.5
3.95238 0.063073 6.68317 263.95 317.1 268.259 0 0 0
A8324  ep = 2450400.5
2.15122 0.0404448 5.55775 357.835 350.405 22.4301 0 0 0
A8325  ep = 2450400.5
2.37978 0.0343456 9.46945 144.817 127.092 215.946 0 0 0
A8326  ep = 2450400.5
2.4314 0.0145826 3.89982 20.4161 355.034 36.0716 0 0 0
A8327  ep = 2450400.5
2.46934 0.0591137 8.24269 264.72 216.854 96.1125 0 0 0
A8328  ep = 2450400.5
1.83548 0.0415299 4.92846 90.7679 251.791 42.9818 0 0 0
A8329  ep = 2450400.5
2.5838 0.050128 6.00569 342.962 287.72 253.572 0 0 0
A8330  ep = 2450400.5
3.08059 0.0670611 4.96483 202.476 28.241 0.887256 0 0 0
A8331  ep = 2450400.5
2.00495 0.0547512 2.04072 51.0492 352.59 37.9746 0 0 0
A8332  ep = 2450400.5
2.42532 0.0243601 4.20784 35.4398 355.426 123.799 0 0 0
A8333  ep = 2450400.5
3.96933 0.0898581 3.45302 3.03417 271.937 282.452 0 0 0
A8334  ep = 2450400.5
3.63044 0.0520829 7.58082 316.431 213.933 238.694 0 0 0
A8335  ep = 2450400.5
2.21486 0.0692315 7.73662 339.846 112.682 320.571 0 0 0
A8336  ep = 2450400.5
3.81512 0.0399757 2.72264 166.602 107.097 59.3993 0 0 0
A8337  ep = 2450400.5
3.85294 0.0931374 8.6012 113.498 115.159 352.016 0 0 0
A8338  ep = 2450400.5
2.04194 0.000469647 7.93354 332.97 332.856 101.617 0 0 0
A8339  ep = 2450400.5
2.02487 0.0174257 6.73447 107.269 347.627 210.146 0 0 0
A8340  ep = 2450400.5
3.23913 0.0445043 3.84414 47.7635 359.622 104.949 0 0 0
A8341  ep = 2450400.5
2.42014 0.00661373 1.56904 295.869 152.599 298.636 0 0 0
A8342  ep = 2450400.5
3.75635 0.0129682 9.56411 151.88 342.319 138.372 0 0 0
A8343  ep = 2450400.5
3.03301 0.0845262 5.32634 351.596 349.788 96.4384 0 0 0
A8344  ep = 2450400.5
2.22705 0.0238777 6.13057 257.105 191.23 56.0976 0 0 0
A8345  ep = 2450400.5
3.12682 0.0390864 5.25516 175.784 280.092 36.4709 0 0 0
A8346  ep = 2450400.5
3.95011 0.079673 1.64739 26.3562 354.571 337.904 0 0 0
A8347  ep = 2450400.5
4.01633 0.020487 6.2532 13.6115 254.125 3.62724 0 0 0
A8348  ep = 2450400.5
1.92811 0.0164824 5.19605 353.748 252.607 15.3783 0 0 0
A8349  ep = 2450400.5
2.47279 0.0146011 6.00739 214.088 136.724 284.795 0 0 0
A8350  ep = 2450400.5
3.61743 0.0460034 7.78505 276.06 321.731 96.7851 0 0 0
A8351  ep = 2450400.5
2.68004 0.0628721 2.92061 121.37 290.876 164.137 0 0 0
A8352  ep = 2450400.5
2.42126 0.0617261 6.29947 84.4787 315.256 34.8396 0 0 0
A8353  ep = 2450400.5
2.30924 0.0200969 8.681 9.15939 285.152 32.5202 0 0 0
A8354  ep = 2450400.5
2.63085 0.0502998 4.8834 148.458 201.141 230.609 0 0 0
A8355  ep = 2450400.5
3.6295 0.0806895 1.48969 250.026 75.0957 162.702 0 0 0
A8356  ep = 2450400.5
1.69641 0.0448023 7.92347 341.321 114.957 342.804 0 0 0
A8357  ep = 2450400.5
3.20828 0.0596077 7.26054 266.417 31.8174 6.71491 0 0 0
A8358  ep = 2450400.5
3.41112 0.0554339 4.77245 351.032 30.3631 162.924 0 0 0
A8359  ep = 2450400.5
2.75076 0.0936604 4.49598 185.851 261.231 297.048 0 0 0
A8360  ep = 2450400.5
3.77716 0.030316 8.20658 323.276 110.182 305.955 0 0 0
A8361  ep = 2450400.5
3.80633 0.0124657 6.1047 355.971 348.36 35.4808 0 0 0
A8362  ep = 2450400.5
1.80123 0.0163835 5.58295 269.286 138.33 295.395 0 0 0
A8363  ep = 2450400.5
2.55775 0.0218107 9.71907 46.5922 278.886 157.794 0 0 0
A8364  ep = 2450400.5
2.06511 0.0529324 6.35345 284.832 330.122 197.622 0 0 0
A8365  ep = 2450400.5
2.37059 0.0559447 1.61765 98.9527 259.286 32.8175 0 0 0
A8366  ep = 2450400.5
2.15949 0.032239 1.40951 177.628 225.243 250.617 0 0 0
A8367  ep = 2450400.5
3.17856 0.0508703 7.7691 219.735 126.882 126.37 0 0 0
A8368  ep = 2450400.5
2.06117 0.0529512 4.50204 206.387 219.578 121.954 0 0 0
A8369  ep = 2450400.5
2.74623 0.0111294 4.52019 312.852 155.844 335.102 0 0 0
A8370  ep = 2450400.5
1.94231 0.0506838 0.426566 153.655 197.28 147.149 0 0 0
A8371  ep = 2450400.5
1.96934 0.0337215 6.57725 61.2461 146.675 227.758 0 0 0
A8372  ep = 2450400.5
3.94237 0.00279981 1.5648 239.358 66.8352 311.66 0 0 0
A8373  ep = 2450400.5
2.62077 0.047826 2.10788 94.7184 220.628 266.49 0 0 0
A8374  ep = 2450400.5
2.63776 0.019784 0.0973126 294.21 10.1613 135.905 0 0 0
A8375  ep = 2450400.5
1.83614 0.000864376 1.27565 315.34 16.274 210.691 0 0 0
A8376  ep = 2450400.5
4.05295 0.0118052 6.10573 346.924 278.79 111.273 0 0 0
A8377  ep = 2450400.5
3.67076 0.0721831 7.807 235.057 167.651 193.342 0 0 0
A8378  ep = 2450400.5
2.07788 0.0848695 5.02272 56.0557 271.968 70.6543 0 0 0
A8379  ep = 2450400.5
1.6164 0.0345634 5.07685 326.397 32.0102 63.5035 0 0 0
A8380  ep = 2450400.5
2.10333 0.0214209 0.217577 17.0342 303.465 218.735 0 0 0
A8381  ep = 2450400.5
1.93662 0.0671287 9.32685 150.814 88.9384 115.426 0 0 0
A8382  ep = 2450400.5
2.90703 0.0507377 7.49097 356.672 208.901 120.659 0 0 0
A8383  ep = 2450400.5
3.91503 0.0841339 4.38638 224.25 203.082 318.705 0 0 0
A8384  ep = 2450400.5
2.81976 0.0942182 7.24483 222.697 163.468 314.123 0 0 0
A8385  ep = 2450400.5
2.16056 0.0826517 9.27488 165.656 64.5828 185.579 0 0 0
A8386  ep = 2450400.5
2.55517 0.0377671 4.5083 177.264 51.657 13.2933 0 0 0
A8387  ep = 2450400.5
3.43094 0.092147 4.15304 186.703 105.398 124.56 0 0 0
A8388  ep = 2450400.5
2.80301 0.0411974 1.05443 346.741 25.8642 190.964 0 0 0
A8389  ep = 2450400.5
2.78518 0.00403835 3.72507 225.283 141.813 59.3364 0 0 0
A8390  ep = 2450400.5
3.29135 0.0558997 6.05917 288.001 347.671 241.539 0 0 0
A8391  ep = 2450400.5
3.35812 0.0920075 8.70233 259.072 342.565 185.389 0 0 0
A8392  ep = 2450400.5
2.07286 0.0525042 4.38082 319.837 352.036 182.334 0 0 0
A8393  ep = 2450400.5
3.1798 0.0629932 7.25909 357.988 350.489 82.5453 0 0 0
A8394  ep = 2450400.5
3.14267 0.00680585 7.85856 311.437 71.505 5.20853 0 0 0
A8395  ep = 2450400.5
4.03399 0.0689852 3.35051 353.212 192.417 1.04082 0 0 0
A8396  ep = 2450400.5
3.32945 0.071949 9.46458 24.1289 344.828 208.478 0 0 0
A8397  ep = 2450400.5
3.18354 0.0164531 5.27288 302.976 156.909 106.009 0 0 0
A8398  ep = 2450400.5
1.748 0.0547668 4.65795 301.536 255.347 313.259 0 0 0
A8399  ep = 2450400.5
3.20864 0.04559 8.30889 302.806 147.272 64.8355 0 0 0
A8400  ep = 2450400.5
3.09841 0.0204951 6.61607 221.211 207.146 95.8826 0 0 0
A8401  ep = 2450400.5
3.61142 0.0235946 7.53951 286.925 291.246 63.3726 0 0 0
A8402  ep = 2450400.5
3.51067 0.06839 6.30633 226.091 77.0662 239.499 0 0 0
A8403  ep = 2450400.5
3.89145 0.0886781 9.13052 214.022 173.507 334.046 0 0 0
A8404  ep = 2450400.5
1.9934 0.0127626 1.0042 316.986 256.302 13.3917 0 0 0
A8405  ep = 2450400.5
2.26452 0.0249923 4.44749 187.068 153.313 342.564 0 0 0
A8406  ep = 2450400.5
3.37913 0.0969049 9.81058 207.998 307.074 93.7305 0 0 0
A8407  ep = 2450400.5
1.58627 0.0658538 2.04062 348.424 131.995 287.423 0 0 0
A8408  ep = 2450400.5
4.06369 0.0520296 5.62274 84.0676 256.488 172.332 0 0 0
A8409  ep = 2450400.5
3.44742 0.0702596 9.53925 251.782 86.2115 293.056 0 0 0
A8410  ep = 2450400.5
1.85978 0.0930618 0.89885 77.7035 12.8097 260.71 0 0 0
A8411  ep = 2450400.5
1.75525 0.0735448 9.66778 331.635 230.456 258.57 0 0 0
A8412  ep = 2450400.5
2.53304 0.0222895 9.20291 24.9095 295.539 190.384 0 0 0
A8413  ep = 2450400.5
1.63956 0.0751009 2.21566 121.288 216.275 52.2844 0 0 0
A8414  ep = 2450400.5
1.619 0.0217118 1.09661 350.426 93.4196 33.5451 0 0 0
A8415  ep = 2450400.5
2.74189 0.0164382 1.7627 203.414 129.875 77.2486 0 0 0
A8416  ep = 2450400.5
1.97386 0.0775849 4.68669 339.12 64.0152 131.196 0 0 0
A8417  ep = 2450400.5
4.06339 0.00997424 7.37125 19.9786 5.13358 332.084 0 0 0
A8418  ep = 2450400.5
2.49949 0.034732 9.41061 322.812 281.043 85.8453 0 0 0
A8419  ep = 2450400.5
3.8056 0.0484333 5.19288 6.23848 295.897 159.432 0 0 0
A8420  ep = 2450400.5
1.79039 0.00665423 2.37623 122.244 149.756 6.91401 0 0 0
A8421  ep = 2450400.5
3.03263 0.0737304 3.87191 84.8348 143.07 2.80699 0 0 0
A8422  ep = 2450400.5
3.18095 0.0750678 6.6428 223.695 151.438 103.554 0 0 0
A8423  ep = 2450400.5
2.78237 0.0577314 8.91647 285.905 32.5108 225.952 0 0 0
A8424  ep = 2450400.5
2.82739 0.0495054 7.3679 215.854 344.967 95.6638 0 0 0
A8425  ep = 2450400.5
3.09344 0.0182546 1.04595 157.262 24.7668 7.96961 0 0 0
A8426  ep = 2450400.5
2.3107 0.0380512 6.26728 189.711 130.694 92.4076 0 0 0
A8427  ep = 2450400.5
3.75702 0.078497 5.99097 358.646 275.363 183.325 0 0 0
A8428  ep = 2450400.5
3.52298 0.0307996 2.49514 6.68847 81.4949 129.72 0 0 0
A8429  ep = 2450400.5
1.88766 0.0301999 7.69493 61.0937 70.8291 293.669 0 0 0
A8430  ep = 2450400.5
2.51784 0.00250165 8.45272 66.3476 155.402 41.97 0 0 0
A8431  ep = 2450400.5
3.78908 0.0504107 6.52406 200.835 321.894 348.394 0 0 0
A8432  ep = 2450400.5
2.1851 0.0234513 7.4581 131.084 11.8331 165.064 0 0 0
A8433  ep = 2450400.5
3.00036 0.0898551 2.94496 133.159 57.8187 277.504 0 0 0
A8434  ep = 2450400.5
3.42496 0.00999671 6.14761 241.147 184.915 141.958 0 0 0
A8435  ep = 2450400.5
4.08417 0.0154919 5.72887 153.076 334.69 206.557 0 0 0
A8436  ep = 2450400.5
1.8409 0.0298028 1.95363 266.074 162.619 216.084 0 0 0
A8437  ep = 2450400.5
1.82533 0.0827031 3.91841 208.241 141.113 99.2178 0 0 0
A8438  ep = 2450400.5
2.2795 0.085157 7.33965 260.362 39.514 188.626 0 0 0
A8439  ep = 2450400.5
3.66254 0.045574 1.62737 278.021 150.832 17.0798 0 0 0
A8440  ep = 2450400.5
1.80877 0.00386472 9.54275 151.873 16.5581 238.276 0 0 0
A8441  ep = 2450400.5
2.29031 0.0575476 2.02403 178.443 191.885 290.313 0 0 0
A8442  ep = 2450400.5
2.9828 0.06293 5.65076 91.1984 327.809 300.45 0 0 0
A8443  ep = 2450400.5
3.3421 0.0556097 6.32426 223.081 133.625 209.055 0 0 0
A8444  ep = 2450400.5
1.74916 0.0552558 3.83835 359.686 193.553 167.852 0 0 0
A8445  ep = 2450400.5
1.84013 0.0778172 9.7415 13.3073 321.174 243.217 0 0 0
A8446  ep = 2450400.5
1.77805 0.0676243 5.61623 151.238 244.261 124.242 0 0 0
A8447  ep = 2450400.5
1.53454 0.046713 5.05504 279.146 31.7098 345.449 0 0 0
A8448  ep = 2450400.5
3.45614 0.0218732 3.22162 17.6207 109.684 203.034 0 0 0
A8449  ep = 2450400.5
3.80114 0.0841199 1.03744 91.6687 263.118 296.157 0 0 0
A8450  ep = 2450400.5
1.91018 0.00801624 1.28967 167.534 237.019 79.6584 0 0 0
A8451  ep = 2450400.5
2.99092 0.0214978 4.14116 82.2798 292.078 84.8979 0 0 0
A8452  ep = 2450400.5
2.56306 0.0931652 2.27274 108.804 332.857 265.853 0 0 0
A8453  ep = 2450400.5
2.1442 0.0886264 4.43801 137.859 237.92 72.0022 0 0 0
A8454  ep = 2450400.5
3.85433 0.087522 7.82224 312.78 261.188 229.247 0 0 0
A8455  ep = 2450400.5
3.59658 0.0401485 3.75957 65.8873 69.6677 269.559 0 0 0
A8456  ep = 2450400.5
2.29939 0.0712654 4.57928 150.903 169.564 223.372 0 0 0
A8457  ep = 2450400.5
3.6041 0.0861024 2.23506 281.308 1.6453 115.24 0 0 0
A8458  ep = 2450400.5
3.23961 0.0559769 6.04422 253.015 79.1054 197.143 0 0 0
A8459  ep = 2450400.5
3.81723 0.0994963 1.33859 348.674 282.851 162.934 0 0 0
A8460  ep = 2450400.5
2.9309 0.0115218 1.46541 194.209 231.037 219.402 0 0 0
A8461  ep = 2450400.5
3.15749 0.0133328 2.84069 53.2612 332.47 90.289 0 0 0
A8462  ep = 2450400.5
1.6011 0.0127973 4.85028 219.004 348.511 98.4027 0 0 0
A8463  ep = 2450400.5
1.82147 0.065226 7.52575 215.894 290.616 256.366 0 0 0
A8464  ep = 2450400.5
2.97839 0.0400143 0.196428 177.945 145.902 31.6238 0 0 0
A8465  ep = 2450400.5
3.72421 0.0709881 4.97544 241.778 49.8397 13.8551 0 0 0
A8466  ep = 2450400.5
2.37015 0.0663121 1.07027 230.31 246.697 288.684 0 0 0
A8467  ep = 2450400.5
2.02338 0.0454621 3.80871 109.912 114.354 345.359 0 0 0
A8468  ep = 2450400.5
2.015 0.0623281 0.48779 1.54137 160.849 188.833 0 0 0
A8469  ep = 2450400.5
3.85315 0.0786234 5.23136 198.466 39.5398 319.108 0 0 0
A8470  ep = 2450400.5
3.41841 0.0369681 6.22815 238.509 201.058 124.995 0 0 0
A8471  ep = 2450400.5
3.27744 0.0377146 9.69092 187.174 31.301 76.6996 0 0 0
A8472  ep = 2450400.5
2.27692 0.0684592 5.93331 228.447 79.5984 243.734 0 0 0
A8473  ep = 2450400.5
2.79168 0.0713799 4.81367 113.011 156.104 77.0557 0 0 0
A8474  ep = 2450400.5
3.94364 0.0523244 9.16829 211.075 213.499 316.603 0 0 0
A8475  ep = 2450400.5
1.70272 0.0634083 3.03457 332.124 218.164 74.7632 0 0 0
A8476  ep = 2450400.5
4.09464 0.0912284 1.76167 218.841 233.148 339.887 0 0 0
A8477  ep = 2450400.5
2.65784 0.0166676 6.32642 88.1232 78.4227 353.267 0 0 0
A8478  ep = 2450400.5
2.51835 0.0980489 5.07375 126.013 91.9854 296.301 0 0 0
A8479  ep = 2450400.5
4.03928 0.0456809 3.59307 132.484 114.672 168.643 0 0 0
A8480  ep = 2450400.5
3.11408 0.0479675 2.89144 70.7321 55.986 212.374 0 0 0
A8481  ep = 2450400.5
2.12354 0.0214499 8.07878 121.924 114.712 28.6042 0 0 0
A8482  ep = 2450400.5
2.29481 0.0965513 1.38056 174.136 283.025 264.52 0 0 0
A8483  ep = 2450400.5
2.21217 0.0855989 7.61551 322.959 135.736 244.769 0 0 0
A8484  ep = 2450400.5
3.34908 0.0192082 0.322144 45.3879 200.423 297.524 0 0 0
A8485  ep = 2450400.5
2.27492 0.0965661 1.8592 327.364 316.54 263.739 0 0 0
A8486  ep = 2450400.5
3.10108 0.0497939 5.85821 293.085 298.906 201.815 0 0 0
A8487  ep = 2450400.5
3.01417 0.0151708 2.76104 144.037 190.084 184.772 0 0 0
A8488  ep = 2450400.5
3.3521 0.0130665 5.08574 149.583 58.1457 337.545 0 0 0
A8489  ep = 2450400.5
2.78439 0.0144228 5.04715 186.02 303.471 118.594 0 0 0
A8490  ep = 2450400.5
3.18947 0.0594112 9.24297 324.908 143.707 255.77 0 0 0
A8491  ep = 2450400.5
2.90603 0.0329908 5.75862 65.5953 356.375 168.124 0 0 0
A8492  ep = 2450400.5
1.68861 0.066144 7.82033 110.429 262.601 69.1902 0 0 0
A8493  ep = 2450400.5
2.58561 0.0491746 8.78275 286.975 296.011 222.109 0 0 0
A8494  ep = 2450400.5
3.34393 0.0829108 5.82136 120.072 160.851 357.211 0 0 0
A8495  ep = 2450400.5
3.28875 0.0726469 6.75751 213.22 93.2782 180.919 0 0 0
A8496  ep = 2450400.5
2.56956 0.0844052 8.97641 180.772 201.204 97.1564 0 0 0
A8497  ep = 2450400.5
4.0157 0.0340938 6.14591 288.532 61.4997 172.459 0 0 0
A8498  ep = 2450400.5
3.27129 0.020269 9.61526 263.414 182.882 53.5483 0 0 0
A8499  ep = 2450400.5
4.09513 0.0631877 0.959749 182.771 124.256 162.513 0 0 0
A8500  ep = 2450400.5
3.89839 0.0142866 6.14523 161.946 6.34266 354.286 0 0 0
A8501  ep = 2450400.5
1.74922 0.0450409 8.02113 34.4069 2.2851 39.4256 0 0 0
A8502  ep = 2450400.5
2.81042 0.00573986 3.69828 59.341 276.436 128.641 0 0 0
A8503  ep = 2450400.5
2.30271 0.0509235 3.70993 96.7442 249.109 112.045 0 0 0
A8504  ep = 2450400.5
3.91661 0.0535832 9.72666 314.497 172.02 190.346 0 0 0
A8505  ep = 2450400.5
2.8289 0.0519288 2.67947 117.884 24.3593 132.677 0 0 0
A8506  ep = 2450400.5
1.79763 0.0717368 9.81151 357.55 122.482 231.447 0 0 0
A8507  ep = 2450400.5
2.54452 0.0454666 5.56667 40.7758 248.795 147.536 0 0 0
A8508  ep = 2450400.5
1.51332 0.0032482 7.92459 331.781 143.254 137.387 0 0 0
A8509  ep = 2450400.5
3.69988 0.0423638 2.0815 316.246 48.8596 275.466 0 0 0
A8510  ep = 2450400.5
2.42804 0.0320066 0.351822 62.3775 272.025 17.2833 0 0 0
A8511  ep = 2450400.5
3.85954 0.047329 1.58846 346.787 100.678 41.8917 0 0 0
A8512  ep = 2450400.5
2.51243 0.067082 0.467302 86.4808 169.301 27.388 0 0 0
A8513  ep = 2450400.5
3.09109 0.0164235 1.29438 30.8293 81.0798 248.082 0 0 0
A8514  ep = 2450400.5
4.07691 0.0973139 2.55419 91.5944 59.5197 199.304 0 0 0
A8515  ep = 2450400.5
4.02431 0.0287855 4.97274 356.634 34.7865 172.127 0 0 0
A8516  ep = 2450400.5
2.76209 0.016215 9.2592 193.291 337.707 312.223 0 0 0
A8517  ep = 2450400.5
3.67558 0.044714 1.07731 267.606 353.941 66.9423 0 0 0
A8518  ep = 2450400.5
1.7817 0.0733395 0.16311 34.803 145.71 73.6302 0 0 0
A8519  ep = 2450400.5
3.38522 0.0447515 7.39122 146.688 174.844 19.0923 0 0 0
A8520  ep = 2450400.5
2.02171 0.0315712 5.16763 76.1441 14.3746 305.206 0 0 0
A8521  ep = 2450400.5
2.16647 0.0184975 2.8829 298.337 308.354 91.5201 0 0 0
A8522  ep = 2450400.5
1.60994 0.0215078 8.81435 26.3861 143.853 288.519 0 0 0
A8523  ep = 2450400.5
2.66237 0.0457296 6.77951 81.9405 347.932 315.641 0 0 0
A8524  ep = 2450400.5
3.27932 0.0337667 8.16551 157.032 332.002 198.089 0 0 0
A8525  ep = 2450400.5
3.43436 0.0438282 5.21316 226.647 348.43 14.6363 0 0 0
A8526  ep = 2450400.5
3.59209 0.0515585 4.44202 282.059 48.7109 213.858 0 0 0
A8527  ep = 2450400.5
3.61332 0.0967094 7.94249 312.551 105.817 100.338 0 0 0
A8528  ep = 2450400.5
1.64253 0.0323786 6.8795 175.314 144.281 239.658 0 0 0
A8529  ep = 2450400.5
2.6311 0.0472412 8.82417 162.215 6.47271 327.211 0 0 0
A8530  ep = 2450400.5
3.05518 0.0266491 1.92029 19.0096 89.9214 323.614 0 0 0
A8531  ep = 2450400.5
2.86459 0.0791025 3.75983 74.2446 17.0316 338.947 0 0 0
A8532  ep = 2450400.5
1.9121 0.0208759 3.61975 195.023 277.574 288.543 0 0 0
A8533  ep = 2450400.5
2.15655 0.0974643 2.8247 161.33 23.9232 339.336 0 0 0
A8534  ep = 2450400.5
1.99579 0.0474923 5.03287 116.746 228.239 292.366 0 0 0
A8535  ep = 2450400.5
4.04692 0.00658703 9.08258 282.118 178.781 31.3097 0 0 0
A8536  ep = 2450400.5
2.56376 0.0137765 0.41754 264.684 249.387 352.72 0 0 0
A8537  ep = 2450400.5
2.12771 0.0824473 2.91435 85.8071 219.811 85.0602 0 0 0
A8538  ep = 2450400.5
2.67525 0.0346505 1.70456 180.901 41.8944 248.208 0 0 0
A8539  ep = 2450400.5
2.3203 0.0528289 0.957744 313.86 49.2525 290.366 0 0 0
A8540  ep = 2450400.5
3.9578 0.0768096 3.38434 260.548 205.028 160.56 0 0 0
A8541  ep = 2450400.5
1.70464 0.0403813 8.87731 181.897 38.8082 13.8655 0 0 0
A8542  ep = 2450400.5
4.02936 0.0233305 2.15633 69.0105 74.4311 337.342 0 0 0
A8543  ep = 2450400.5
1.8584 0.0455999 7.96807 133.378 182.394 33.2471 0 0 0
A8544  ep = 2450400.5
2.26188 0.0064346 6.46395 179.058 74.8904 263.733 0 0 0
A8545  ep = 2450400.5
1.57784 0.0217862 0.600738 139.004 27.3727 210.352 0 0 0
A8546  ep = 2450400.5
3.1448 0.0134124 0.225467 84.5729 175.524 336.744 0 0 0
A8547  ep = 2450400.5
2.51693 0.0917997 4.7809 343.257 150.964 30.3235 0 0 0
A8548  ep = 2450400.5
2.24479 0.0201739 7.62091 14.3534 259.65 165.865 0 0 0
A8549  ep = 2450400.5
3.67464 0.0994717 9.21039 98.5121 219.985 11.1222 0 0 0
A8550  ep = 2450400.5
1.82653 0.0776023 8.61804 243.826 211.386 48.6163 0 0 0
A8551  ep = 2450400.5
4.09787 0.0903299 5.7519 323.416 248.901 104.159 0 0 0
A8552  ep = 2450400.5
2.73202 0.0233733 3.35432 74.7814 61.787 164.746 0 0 0
A8553  ep = 2450400.5
1.55581 0.0151687 8.39963 193.694 31.9583 256.346 0 0 0
A8554  ep = 2450400.5
2.81291 0.0304105 7.08724 320.659 109.904 328.221 0 0 0
A8555  ep = 2450400.5
3.08793 0.0627137 0.29242 289.002 294.676 16.0398 0 0 0
A8556  ep = 2450400.5
4.06753 0.0420876 0.656472 180.436 258.269 201.777 0 0 0
A8557  ep = 2450400.5
3.70116 0.016392 0.00846127 52.7503 108.62 341.196 0 0 0
A8558  ep = 2450400.5
2.9637 0.00535048 5.25591 154.626 164.539 305.957 0 0 0
A8559  ep = 2450400.5
1.84393 0.0684699 3.73713 338.362 24.7913 28.5772 0 0 0
A8560  ep = 2450400.5
2.0273 0.0272618 7.8991 266.191 74.4048 287.334 0 0 0
A8561  ep = 2450400.5
1.74255 0.0897989 0.504937 42.6203 248.567 6.13452 0 0 0
A8562  ep = 2450400.5
3.32758 0.0797136 7.46912 195.89 166.077 231.544 0 0 0
A8563  ep = 2450400.5
2.18043 0.0271179 3.70383 151.804 193.294 64.6204 0 0 0
A8564  ep = 2450400.5
3.82812 0.0924417 6.67419 79.7332 100.241 283.146 0 0 0
A8565  ep = 2450400.5
1.83624 0.0421662 8.87101 216.065 219.037 329.871 0 0 0
A8566  ep = 2450400.5
2.26655 0.0769425 9.72442 85.7379 256.928 347.723 0 0 0
A8567  ep = 2450400.5
1.84043 0.0277933 9.21239 1.74236 282.941 44.0609 0 0 0
A8568  ep = 2450400.5
3.99712 0.00129753 9.07519 111.083 225.48 13.6192 0 0 0
A8569  ep = 2450400.5
2.48051 0.06966 5.75013 222.88 282.477 49.6673 0 0 0
A8570  ep = 2450400.5
3.71341 0.0284691 5.80719 186.451 240.683 64.933 0 0 0
A8571  ep = 2450400.5
4.01251 0.0294428 6.44461 273.418 38.0162 81.9269 0 0 0
A8572  ep = 2450400.5
2.21435 0.0360064 3.59692 263.388 186.147 116.23 0 0 0
A8573  ep = 2450400.5
2.70004 0.0849068 1.27975 162.399 60.7187 57.8841 0 0 0
A8574  ep = 2450400.5
2.50694 0.0586546 5.07799 172.108 75.7208 212.049 0 0 0
A8575  ep = 2450400.5
2.13538 0.0262287 8.26401 134.54 138.556 22.9005 0 0 0
A8576  ep = 2450400.5
3.53652 0.0855994 1.69938 45.026 105.869 127.899 0 0 0
A8577  ep = 2450400.5
2.95734 0.0816731 1.79688 113.655 237.917 287.805 0 0 0
A8578  ep = 2450400.5
2.8324 0.0534441 0.354968 109.213 116.538 319.185 0 0 0
A8579  ep = 2450400.5
1.95456 0.0852832 9.55298 9.05421 318.914 107.776 0 0 0
A8580  ep = 2450400.5
1.53576 0.0736331 0.519075 66.0275 182.967 260.293 0 0 0
A8581  ep = 2450400.5
2.35486 0.0614634 4.1523 87.8427 357.037 54.4394 0 0 0
A8582  ep = 2450400.5
2.47821 0.0252095 0.968593 202.588 332.407 46.3613 0 0 0
A8583  ep = 2450400.5
1.63242 0.0993061 3.37941 50.6949 285.985 261.021 0 0 0
A8584  ep = 2450400.5
2.33496 0.0138511 1.95372 10.4658 151.022 359.175 0 0 0
A8585  ep = 2450400.5
3.53992 0.0769906 9.81819 233.072 208.691 42.6656 0 0 0
A8586  ep = 2450400.5
2.08727 0.00874019 9.96423 260.044 204.871 279.263 0 0 0
A8587  ep = 2450400.5
3.96653 0.000182626 9.69403 345.112 26.4437 187.01 0 0 0
A8588  ep = 2450400.5
3.44315 0.0554854 8.42683 137.886 91.3087 197.767 0 0 0
A8589  ep = 2450400.5
2.74574 0.0122428 5.64565 317.686 328.31 5.66894 0 0 0
A8590  ep = 2450400.5
3.11816 0.0764317 6.86857 95.4386 74.9086 107.802 0 0 0
A8591  ep = 2450400.5
4.00047 0.0108715 8.17399 309.132 230.622 337.388 0 0 0
A8592  ep = 2450400.5
1.70522 0.05372 0.718779 158.678 153.823 7.89064 0 0 0
A8593  ep = 2450400.5
3.71849 0.0952639 3.00015 47.8745 209.224 153.319 0 0 0
A8594  ep = 2450400.5
1.98336 0.00446082 1.73058 164.373 6.31869 272.274 0 0 0
A8595  ep = 2450400.5
3.85608 0.092717 7.95457 78.445 315.228 157.356 0 0 0
A8596  ep = 2450400.5
3.42067 0.056479 7.42125 97.4218 16.1568 134.843 0 0 0
A8597  ep = 2450400.5
1.56342 0.0296132 7.09524 143.781 128.729 205.011 0 0 0
A8598  ep = 2450400.5
3.2695 0.0862302 6.70229 193.348 136.08 109.612 0 0 0
A8599  ep = 2450400.5
4.05903 0.0883545 4.74636 183.802 253.815 88.6763 0 0 0
A8600  ep = 2450400.5
3.99455 0.0701987 8.29957 229.025 354 144.95 0 0 0
A8601  ep = 2450400.5
3.61568 0.043424 0.270609 299.277 120.842 132.267 0 0 0
A8602  ep = 2450400.5
2.06913 0.0957411 9.20092 255.947 306.686 251.306 0 0 0
A8603  ep = 2450400.5
1.82345 0.0414687 0.640644 90.2827 68.5281 220.504 0 0 0
A8604  ep = 2450400.5
1.72964 0.0418422 0.425938 179.724 83.3504 188.4 0 0 0
A8605  ep = 2450400.5
1.98307 0.0930619 4.92159 163.737 313.499 126.375 0 0 0
A8606  ep = 2450400.5
1.8609 0.0178444 0.108137 168.075 135.235 251.031 0 0 0
A8607  ep = 2450400.5
3.53064 0.0487929 5.62934 234.922 165.681 56.3915 0 0 0
A8608  ep = 2450400.5
1.9651 0.0702247 6.66913 275.543 121.342 307.524 0 0 0
A8609  ep = 2450400.5
3.35856 0.0394136 6.25168 98.8313 19.0907 97.7526 0 0 0
A8610  ep = 2450400.5
1.79466 0.0728799 9.92817 258.634 279.991 110.342 0 0 0
A8611  ep = 2450400.5
1.65487 0.08079 5.36799 59.6862 146.256 240.886 0 0 0
A8612  ep = 2450400.5
2.92876 0.0110827 5.67439 21.3618 220.746 198.674 0 0 0
A8613  ep = 2450400.5
3.19369 0.0660362 7.70226 128.841 323.848 293.763 0 0 0
A8614  ep = 2450400.5
2.36821 0.00318512 1.32316 146.435 106.475 45.7853 0 0 0
A8615  ep = 2450400.5
1.93968 0.0323269 5.18204 94.853 358.452 293.835 0 0 0
A8616  ep = 2450400.5
3.25878 0.0621884 6.00227 221.734 31.8006 3.45528 0 0 0
A8617  ep = 2450400.5
2.53248 0.0187278 5.58522 11.0613 46.6764 202.651 0 0 0
A8618  ep = 2450400.5
3.81448 0.0858008 5.54594 207.518 18.2838 76.9509 0 0 0
A8619  ep = 2450400.5
2.34744 0.0872326 6.1887 214.216 251.076 60.1323 0 0 0
A8620  ep = 2450400.5
3.29363 0.00983364 1.73914 116.684 63.3546 325.56 0 0 0
A8621  ep = 2450400.5
2.18491 0.0767432 6.22884 215.123 2.99274 78.4339 0 0 0
A8622  ep = 2450400.5
2.94876 0.0897115 7.80481 91.7446 53.4545 183.079 0 0 0
A8623  ep = 2450400.5
2.79355 0.0281288 1.60886 198.447 84.2119 289.495 0 0 0
A8624  ep = 2450400.5
3.00854 0.0109276 1.59799 69.1906 286.767 194.41 0 0 0
A8625  ep = 2450400.5
3.60356 0.0427776 0.632542 151.132 133.836 66.5384 0 0 0
A8626  ep = 2450400.5
3.51768 0.00917137 5.43221 314.323 177.926 250.194 0 0 0
A8627  ep = 2450400.5
2.5817 0.0682269 9.8922 211.325 253.315 26.0882 0 0 0
A8628  ep = 2450400.5
1.52503 0.0649436 3.06674 294.287 236.482 108.377 0 0 0
A8629  ep = 2450400.5
2.7901 0.0116435 7.91504 93.6898 177.543 44.9854 0 0 0
A8630  ep = 2450400.5
3.92574 0.0464132 8.67051 321.247 265.051 139.995 0 0 0
A8631  ep = 2450400.5
2.68615 0.0849691 5.75505 294.165 273.954 286.362 0 0 0
A8632  ep = 2450400.5
2.92769 0.0218933 1.59906 280.831 256.787 95.9971 0 0 0
A8633  ep = 2450400.5
2.12719 0.00122339 5.61456 123.159 68.6477 62.2863 0 0 0
A8634  ep = 2450400.5
3.47725 0.0783863 1.39296 193.318 244.192 185.933 0 0 0
A8635  ep = 2450400.5
2.8683 0.018168 5.49657 357.855 254.817 48.0872 0 0 0
A8636  ep = 2450400.5
2.70632 0.0348417 0.843276 71.4665 317.441 11.3254 0 0 0
A8637  ep = 2450400.5
3.26129 0.0914904 8.79187 92.2002 103.628 193.159 0 0 0
A8638  ep = 2450400.5
4.06738 0.0753531 8.59927 69.087 90.3233 117.792 0 0 0
A8639  ep = 2450400.5
1.76737 0.0859816 5.93048 152.972 42.9799 106.629 0 0 0
A8640  ep = 2450400.5
2.10933 0.0383859 5.52284 193.498 278.024 179.851 0 0 0
A8641  ep = 2450400.5
2.71594 0.0309867 6.94141 109.317 296.927 165.518 0 0 0
A8642  ep = 2450400.5
2.05335 0.0814332 0.483737 335.488 296.909 293.904 0 0 0
A8643  ep = 2450400.5
2.40838 0.0556468 3.55711 86.359 6.65802 333.964 0 0 0
A8644  ep = 2450400.5
2.15555 0.0399274 7.60374 91.0193 244.618 39.3965 0 0 0
A8645  ep = 2450400.5
2.96425 0.0604413 1.36116 174.095 209.878 353.047 0 0 0
A8646  ep = 2450400.5
2.21019 0.0446291 0.805454 259.964 108.918 83.262 0 0 0
A8647  ep = 2450400.5
2.73327 0.0566838 7.84524 128.718 292.605 50.7996 0 0 0
A8648  ep = 2450400.5
2.99123 0.0610892 1.26996 254.895 67.9009 132.191 0 0 0
A8649  ep = 2450400.5
3.92885 0.0229676 6.15775 159.975 86.6397 163.403 0 0 0
A8650  ep = 2450400.5
1.78358 0.0647584 5.93663 230.092 65.7146 112.994 0 0 0
A8651  ep = 2450400.5
3.70335 0.0111321 8.97509 171.656 314.407 241.523 0 0 0
A8652  ep = 2450400.5
2.18159 0.0323206 2.12469 82.574 232.598 218.108 0 0 0
A8653  ep = 2450400.5
2.31435 0.0491215 4.85041 315.042 75.3045 36.4303 0 0 0
A8654  ep = 2450400.5
3.8458 0.053904 1.64409 81.4383 66.6046 296.163 0 0 0
A8655  ep = 2450400.5
2.30728 0.0415034 8.46934 188.102 50.4609 263.029 0 0 0
A8656  ep = 2450400.5
2.97414 0.000953997 4.33829 147.099 225.632 200.806 0 0 0
A8657  ep = 2450400.5
3.59989 0.0709195 9.4429 100.312 17.2097 171.308 0 0 0
A8658  ep = 2450400.5
3.17081 0.0267371 2.70033 194.371 104.12 40.0421 0 0 0
A8659  ep = 2450400.5
3.77985 0.0688251 1.43336 241.139 192.918 143.01 0 0 0
A8660  ep = 2450400.5
1.66864 0.0898332 7.27211 84.6262 245.416 43.8418 0 0 0
A8661  ep = 2450400.5
3.05607 0.0643018 7.19953 220.733 15.8523 319.261 0 0 0
A8662  ep = 2450400.5
1.55684 0.021519 0.702188 105.724 151.302 347.386 0 0 0
A8663  ep = 2450400.5
3.1449 0.0910918 9.7997 334.252 255.564 193.559 0 0 0
A8664  ep = 2450400.5
3.84925 0.0406222 4.37358 97.4735 319.037 134.564 0 0 0
A8665  ep = 2450400.5
1.76313 0.00184925 6.80371 188.907 77.3198 340.441 0 0 0
A8666  ep = 2450400.5
2.60474 0.0314556 1.7487 309.618 193.715 338.258 0 0 0
A8667  ep = 2450400.5
1.99232 0.0213794 5.2286 64.459 252.191 69.7043 0 0 0
A8668  ep = 2450400.5
4.04741 0.0293348 5.29386 335.422 312.427 62.0409 0 0 0
A8669  ep = 2450400.5
3.25516 0.0395493 4.05456 59.4757 98.5826 99.7582 0 0 0
A8670  ep = 2450400.5
3.08552 0.0847765 5.39216 228.797 325.355 37.7463 0 0 0
A8671  ep = 2450400.5
2.93074 0.00355423 5.35872 88.1537 209.794 238.948 0 0 0
A8672  ep = 2450400.5
3.05919 0.0103355 0.0916695 174.29 243.312 326.963 0 0 0
A8673  ep = 2450400.5
1.74108 0.0958178 3.09038 298.509 325.967 28.4014 0 0 0
A8674  ep = 2450400.5
3.13293 0.0510229 7.41749 208.363 302.886 341.857 0 0 0
A8675  ep = 2450400.5
3.93927 0.0333812 6.37059 17.278 333.339 241.265 0 0 0
A8676  ep = 2450400.5
3.79664 0.026134 9.34576 24.9848 80.9523 152.68 0 0 0
A8677  ep = 2450400.5
3.59428 0.0393036 8.75482 269.946 146.404 200.365 0 0 0
A8678  ep = 2450400.5
2.63121 0.0768353 5.71618 114.804 277.965 305.425 0 0 0
A8679  ep = 2450400.5
2.11919 0.0485293 5.31863 230.157 47.7576 130.947 0 0 0
A8680  ep = 2450400.5
3.91824 0.0320081 4.60706 110.934 181.163 138.549 0 0 0
A8681  ep = 2450400.5
3.75322 0.0626543 7.3146 249.287 295.79 233.953 0 0 0
A8682  ep = 2450400.5
3.38929 0.0267063 0.521586 101.552 233.375 146.384 0 0 0
A8683  ep = 2450400.5
2.53766 0.0763902 8.89497 307.872 348.989 99.167 0 0 0
A8684  ep = 2450400.5
2.27207 0.0898291 4.57958 206.378 206.442 74.0048 0 0 0
A8685  ep = 2450400.5
2.69469 0.0851047 1.5502 82.2713 135.071 201.888 0 0 0
A8686  ep = 2450400.5
2.75819 0.0146603 6.95422 126.605 211.851 163.586 0 0 0
A8687  ep = 2450400.5
3.79027 0.0900032 4.83578 250.702 182.02 319.166 0 0 0
A8688  ep = 2450400.5
2.76956 0.067017 4.55017 204.527 307.757 139.1 0 0 0
A8689  ep = 2450400.5
1.66584 0.0980311 8.08632 156.639 255.805 79.7592 0 0 0
A8690  ep = 2450400.5
2.77032 0.0728304 7.61144 10.8602 305.222 246.145 0 0 0
A8691  ep = 2450400.5
2.93273 0.0407745 8.96313 18.46 281.697 226.37 0 0 0
A8692  ep = 2450400.5
2.69085 0.0654174 1.69997 347.885 40.7946 234.877 0 0 0
A8693  ep = 2450400.5
1.86138 0.0207708 4.94083 284.961 160.456 357.883 0 0 0
A8694  ep = 2450400.5
4.02339 0.00149064 9.5318 76.8253 219.966 2.59444 0 0 0
A8695  ep = 2450400.5
3.63697 0.0810031 0.185029 283.197 139.076 163.502 0 0 0
A8696  ep = 2450400.5
3.04103 0.0494368 5.84684 318.104 90.3735 43.084 0 0 0
A8697  ep = 2450400.5
2.40245 0.0293808 5.03471 296.245 159.117 267.601 0 0 0
A8698  ep = 2450400.5
3.98917 0.0945782 5.76393 291.817 257.742 277.826 0 0 0
A8699  ep = 2450400.5
2.93791 0.0194698 3.28724 220.622 201.346 76.4782 0 0 0
A8700  ep = 2450400.5
2.68551 0.0205345 2.22768 33.7644 253.982 329.563 0 0 0
A8701  ep = 2450400.5
4.01843 0.00191303 1.52296 177.136 250.377 71.2526 0 0 0
A8702  ep = 2450400.5
3.03195 0.0165746 2.68669 148.05 92.9398 154.27 0 0 0
A8703  ep = 2450400.5
2.3766 0.0589464 4.11904 265.286 93.4901 327.73 0 0 0
A8704  ep = 2450400.5
3.72288 0.0135109 9.77551 225.879 118.828 298.736 0 0 0
A8705  ep = 2450400.5
2.6863 0.0952098 9.91048 107.764 138.83 20.9488 0 0 0
A8706  ep = 2450400.5
2.53453 0.0596188 6.12826 233.094 301.522 269.63 0 0 0
A8707  ep = 2450400.5
2.42259 0.00241193 7.37314 193.459 136.136 102.05 0 0 0
A8708  ep = 2450400.5
1.74452 0.0650431 2.79804 165.901 265.609 340.828 0 0 0
A8709  ep = 2450400.5
2.37431 0.0980548 0.063575 71.6854 303.656 104.175 0 0 0
A8710  ep = 2450400.5
2.69361 0.0115056 4.7399 256.923 11.4446 284.256 0 0 0
A8711  ep = 2450400.5
2.68535 0.0208879 0.627461 285.967 271.419 327.992 0 0 0
A8712  ep = 2450400.5
3.59121 0.0969651 5.92321 157.014 109.875 288.161 0 0 0
A8713  ep = 2450400.5
2.09606 0.051341 8.88155 236.843 96.7979 187.427 0 0 0
A8714  ep = 2450400.5
3.79674 0.0402715 9.43826 2.66868 223.673 197.997 0 0 0
A8715  ep = 2450400.5
3.99876 0.0582419 2.71078 270.88 285.381 30.9609 0 0 0
A8716  ep = 2450400.5
2.35971 0.0187436 0.235366 66.6243 294.253 274.805 0 0 0
A8717  ep = 2450400.5
1.80483 0.0564484 1.27902 212.256 343.304 219.695 0 0 0
A8718  ep = 2450400.5
4.06762 0.0355569 2.04379 238.003 268.313 270.406 0 0 0
A8719  ep = 2450400.5
2.26766 0.0263986 7.81009 311.771 15.031 227.516 0 0 0
A8720  ep = 2450400.5
2.87098 0.0153979 3.92143 87.137 144.538 334.44 0 0 0
A8721  ep = 2450400.5
1.64366 0.0544177 3.98812 256.375 227.513 89.5394 0 0 0
A8722  ep = 2450400.5
1.93986 0.0909837 7.62336 254.183 166.359 325.884 0 0 0
A8723  ep = 2450400.5
4.0505 0.0584617 3.65194 69.2495 111.158 185.736 0 0 0
A8724  ep = 2450400.5
1.85264 0.0124873 1.73958 181.063 322.309 142.929 0 0 0
A8725  ep = 2450400.5
3.11488 0.0889597 3.45222 112.289 193.773 20.6836 0 0 0
A8726  ep = 2450400.5
1.67069 0.0963052 7.0106 253.316 215.858 146.043 0 0 0
A8727  ep = 2450400.5
1.99594 0.0135883 4.78566 77.8749 152.38 232.26 0 0 0
A8728  ep = 2450400.5
3.70795 0.0863609 7.67776 119.642 106.887 150.013 0 0 0
A8729  ep = 2450400.5
3.45457 0.0779377 2.99208 217.966 177.746 47.2209 0 0 0
A8730  ep = 2450400.5
1.63171 0.0272796 4.88248 302.918 117.145 355.553 0 0 0
A8731  ep = 2450400.5
3.81527 0.035592 5.9483 201.371 60.1617 187.652 0 0 0
A8732  ep = 2450400.5
3.32115 0.0807997 6.00947 182.324 357.725 327.835 0 0 0
A8733  ep = 2450400.5
1.83973 0.0302552 6.9866 202.378 144.945 79.2603 0 0 0
A8734  ep = 2450400.5
2.06703 0.0155289 7.94881 193.361 246.189 228.889 0 0 0
A8735  ep = 2450400.5
2.81225 0.0209289 3.52263 16.8568 298.945 7.1461 0 0 0
A8736  ep = 2450400.5
2.95209 0.0202957 6.09649 216.665 170.28 156.402 0 0 0
A8737  ep = 2450400.5
2.46862 0.029229 2.52207 170.348 349.494 55.1493 0 0 0
A8738  ep = 2450400.5
2.18653 0.0368519 7.69177 326.614 358.161 287.048 0 0 0
A8739  ep = 2450400.5
3.60678 0.0903764 8.55756 196.407 36.4359 240.295 0 0 0
A8740  ep = 2450400.5
2.53266 0.00630084 6.98196 1.98705 101.388 14.6038 0 0 0
A8741  ep = 2450400.5
1.71145 0.00912861 9.24578 156.581 73.4675 328.274 0 0 0
A8742  ep = 2450400.5
3.20508 0.0419149 3.63863 350.072 319.117 81.3596 0 0 0
A8743  ep = 2450400.5
3.28821 0.0397411 2.28403 165.04 153.098 86.4045 0 0 0
A8744  ep = 2450400.5
2.8848 0.0870982 4.59286 294.354 109.409 357.645 0 0 0
A8745  ep = 2450400.5
2.10989 0.0143328 2.91585 99.0912 77.679 77.8033 0 0 0
A8746  ep = 2450400.5
1.52676 0.0842601 0.590378 153.26 278.424 204.778 0 0 0
A8747  ep = 2450400.5
2.93068 0.0887729 9.06051 188.985 328.261 151.834 0 0 0
A8748  ep = 2450400.5
3.88025 0.08437 5.07332 65.9237 313.318 235.472 0 0 0
A8749  ep = 2450400.5
3.62582 0.0597979 1.23078 4.31066 322.951 290.055 0 0 0
A8750  ep = 2450400.5
1.76376 0.0438981 8.9603 168.811 239.537 351.147 0 0 0
A8751  ep = 2450400.5
3.88669 0.0321838 2.13671 332.108 47.6283 223.45 0 0 0
A8752  ep = 2450400.5
3.98419 0.0164614 0.669798 16.214 70.0008 265.956 0 0 0
A8753  ep = 2450400.5
2.68418 0.0449977 6.76679 110.278 7.00507 221.3 0 0 0
A8754  ep = 2450400.5
3.14675 0.0888148 7.10599 291.03 272.115 113.527 0 0 0
A8755  ep = 2450400.5
3.61791 0.0230295 4.56729 66.1451 155.564 277.612 0 0 0
A8756  ep = 2450400.5
1.87619 0.0940266 8.0535 356.953 287.66 136.772 0 0 0
A8757  ep = 2450400.5
2.24752 0.00174504 5.28828 92.6847 30.177 251.496 0 0 0
A8758  ep = 2450400.5
3.33029 0.0252848 7.62321 253.701 164.941 187.789 0 0 0
A8759  ep = 2450400.5
2.25624 0.0555698 3.61915 16.0664 87.3514 357.38 0 0 0
A8760  ep = 2450400.5
2.6672 0.0642448 2.6181 234.917 35.5619 159.889 0 0 0
A8761  ep = 2450400.5
2.93199 0.0796823 3.20868 305.818 66.8404 246.882 0 0 0
A8762  ep = 2450400.5
2.53562 0.0417811 8.14468 175.436 355.546 147.346 0 0 0
A8763  ep = 2450400.5
3.35291 0.0139985 4.73551 310.427 193.775 333.506 0 0 0
A8764  ep = 2450400.5
3.28559 0.015617 9.75069 221.862 64.8084 67.5719 0 0 0
A8765  ep = 2450400.5
2.55657 0.016891 2.87705 200.502 108.915 51.5948 0 0 0
A8766  ep = 2450400.5
3.53959 0.0758708 4.60853 218.721 222.914 318.913 0 0 0
A8767  ep = 2450400.5
3.62173 0.0520125 4.73336 3.91669 35.8152 324.165 0 0 0
A8768  ep = 2450400.5
2.76129 0.0920772 2.41584 23.1567 268.905 13.7958 0 0 0
A8769  ep = 2450400.5
1.66247 0.0729865 9.84066 305.981 306.014 246.001 0 0 0
A8770  ep = 2450400.5
3.43522 0.0359677 1.08554 230.628 241.994 321.097 0 0 0
A8771  ep = 2450400.5
1.85465 0.00251169 9.13995 21.0098 303.962 131.989 0 0 0
A8772  ep = 2450400.5
2.54614 0.00324784 8.8638 59.9946 259.25 262.992 0 0 0
A8773  ep = 2450400.5
2.23519 0.0756162 6.8097 51.2808 194.9 162.454 0 0 0
A8774  ep = 2450400.5
2.69596 0.0302284 3.48722 148.878 57.0605 279.31 0 0 0
A8775  ep = 2450400.5
3.56331 0.081094 1.47651 238.855 94.5482 330.202 0 0 0
A8776  ep = 2450400.5
2.57695 0.0961178 3.51146 144.329 25.1158 306.507 0 0 0
A8777  ep = 2450400.5
3.31057 0.0344909 9.89125 17.1999 122.151 165.365 0 0 0
A8778  ep = 2450400.5
3.35451 0.0164072 3.56218 286.5 337.972 210.713 0 0 0
A8779  ep = 2450400.5
3.34304 0.0630884 2.25987 305.401 325.123 276.852 0 0 0
A8780  ep = 2450400.5
1.56042 0.0565305 4.08001 186.659 71.9193 158.983 0 0 0
A8781  ep = 2450400.5
2.89709 0.0504078 6.03439 26.8771 150.246 207.953 0 0 0
A8782  ep = 2450400.5
3.64688 0.0660031 0.13395 317.011 106.081 15.412 0 0 0
A8783  ep = 2450400.5
1.88209 0.0590257 1.44335 338.035 309.851 236.672 0 0 0
A8784  ep = 2450400.5
2.20351 0.0435564 2.51661 333.581 11.8134 217.86 0 0 0
A8785  ep = 2450400.5
2.94039 0.0346557 4.58683 130.045 245.278 123.595 0 0 0
A8786  ep = 2450400.5
1.86926 0.0907794 7.28767 314.625 177.59 279.685 0 0 0
A8787  ep = 2450400.5
2.44474 0.0940295 8.53273 344.178 222.064 296.408 0 0 0
A8788  ep = 2450400.5
3.92505 0.0616659 2.19158 5.60419 342.779 272.871 0 0 0
A8789  ep = 2450400.5
3.77377 0.0364853 1.08698 25.6563 26.8174 148.174 0 0 0
A8790  ep = 2450400.5
2.31093 0.00221999 6.1133 100.146 311.484 113.871 0 0 0
A8791  ep = 2450400.5
2.80348 0.00541006 9.26834 314.626 11.321 350.075 0 0 0
A8792  ep = 2450400.5
2.56247 0.0514973 0.154575 159.843 131.021 184.639 0 0 0
A8793  ep = 2450400.5
2.47002 0.0278062 8.38741 82.2618 93.7511 312.183 0 0 0
A8794  ep = 2450400.5
2.46016 0.0212169 2.93151 328.014 38.4405 4.79823 0 0 0
A8795  ep = 2450400.5
1.69547 0.0444424 8.44216 336.019 262.416 128.279 0 0 0
A8796  ep = 2450400.5
1.66517 0.0493468 0.711837 185.019 64.0498 77.9941 0 0 0
A8797  ep = 2450400.5
2.08591 0.0951761 1.24183 336.073 50.9873 96.4862 0 0 0
A8798  ep = 2450400.5
3.56503 0.0356204 1.7138 304.718 288.731 240.26 0 0 0
A8799  ep = 2450400.5
3.94055 0.0373487 3.19667 92.3858 303.762 93.2839 0 0 0
A8800  ep = 2450400.5
2.27869 0.0267426 5.63137 278.936 167.643 165.517 0 0 0
A8801  ep = 2450400.5
3.57049 0.015679 8.1662 241.803 68.7016 198.629 0 0 0
A8802  ep = 2450400.5
2.55418 0.0329497 5.86158 2.11583 125.518 107.727 0 0 0
A8803  ep = 2450400.5
3.68009 0.0798303 4.08036 146.906 336.425 351.52 0 0 0
A8804  ep = 2450400.5
2.00051 0.0325434 0.574214 80.2873 250.271 104.666 0 0 0
A8805  ep = 2450400.5
3.51574 0.0433453 0.0364453 249.59 299.893 21.1857 0 0 0
A8806  ep = 2450400.5
3.04294 0.0766847 7.38977 340.535 270.538 185.401 0 0 0
A8807  ep = 2450400.5
2.56553 0.0973859 7.64375 278.759 266.792 349.158 0 0 0
A8808  ep = 2450400.5
3.12693 0.0383999 1.86983 249.934 188.329 195.684 0 0 0
A8809  ep = 2450400.5
2.48072 0.0679869 3.5619 259.871 248.481 112.065 0 0 0
A8810  ep = 2450400.5
1.83722 0.058886 7.97735 82.7076 326.524 165.623 0 0 0
A8811  ep = 2450400.5
2.98553 0.0337023 2.3416 112.093 126.248 86.1493 0 0 0
A8812  ep = 2450400.5
2.3435 0.0142406 4.41399 76.0062 12.891 175.497 0 0 0
A8813  ep = 2450400.5
3.14289 0.0271054 4.59762 84.8108 259.04 238.067 0 0 0
A8814  ep = 2450400.5
2.93798 0.0612327 6.37897 49.756 287.384 291.425 0 0 0
A8815  ep = 2450400.5
2.69996 0.0937432 8.42769 273.13 86.6578 210.122 0 0 0
A8816  ep = 2450400.5
3.4418 0.0884809 2.98596 265.061 211.715 140.755 0 0 0
A8817  ep = 2450400.5
3.22483 0.0198485 1.94032 357.582 310.399 173.681 0 0 0
A8818  ep = 2450400.5
3.31173 0.0902726 6.11219 254.364 93.6253 61.493 0 0 0
A8819  ep = 2450400.5
3.87923 0.075718 7.9178 154.024 6.17209 265.962 0 0 0
A8820  ep = 2450400.5
3.90786 0.0401559 2.00271 21.2366 256.416 52.1256 0 0 0
A8821  ep = 2450400.5
1.74049 0.0182643 7.67582 226.337 287.142 236.152 0 0 0
A8822  ep = 2450400.5
2.83866 0.0161746 2.45716 245.349 196.578 15.8535 0 0 0
A8823  ep = 2450400.5
1.50505 0.0549731 9.32748 323.439 224.302 270.146 0 0 0
A8824  ep = 2450400.5
3.56871 0.0697533 1.4414 90.3691 286.765 226.5 0 0 0
A8825  ep = 2450400.5
3.35518 0.0633769 4.76244 116.666 15.9079 153.722 0 0 0
A8826  ep = 2450400.5
3.54083 0.0919972 1.96928 47.0966 40.1866 221.97 0 0 0
A8827  ep = 2450400.5
1.71464 0.0975509 2.37764 106.292 12.8147 216.671 0 0 0
A8828  ep = 2450400.5
3.79758 0.037039 9.13846 168.289 265.83 172.339 0 0 0
A8829  ep = 2450400.5
2.77517 0.0741707 9.87543 80.6337 148.59 293.938 0 0 0
A8830  ep = 2450400.5
3.51722 0.0352499 9.45896 86.9383 50.2736 1.90763 0 0 0
A8831  ep = 2450400.5
3.35962 0.0481596 6.18447 39.5672 209.104 326.069 0 0 0
A8832  ep = 2450400.5
2.76719 0.0413727 4.51474 16.2517 304.012 300.049 0 0 0
A8833  ep = 2450400.5
3.01587 0.0494842 7.80678 138.343 122.349 32.6107 0 0 0
A8834  ep = 2450400.5
3.36004 0.0601255 0.285998 327.398 80.7037 234.172 0 0 0
A8835  ep = 2450400.5
4.02316 0.0808025 2.47115 28.2376 170.197 263.044 0 0 0
A8836  ep = 2450400.5
2.21401 0.0473605 8.87781 81.8213 97.4894 113.384 0 0 0
A8837  ep = 2450400.5
3.15746 0.0564364 8.26995 288.592 119.29 65.1071 0 0 0
A8838  ep = 2450400.5
3.54837 0.0573838 2.50176 285.722 93.3557 253.84 0 0 0
A8839  ep = 2450400.5
2.59894 0.00158097 9.71327 145.695 81.8621 348.035 0 0 0
A8840  ep = 2450400.5
3.61556 0.0387414 2.27232 70.658 119.566 275.328 0 0 0
A8841  ep = 2450400.5
3.61073 0.0900214 1.904 220.946 286.489 105.396 0 0 0
A8842  ep = 2450400.5
2.67412 0.0937768 0.0736657 114.832 348.074 57.2961 0 0 0
A8843  ep = 2450400.5
2.60936 0.0416368 3.89903 345.218 320.013 228.807 0 0 0
A8844  ep = 2450400.5
3.80753 0.056354 9.42157 323.999 346.769 293.964 0 0 0
A8845  ep = 2450400.5
3.84376 0.0439322 1.68279 14.0665 58.8189 298.276 0 0 0
A8846  ep = 2450400.5
2.512 0.0754359 2.51906 149.579 70.3454 41.2172 0 0 0
A8847  ep = 2450400.5
2.32321 0.07888 9.36714 17.9815 174.782 60.9793 0 0 0
A8848  ep = 2450400.5
2.09234 0.0502464 8.90736 177.981 278.995 300.28 0 0 0
A8849  ep = 2450400.5
2.61953 0.0424728 1.41081 356.376 89.533 88.6748 0 0 0
A8850  ep = 2450400.5
1.53473 0.0884535 3.37871 171.053 194.7 358.389 0 0 0
A8851  ep = 2450400.5
2.97875 0.00450022 7.35217 140.568 227.9 23.8895 0 0 0
A8852  ep = 2450400.5
2.00726 0.0298868 0.0689771 194.12 124.363 347.966 0 0 0
A8853  ep = 2450400.5
3.00963 0.0600913 1.54925 195.186 222.253 221.374 0 0 0
A8854  ep = 2450400.5
2.39908 0.00182205 1.23159 83.8114 34.8963 51.2583 0 0 0
A8855  ep = 2450400.5
2.72022 0.0701899 8.82064 95.7983 9.04055 308.023 0 0 0
A8856  ep = 2450400.5
2.16807 0.0995102 8.68647 165.248 305.891 131.131 0 0 0
A8857  ep = 2450400.5
2.21088 0.0391885 9.40461 193.634 351.441 73.4687 0 0 0
A8858  ep = 2450400.5
2.38416 0.0658889 9.94005 355.404 76.0782 349.137 0 0 0
A8859  ep = 2450400.5
2.22215 0.0167785 9.97043 294.144 244.667 267.14 0 0 0
A8860  ep = 2450400.5
2.49752 0.0270834 4.90476 271.951 215.885 101.159 0 0 0
A8861  ep = 2450400.5
4.05254 0.0791064 1.40741 9.05142 279.324 166.607 0 0 0
A8862  ep = 2450400.5
1.61391 0.0704659 2.20804 2.65727 314.087 246.522 0 0 0
A8863  ep = 2450400.5
2.73602 0.0193871 3.39431 138.368 268.781 258.51 0 0 0
A8864  ep = 2450400.5
3.74647 0.0793501 5.3713 219.29 314.862 335.174 0 0 0
A8865  ep = 2450400.5
2.42155 0.055942 6.16925 43.057 338.453 36.4903 0 0 0
A8866  ep = 2450400.5
2.17497 0.0824815 1.66958 170.515 194.191 64.0244 0 0 0
A8867  ep = 2450400.5
3.28627 0.0680463 4.53901 68.8246 115.884 111.871 0 0 0
A8868  ep = 2450400.5
1.65046 0.0721759 1.60438 320.476 33.0387 98.3248 0 0 0
A8869  ep = 2450400.5
1.93781 0.0998149 2.88875 359.569 85.7349 250.041 0 0 0
A8870  ep = 2450400.5
2.47556 0.00610976 4.86783 219.534 153.796 196.301 0 0 0
A8871  ep = 2450400.5
2.68113 0.0457692 2.42864 261.11 266.321 305.806 0 0 0
A8872  ep = 2450400.5
3.91979 0.00326606 4.92689 277.806 147.692 44.3138 0 0 0
A8873  ep = 2450400.5
2.26251 0.079925 5.9894 43.1134 289.962 335.37 0 0 0
A8874  ep = 2450400.5
2.96309 0.00492223 7.27946 155.139 287.93 112.664 0 0 0
A8875  ep = 2450400.5
3.43953 0.0852233 0.484203 148.451 255.741 349.984 0 0 0
A8876  ep = 2450400.5
1.76205 0.0826534 3.55578 227.842 35.6645 119.105 0 0 0
A8877  ep = 2450400.5
2.83134 0.0742902 7.96034 274.395 218.077 254.148 0 0 0
A8878  ep = 2450400.5
3.71438 0.0719489 6.44701 217.795 228.766 206.863 0 0 0
A8879  ep = 2450400.5
3.11394 0.0831198 1.94326 223.718 42.2852 159.324 0 0 0
A8880  ep = 2450400.5
1.731 0.0482333 0.576969 128.947 115.198 50.879 0 0 0
A8881  ep = 2450400.5
2.39578 0.0724785 4.46135 188.734 288.659 283.58 0 0 0
A8882  ep = 2450400.5
2.95318 0.0324002 0.503402 357.536 66.2244 345.056 0 0 0
A8883  ep = 2450400.5
3.76234 0.0282559 2.97347 312.991 92.003 174.018 0 0 0
A8884  ep = 2450400.5
2.64031 0.0284457 6.87645 90.9676 301.067 115.104 0 0 0
A8885  ep = 2450400.5
2.14776 0.00605229 2.20765 349.818 217.802 297.567 0 0 0
A8886  ep = 2450400.5
2.16845 0.057269 7.20088 186.991 94.4246 47.465 0 0 0
A8887  ep = 2450400.5
2.93422 0.0521148 6.93401 330.937 212.527 70.9287 0 0 0
A8888  ep = 2450400.5
2.81231 0.0610636 8.96227 116.436 302.084 350.505 0 0 0
A8889  ep = 2450400.5
1.81438 0.0312291 6.67768 220.53 179.463 77.8391 0 0 0
A8890  ep = 2450400.5
3.20432 0.0894671 2.73918 113.393 212.475 300.979 0 0 0
A8891  ep = 2450400.5
2.13421 0.0749759 4.19232 24.9145 219.799 230.142 0 0 0
A8892  ep = 2450400.5
3.65002 0.0836983 7.16579 18.6959 79.5311 287.823 0 0 0
A8893  ep = 2450400.5
1.55146 0.00703829 2.92582 95.0374 172.764 184.03 0 0 0
A8894  ep = 2450400.5
1.82993 0.00346562 1.46753 93.4408 125.768 90.4387 0 0 0
A8895  ep = 2450400.5
3.86358 0.000152776 3.67703 123.143 89.9321 227.67 0 0 0
A8896  ep = 2450400.5
3.10294 0.0421904 5.93247 66.4248 255.464 19.4865 0 0 0
A8897  ep = 2450400.5
3.54762 0.0902941 8.72433 263.666 334.352 151.23 0 0 0
A8898  ep = 2450400.5
3.9459 0.0388514 7.75309 274.263 78.3508 305.944 0 0 0
A8899  ep = 2450400.5
2.46147 0.0996887 4.67652 195.661 356.922 186.478 0 0 0
A8900  ep = 2450400.5
2.67136 0.0432848 1.8759 206.759 220.491 275.748 0 0 0
A8901  ep = 2450400.5
2.62092 0.0388347 3.94533 194.32 77.9078 166.406 0 0 0
A8902  ep = 2450400.5
2.89063 0.038988 0.707155 59.691 10.8402 113.758 0 0 0
A8903  ep = 2450400.5
2.4003 0.0608986 2.22599 87.688 353.035 151.596 0 0 0
A8904  ep = 2450400.5
2.97426 0.0654346 4.59541 235.874 326.829 132.456 0 0 0
A8905  ep = 2450400.5
2.68038 0.0252794 1.70243 44.2241 27.8099 141.896 0 0 0
A8906  ep = 2450400.5
2.6755 0.0769277 4.24415 275.588 217.064 240.673 0 0 0
A8907  ep = 2450400.5
3.97857 0.0484049 1.41167 104.391 3.06352 334.406 0 0 0
A8908  ep = 2450400.5
1.8231 0.0812383 7.72037 292.796 263.611 110.015 0 0 0
A8909  ep = 2450400.5
1.87571 0.0714925 1.73766 235.057 186.563 321.903 0 0 0
A8910  ep = 2450400.5
3.39684 0.052317 1.91282 239.648 281.642 126.941 0 0 0
A8911  ep = 2450400.5
2.24962 0.0145396 1.67067 179.58 280.732 332.383 0 0 0
A8912  ep = 2450400.5
3.49294 0.0173679 1.01456 281.772 84.5526 2.36715 0 0 0
A8913  ep = 2450400.5
3.0458 0.0579217 6.90602 210.633 159.514 1.39814 0 0 0
A8914  ep = 2450400.5
2.03239 0.0187598 8.96359 17.106 46.7151 230.276 0 0 0
A8915  ep = 2450400.5
4.08768 0.00100486 1.88678 228.613 147.237 270.135 0 0 0
A8916  ep = 2450400.5
1.64707 0.0565863 0.452922 91.8823 226.692 93.945 0 0 0
A8917  ep = 2450400.5
4.0278 0.0276594 7.7175 233.679 348.905 53.355 0 0 0
A8918  ep = 2450400.5
3.46776 0.055152 7.40203 166.878 343.154 179.481 0 0 0
A8919  ep = 2450400.5
3.56841 0.0825657 3.82147 346.482 323.425 34.5578 0 0 0
A8920  ep = 2450400.5
2.10549 0.00255444 7.32489 48.1866 261.194 336.97 0 0 0
A8921  ep = 2450400.5
1.85645 0.0430203 0.428267 20.6787 232.805 318.258 0 0 0
A8922  ep = 2450400.5
2.30296 0.046288 6.6243 186.751 309.362 280.436 0 0 0
A8923  ep = 2450400.5
2.54936 0.00730298 9.41227 149.92 198.976 292.862 0 0 0
A8924  ep = 2450400.5
2.47758 0.0955972 0.0242294 56.3671 33.3643 236.276 0 0 0
A8925  ep = 2450400.5
3.83903 0.0283809 0.985945 266.828 136.465 142.815 0 0 0
A8926  ep = 2450400.5
4.00959 0.0167165 9.53467 68.2071 297.037 193.425 0 0 0
A8927  ep = 2450400.5
3.19231 0.00418497 1.36769 134.07 330.9 61.12 0 0 0
A8928  ep = 2450400.5
2.84378 0.0243669 9.35122 107.088 15.9896 58.6883 0 0 0
A8929  ep = 2450400.5
1.86759 0.0114225 4.77751 212.427 184.103 29.8134 0 0 0
A8930  ep = 2450400.5
4.07607 0.00740382 6.35998 200.288 98.7159 134.238 0 0 0
A8931  ep = 2450400.5
1.5152 0.0934789 4.9933 31.5341 285.414 346.231 0 0 0
A8932  ep = 2450400.5
2.18184 0.0576303 0.920927 104.033 66.03 248.086 0 0 0
A8933  ep = 2450400.5
2.41418 0.0354631 0.279146 229.958 83.7991 247.483 0 0 0
A8934  ep = 2450400.5
3.22834 0.0416474 7.68172 270.242 290.201 93.5823 0 0 0
A8935  ep = 2450400.5
1.85309 0.0422226 1.34956 155.449 265.102 120.841 0 0 0
A8936  ep = 2450400.5
3.54014 0.00529833 7.48972 291.194 327.48 135.035 0 0 0
A8937  ep = 2450400.5
3.8085 0.0143736 2.76944 244.694 317.08 74.9619 0 0 0
A8938  ep = 2450400.5
3.10653 0.0145867 8.58506 82.1957 350.002 138.11 0 0 0
A8939  ep = 2450400.5
3.93287 0.0672772 7.28402 106.135 182.473 187.98 0 0 0
A8940  ep = 2450400.5
3.80016 0.0652763 0.995678 302.886 110.771 269.414 0 0 0
A8941  ep = 2450400.5
3.24838 0.0469962 3.65735 234.886 302.812 30.8242 0 0 0
A8942  ep = 2450400.5
3.8239 0.0375051 8.48082 189.1 306.047 53.3464 0 0 0
A8943  ep = 2450400.5
2.87221 0.017484 5.53978 263.175 279.724 307.229 0 0 0
A8944  ep = 2450400.5
2.45461 0.0734427 4.52029 248.686 341.299 251.333 0 0 0
A8945  ep = 2450400.5
3.58011 0.0389638 3.64529 59.7956 99.2423 50.7431 0 0 0
A8946  ep = 2450400.5
2.60356 0.0181275 1.68713 230.866 122.223 248.26 0 0 0
A8947  ep = 2450400.5
3.35828 0.0996868 3.35693 308.518 263.372 63.4107 0 0 0
A8948  ep = 2450400.5
3.7024 0.00310143 4.25721 118.014 309.024 217.802 0 0 0
A8949  ep = 2450400.5
4.024 0.0491917 5.65084 296.879 89.557 352.315 0 0 0
A8950  ep = 2450400.5
3.91794 0.0315436 8.54055 144.432 314.327 151.629 0 0 0
A8951  ep = 2450400.5
1.8885 0.0802985 1.77 17.1919 261.124 32.0387 0 0 0
A8952  ep = 2450400.5
2.8174 0.0736833 3.94514 318.608 263.494 196.702 0 0 0
A8953  ep = 2450400.5
3.53881 0.0781106 9.04124 220.508 89.4992 226.864 0 0 0
A8954  ep = 2450400.5
2.14966 0.0443232 7.39709 337.289 234.714 82.5255 0 0 0
A8955  ep = 2450400.5
3.26511 0.0346 8.22249 94.2098 97.8851 357.147 0 0 0
A8956  ep = 2450400.5
2.56812 0.00700521 3.36549 346.68 106.953 126.712 0 0 0
A8957  ep = 2450400.5
3.90544 0.0148683 0.911831 347.339 40.9685 97.1854 0 0 0
A8958  ep = 2450400.5
2.4603 0.0998656 0.413818 57.5558 263.767 170.566 0 0 0
A8959  ep = 2450400.5
3.06802 0.0286555 4.13652 206.07 336.974 321.743 0 0 0
A8960  ep = 2450400.5
2.45201 0.0135217 9.59457 112.201 66.786 344.128 0 0 0
A8961  ep = 2450400.5
3.83272 0.0805961 5.78017 227.221 329.927 128.207 0 0 0
A8962  ep = 2450400.5
2.36897 0.0228911 0.313954 112.125 26.5886 20.8597 0 0 0
A8963  ep = 2450400.5
3.59223 0.00658013 6.92262 112.342 285.283 207.733 0 0 0
A8964  ep = 2450400.5
2.95385 0.0101887 4.41589 124.759 358.423 128.899 0 0 0
A8965  ep = 2450400.5
2.27395 0.0656489 9.61396 60.7104 109.34 46.3771 0 0 0
A8966  ep = 2450400.5
3.35575 0.0522908 2.51941 264.288 261.893 104.928 0 0 0
A8967  ep = 2450400.5
1.73994 0.00356742 6.57663 229.146 332.701 330.922 0 0 0
A8968  ep = 2450400.5
2.7571 0.0958391 7.68052 274.05 214.552 105.849 0 0 0
A8969  ep = 2450400.5
2.35642 0.0426694 0.439748 285.024 295.222 353.929 0 0 0
A8970  ep = 2450400.5
3.3782 0.0953983 7.5851 235.689 327.812 293.367 0 0 0
A8971  ep = 2450400.5
2.39164 0.0486979 1.64807 79.2331 311.236 312.367 0 0 0
A8972  ep = 2450400.5
2.32819 0.0280561 3.38394 65.0889 106.73 149.005 0 0 0
A8973  ep = 2450400.5
2.3447 0.0436364 6.9662 276.06 28.7126 34.8922 0 0 0
A8974  ep = 2450400.5
2.77593 0.0516217 4.06398 191.113 108.471 310.905 0 0 0
A8975  ep = 2450400.5
1.75367 0.0199613 0.888192 124.979 176.331 218.061 0 0 0
A8976  ep = 2450400.5
1.62255 0.0079057 8.71052 80.2148 183.817 176.644 0 0 0
A8977  ep = 2450400.5
3.35901 0.0278335 3.97235 174.039 246.847 101.425 0 0 0
A8978  ep = 2450400.5
3.48089 0.0550808 9.4326 239.255 289.858 15.7621 0 0 0
A8979  ep = 2450400.5
3.22985 0.0844992 8.78631 101.726 268.177 8.09174 0 0 0
A8980  ep = 2450400.5
1.7785 0.0601136 9.29021 103.996 316.796 335.418 0 0 0
A8981  ep = 2450400.5
2.0053 0.0710248 7.14094 323.073 70.4105 121.945 0 0 0
A8982  ep = 2450400.5
1.93777 0.0529273 4.49493 118.707 223.22 103.063 0 0 0
A8983  ep = 2450400.5
4.02312 0.0440223 8.82332 318.365 23.8091 130.627 0 0 0
A8984  ep = 2450400.5
2.0911 0.0232376 4.53931 99.1932 243.973 75.7741 0 0 0
A8985  ep = 2450400.5
3.67623 0.0220998 6.32084 207.91 15.0288 47.0015 0 0 0
A8986  ep = 2450400.5
2.78324 0.0581043 3.58224 306.742 231.912 146.382 0 0 0
A8987  ep = 2450400.5
2.16352 0.019033 7.88125 220.534 145.072 350.157 0 0 0
A8988  ep = 2450400.5
2.03751 0.00339108 2.93848 59.015 255.484 128.842 0 0 0
A8989  ep = 2450400.5
3.55059 0.0729724 5.47298 46.4808 26.6054 194.829 0 0 0
A8990  ep = 2450400.5
3.96911 0.0469231 1.36036 307.158 75.077 312.1 0 0 0
A8991  ep = 2450400.5
3.64934 0.0939845 1.9722 327.501 100.331 164.756 0 0 0
A8992  ep = 2450400.5
2.18023 0.0954235 6.83542 36.8045 182.912 296.169 0 0 0
A8993  ep = 2450400.5
3.96653 0.0261213 4.21375 133.517 168.698 64.0674 0 0 0
A8994  ep = 2450400.5
1.74318 0.00580986 9.46324 199.019 298.655 216.272 0 0 0
A8995  ep = 2450400.5
3.86992 0.0266688 5.23299 293.097 177.441 73.3766 0 0 0
A8996  ep = 2450400.5
3.37148 0.0249373 9.2053 269.72 95.3512 148.389 0 0 0
A8997  ep = 2450400.5
2.49335 0.0241811 8.11928 312.467 60.9209 106.255 0 0 0
A8998  ep = 2450400.5
3.46483 0.0943149 6.49702 184.175 21.7167 324.691 0 0 0
A8999  ep = 2450400.5
1.91304 0.027366 1.39861 161.512 188.899 318.59 0 0 0
A9000  ep = 2450400.5
1.76851 0.027119 2.89156 132.753 61.2487 24.0325 0 0 0
