)O+_06 Small-body initial data  (WARNING: Do not delete this line!!)
) Lines beginning with `)' are ignored.
)----------------------------------------------------------------------
 style (Cartesian, Asteroidal, Cometary) = Ast
)---------------------------------------------------------------------
A5001  ep = 2450400.5
3.98966 0.0630494 0.704679 157.763 346.538 357.363 0 0 0
A5002  ep = 2450400.5
3.2198 0.00408664 4.8421 201.275 160.96 291.096 0 0 0
A5003  ep = 2450400.5
3.29613 0.0610353 6.19979 122.753 198.163 171.056 0 0 0
A5004  ep = 2450400.5
3.40339 0.0778603 4.9852 145.813 155.891 202.362 0 0 0
A5005  ep = 2450400.5
2.03513 0.0376943 3.2752 107.298 149.433 286.641 0 0 0
A5006  ep = 2450400.5
2.03224 0.0397225 7.15969 140.351 87.1545 325.817 0 0 0
A5007  ep = 2450400.5
3.24155 0.00826468 7.04509 294.428 154.038 328.177 0 0 0
A5008  ep = 2450400.5
2.4531 0.0483995 7.50291 33.2791 251.796 146.82 0 0 0
A5009  ep = 2450400.5
3.32094 0.0468655 3.68833 83.4549 328.473 110.14 0 0 0
A5010  ep = 2450400.5
3.4893 0.0101429 5.71477 355.388 119.06 329.137 0 0 0
A5011  ep = 2450400.5
3.24881 0.0695859 4.30925 109.348 190.816 228.028 0 0 0
A5012  ep = 2450400.5
3.37716 0.00586089 1.03933 280.553 160.33 187.527 0 0 0
A5013  ep = 2450400.5
2.47496 0.0925691 9.09642 237.043 8.26437 138.011 0 0 0
A5014  ep = 2450400.5
3.76114 0.0353714 8.86566 42.1679 258.019 179.404 0 0 0
A5015  ep = 2450400.5
1.50779 0.0920003 3.49607 43.8908 107.749 23.5434 0 0 0
A5016  ep = 2450400.5
2.15572 0.0500345 8.29365 323.341 37.9348 7.83566 0 0 0
A5017  ep = 2450400.5
2.94859 0.00416586 0.156292 209.783 260.986 316.256 0 0 0
A5018  ep = 2450400.5
2.45271 0.00500434 9.07945 329.58 107.884 147.977 0 0 0
A5019  ep = 2450400.5
3.73375 0.0176907 6.27116 335.381 99.6711 134.957 0 0 0
A5020  ep = 2450400.5
1.85784 0.086229 2.50546 165.874 85.9844 320.439 0 0 0
A5021  ep = 2450400.5
2.75442 0.0806296 7.4246 268.313 203.856 109.067 0 0 0
A5022  ep = 2450400.5
1.91228 0.0368271 8.537 83.9275 95.0829 219.567 0 0 0
A5023  ep = 2450400.5
3.68273 0.0755645 7.12771 265.407 66.8845 99.6848 0 0 0
A5024  ep = 2450400.5
2.21056 0.0860173 3.92028 315.172 43.3935 43.52 0 0 0
A5025  ep = 2450400.5
2.50334 0.013457 1.71522 345.555 269.91 136.925 0 0 0
A5026  ep = 2450400.5
2.78656 0.0613608 3.91039 92.5153 82.0435 314.61 0 0 0
A5027  ep = 2450400.5
3.17602 0.0692392 9.02729 45.7422 77.4586 327.887 0 0 0
A5028  ep = 2450400.5
3.26136 0.0151605 5.02661 291.074 282.938 245.074 0 0 0
A5029  ep = 2450400.5
3.40742 0.0262161 3.13382 8.12759 238.436 2.24985 0 0 0
A5030  ep = 2450400.5
3.86289 0.0220591 5.47372 146.681 308.161 240.655 0 0 0
A5031  ep = 2450400.5
2.66699 0.0525574 4.32897 143.336 47.4003 173.996 0 0 0
A5032  ep = 2450400.5
4.08151 0.0739072 3.57876 214.425 327.451 253.891 0 0 0
A5033  ep = 2450400.5
3.97306 0.0322565 7.35104 160.377 289.743 224.242 0 0 0
A5034  ep = 2450400.5
2.75082 0.0667376 7.58328 272.628 205.494 184.23 0 0 0
A5035  ep = 2450400.5
2.89111 0.0211568 1.82116 343.636 132.207 272.105 0 0 0
A5036  ep = 2450400.5
1.65039 0.00517575 6.88851 225.661 29.404 351.385 0 0 0
A5037  ep = 2450400.5
1.9117 0.064742 9.18462 328.325 120.173 155.555 0 0 0
A5038  ep = 2450400.5
3.3838 0.0855844 4.16701 38.5675 313.907 125.719 0 0 0
A5039  ep = 2450400.5
2.47042 0.057363 4.9984 11.3336 351.093 191.023 0 0 0
A5040  ep = 2450400.5
3.7294 0.0464561 8.88103 166.742 307.367 42.7176 0 0 0
A5041  ep = 2450400.5
3.9371 0.0532205 8.77222 26.8308 211.568 131.786 0 0 0
A5042  ep = 2450400.5
3.59633 0.0734878 7.09612 183.57 267.592 224.957 0 0 0
A5043  ep = 2450400.5
3.3494 0.0798623 1.46046 5.18377 320.673 136.495 0 0 0
A5044  ep = 2450400.5
4.08737 0.0925567 0.0096976 247.262 251.134 100.646 0 0 0
A5045  ep = 2450400.5
2.99834 0.0345299 0.436624 211.31 171.645 262.86 0 0 0
A5046  ep = 2450400.5
3.56253 0.0772025 7.42072 223.951 112.426 350.883 0 0 0
A5047  ep = 2450400.5
4.00263 0.0556344 3.47612 127.682 346.513 272.035 0 0 0
A5048  ep = 2450400.5
3.77527 0.0870658 4.14606 24.0524 11.3863 40.7091 0 0 0
A5049  ep = 2450400.5
3.37976 0.0954989 0.494632 163.458 262.181 37.2122 0 0 0
A5050  ep = 2450400.5
1.93957 0.0554482 4.18196 354.998 218.945 239.597 0 0 0
A5051  ep = 2450400.5
2.06001 0.0640362 2.55948 156.096 268.084 282.179 0 0 0
A5052  ep = 2450400.5
3.0656 0.0539556 3.31983 185.339 356.472 349.391 0 0 0
A5053  ep = 2450400.5
1.71416 0.0822487 3.54202 136.22 270.427 114.677 0 0 0
A5054  ep = 2450400.5
1.83222 0.00686499 9.79943 110.183 84.6635 227.151 0 0 0
A5055  ep = 2450400.5
4.02557 0.082463 1.56032 163.877 38.8897 46.0922 0 0 0
A5056  ep = 2450400.5
2.73086 0.0591616 1.2833 274.982 113.062 52.528 0 0 0
A5057  ep = 2450400.5
2.49949 0.097182 2.37473 40.4476 118.135 186.684 0 0 0
A5058  ep = 2450400.5
1.76796 0.0410373 6.13928 285.347 353.221 291.929 0 0 0
A5059  ep = 2450400.5
2.9153 0.0101619 8.91694 154.062 242.308 201.489 0 0 0
A5060  ep = 2450400.5
1.60895 0.0638717 5.91483 281.975 34.6731 64.0685 0 0 0
A5061  ep = 2450400.5
3.38419 0.07699 1.71603 148.155 198.48 222.592 0 0 0
A5062  ep = 2450400.5
3.23478 0.0166167 5.77385 160.694 34.7789 41.4748 0 0 0
A5063  ep = 2450400.5
1.55761 0.0512233 2.09535 84.026 103.971 120.815 0 0 0
A5064  ep = 2450400.5
2.91179 0.0637386 5.54298 32.5377 303.804 318.998 0 0 0
A5065  ep = 2450400.5
3.64435 0.0627478 1.01675 209.824 196.158 333.225 0 0 0
A5066  ep = 2450400.5
2.3275 0.0976385 5.10166 11.0309 347.465 142.354 0 0 0
A5067  ep = 2450400.5
1.90126 0.0251344 1.33881 200.011 331.343 274.206 0 0 0
A5068  ep = 2450400.5
2.4161 0.0282516 3.24782 85.0206 351.358 20.088 0 0 0
A5069  ep = 2450400.5
3.95685 0.0355335 0.109853 16.4761 224.795 45.3357 0 0 0
A5070  ep = 2450400.5
3.54626 0.0714495 3.52235 348.131 331.194 114.389 0 0 0
A5071  ep = 2450400.5
2.72808 0.0723783 9.62881 302.854 306.121 359.513 0 0 0
A5072  ep = 2450400.5
3.24621 0.0381347 8.29943 22.673 341.123 195.205 0 0 0
A5073  ep = 2450400.5
3.02053 0.0931768 1.22578 31.0893 4.79012 117.649 0 0 0
A5074  ep = 2450400.5
1.84509 0.0295693 8.71599 332.19 238.484 272.054 0 0 0
A5075  ep = 2450400.5
3.06733 0.0258499 0.587557 39.3425 15.6591 6.22268 0 0 0
A5076  ep = 2450400.5
3.51854 0.0496242 1.33911 335.425 80.8788 355.363 0 0 0
A5077  ep = 2450400.5
1.79311 0.0647851 1.43353 211.82 356.245 209.078 0 0 0
A5078  ep = 2450400.5
3.09578 0.0311432 2.23098 283.91 266.887 98.135 0 0 0
A5079  ep = 2450400.5
3.28949 0.00263306 0.538567 221.699 357.358 289.889 0 0 0
A5080  ep = 2450400.5
1.98113 0.031324 5.6183 37.6052 64.7156 171.514 0 0 0
A5081  ep = 2450400.5
2.40657 0.0550145 4.27954 278.824 75.5134 194.267 0 0 0
A5082  ep = 2450400.5
1.73516 0.060744 3.25229 256.325 164.56 265.699 0 0 0
A5083  ep = 2450400.5
3.44582 0.0906114 5.05759 199.715 205.125 292.543 0 0 0
A5084  ep = 2450400.5
2.38196 0.0922191 1.26611 268.95 242.571 282.688 0 0 0
A5085  ep = 2450400.5
2.83273 0.0164857 9.75889 33.8603 15.0959 76.6389 0 0 0
A5086  ep = 2450400.5
1.75311 0.00814158 5.3552 311.376 206.643 346.418 0 0 0
A5087  ep = 2450400.5
3.64378 0.0406416 8.6293 199.998 220.479 327.795 0 0 0
A5088  ep = 2450400.5
3.19821 0.0736637 6.66298 317.892 134.832 212.508 0 0 0
A5089  ep = 2450400.5
3.50557 0.0181976 2.4661 123.078 87.0954 84.1012 0 0 0
A5090  ep = 2450400.5
2.90373 0.0429565 4.69588 126.789 27.2319 85.4581 0 0 0
A5091  ep = 2450400.5
4.01995 0.0383219 3.75599 207.922 60.1439 157.867 0 0 0
A5092  ep = 2450400.5
3.84411 0.0744299 1.42569 222.007 78.1846 203.292 0 0 0
A5093  ep = 2450400.5
1.7288 0.0755306 8.42923 234.349 359.133 42.8882 0 0 0
A5094  ep = 2450400.5
3.66662 0.00120252 6.10736 226.769 123.797 113.371 0 0 0
A5095  ep = 2450400.5
2.53189 0.033954 7.65591 75.7633 118.176 129.124 0 0 0
A5096  ep = 2450400.5
3.47318 0.0135329 9.47147 252.959 112.959 40.2738 0 0 0
A5097  ep = 2450400.5
2.50718 0.0847994 6.23534 144.568 78.3711 247.24 0 0 0
A5098  ep = 2450400.5
3.82731 0.0648204 5.3653 322.961 70.7223 12.1806 0 0 0
A5099  ep = 2450400.5
2.27762 0.0181875 5.77254 163.131 250.527 335.023 0 0 0
A5100  ep = 2450400.5
1.59588 0.0648013 8.1483 85.6605 27.3477 101.632 0 0 0
A5101  ep = 2450400.5
3.5244 0.0899177 1.47554 188.01 32.4558 224.211 0 0 0
A5102  ep = 2450400.5
1.73278 0.0518164 8.78645 316.768 76.0601 292.986 0 0 0
A5103  ep = 2450400.5
4.00872 0.0648764 6.78159 76.7492 238.091 2.86353 0 0 0
A5104  ep = 2450400.5
2.41865 0.0307085 4.17274 282.389 28.5924 276.194 0 0 0
A5105  ep = 2450400.5
3.38621 0.0244192 3.12688 163.558 149.229 292.581 0 0 0
A5106  ep = 2450400.5
2.08253 0.0829567 7.52998 107.312 185.605 330.041 0 0 0
A5107  ep = 2450400.5
3.86542 0.0677702 4.13216 291.286 185.912 105.467 0 0 0
A5108  ep = 2450400.5
2.64723 0.0978179 1.25538 218.418 241.257 232.545 0 0 0
A5109  ep = 2450400.5
3.54833 0.0861572 2.4361 159.683 187.317 335.055 0 0 0
A5110  ep = 2450400.5
3.59513 0.0912516 2.66058 3.27841 225.999 69.386 0 0 0
A5111  ep = 2450400.5
3.82411 0.0697632 9.09699 329.119 133.346 57.3185 0 0 0
A5112  ep = 2450400.5
3.66324 0.0657348 6.05034 250.687 37.1964 215.029 0 0 0
A5113  ep = 2450400.5
3.43358 0.0725448 7.6005 308.455 121.277 307.477 0 0 0
A5114  ep = 2450400.5
4.07836 0.0182989 5.50229 282.564 22.7693 71.3164 0 0 0
A5115  ep = 2450400.5
3.58247 0.0479778 7.63327 51.2526 131.662 316.624 0 0 0
A5116  ep = 2450400.5
2.69354 0.088349 0.818157 333.766 181.154 110.232 0 0 0
A5117  ep = 2450400.5
2.12012 0.0739099 7.03726 116.807 339.087 215.953 0 0 0
A5118  ep = 2450400.5
3.02876 0.00587683 2.71861 131.724 255.333 15.7339 0 0 0
A5119  ep = 2450400.5
3.12723 0.0643397 3.57782 196.424 141.299 52.3999 0 0 0
A5120  ep = 2450400.5
2.46589 0.043729 3.5406 293.095 226.187 36.2081 0 0 0
A5121  ep = 2450400.5
1.83058 0.0815401 3.45023 165.268 218.559 319.219 0 0 0
A5122  ep = 2450400.5
3.43815 0.0583537 2.51101 49.5386 213.192 245.891 0 0 0
A5123  ep = 2450400.5
2.41044 0.0455409 8.06477 153.538 132.518 285.119 0 0 0
A5124  ep = 2450400.5
2.88832 0.0937071 2.35631 7.74502 219.146 109.79 0 0 0
A5125  ep = 2450400.5
2.20791 0.0580998 2.83878 317.77 303.221 310.425 0 0 0
A5126  ep = 2450400.5
2.76717 0.0468242 2.73818 74.1934 259.79 181.545 0 0 0
A5127  ep = 2450400.5
3.75047 0.0149531 5.16089 113.902 208.041 192.825 0 0 0
A5128  ep = 2450400.5
4.09091 0.036718 8.19091 121.023 337.624 128.447 0 0 0
A5129  ep = 2450400.5
3.68492 0.0746466 1.85195 8.34722 260.672 174.956 0 0 0
A5130  ep = 2450400.5
2.6319 0.0707563 4.01091 258.254 22.6834 45.5409 0 0 0
A5131  ep = 2450400.5
3.87362 0.0140693 9.63478 29.8038 13.3452 300.517 0 0 0
A5132  ep = 2450400.5
2.97539 0.0782802 6.55811 136.575 293.22 224.956 0 0 0
A5133  ep = 2450400.5
3.02923 0.0894965 7.67666 155.411 204.071 146.345 0 0 0
A5134  ep = 2450400.5
3.61283 0.0389899 9.03488 127.664 347.468 254.751 0 0 0
A5135  ep = 2450400.5
2.93729 0.0758481 0.786566 359.395 143.23 119.957 0 0 0
A5136  ep = 2450400.5
3.29772 0.0581595 5.86456 64.8339 51.904 317.802 0 0 0
A5137  ep = 2450400.5
2.89949 0.0681711 2.51065 296.913 184.367 342.189 0 0 0
A5138  ep = 2450400.5
3.45109 0.0490626 0.947967 92.3183 17.0331 103.477 0 0 0
A5139  ep = 2450400.5
2.19957 0.0399463 3.76867 80.5223 118.96 357.91 0 0 0
A5140  ep = 2450400.5
3.11539 0.00486813 4.18718 205.411 144.125 187.628 0 0 0
A5141  ep = 2450400.5
3.51934 0.0697211 3.03337 328.336 161.071 340.624 0 0 0
A5142  ep = 2450400.5
3.31472 0.0362903 3.30313 323.545 60.2677 318.169 0 0 0
A5143  ep = 2450400.5
1.99254 0.0607731 9.1378 53.125 167.582 260.689 0 0 0
A5144  ep = 2450400.5
2.39631 0.009246 9.97544 27.9053 52.5844 211.035 0 0 0
A5145  ep = 2450400.5
3.77978 0.0859837 9.27872 173.631 48.4581 114.879 0 0 0
A5146  ep = 2450400.5
4.03426 0.0186935 7.8089 24.5084 338.555 92.9961 0 0 0
A5147  ep = 2450400.5
2.0817 0.0031195 7.29481 121.819 197.243 310.899 0 0 0
A5148  ep = 2450400.5
3.77779 0.0424226 8.97268 337.653 303.479 132.722 0 0 0
A5149  ep = 2450400.5
3.56674 0.0600154 2.78708 22.5442 22.4314 20.4589 0 0 0
A5150  ep = 2450400.5
2.88405 0.0370035 0.172068 348.35 39.39 165.111 0 0 0
A5151  ep = 2450400.5
2.55667 0.0850443 3.40127 57.7581 262.296 358.264 0 0 0
A5152  ep = 2450400.5
3.6091 0.00805522 8.84014 124.299 229.878 18.8261 0 0 0
A5153  ep = 2450400.5
1.75414 0.00309303 7.84609 198.352 294.96 199.469 0 0 0
A5154  ep = 2450400.5
3.35971 0.0488825 5.68255 171.932 294.587 340.865 0 0 0
A5155  ep = 2450400.5
3.63419 0.0447585 8.56091 38.4371 171.104 167.193 0 0 0
A5156  ep = 2450400.5
2.94534 0.000220509 6.06093 258.153 17.2467 57.7463 0 0 0
A5157  ep = 2450400.5
2.05323 0.0483223 4.53019 99.5876 239.937 319.264 0 0 0
A5158  ep = 2450400.5
1.6947 0.0464079 1.77015 193.9 204.442 229.888 0 0 0
A5159  ep = 2450400.5
3.06903 0.000369232 3.05678 90.9203 289.184 122.747 0 0 0
A5160  ep = 2450400.5
2.94749 0.0221314 8.62265 128.868 160.006 255.389 0 0 0
A5161  ep = 2450400.5
4.00989 0.0680067 7.89272 122.184 187.356 35.7362 0 0 0
A5162  ep = 2450400.5
1.91528 0.0854517 5.87172 1.21751 331.1 199.886 0 0 0
A5163  ep = 2450400.5
3.30655 0.0248904 4.32206 344.414 321.494 68.8996 0 0 0
A5164  ep = 2450400.5
2.64053 0.0254724 2.14843 333.121 260.396 200.126 0 0 0
A5165  ep = 2450400.5
2.48478 0.0453487 3.7609 299.19 252.517 201.266 0 0 0
A5166  ep = 2450400.5
2.78107 0.00340906 8.96028 173.008 228.578 207.003 0 0 0
A5167  ep = 2450400.5
2.28937 0.0799353 5.73132 347.946 343.499 321.137 0 0 0
A5168  ep = 2450400.5
4.09123 0.0847337 4.18705 242.425 331.181 316.532 0 0 0
A5169  ep = 2450400.5
3.6206 0.0917189 0.201904 258.844 120.758 298.409 0 0 0
A5170  ep = 2450400.5
1.82523 0.0212152 6.63529 257.864 111.266 311.254 0 0 0
A5171  ep = 2450400.5
2.90884 0.00680048 3.95692 327.926 326.055 71.4335 0 0 0
A5172  ep = 2450400.5
1.69155 0.0333015 7.98736 131.332 77.3061 245.171 0 0 0
A5173  ep = 2450400.5
2.765 0.0724593 7.23284 27.449 244.649 129.923 0 0 0
A5174  ep = 2450400.5
2.31703 0.0581004 0.939262 36.9872 34.4195 220.431 0 0 0
A5175  ep = 2450400.5
2.55035 0.023232 6.60951 348.014 78.6271 278.733 0 0 0
A5176  ep = 2450400.5
4.02369 0.0255408 3.63939 259.057 64.4339 150.725 0 0 0
A5177  ep = 2450400.5
2.00973 0.0739347 3.20692 269.41 146.02 193.961 0 0 0
A5178  ep = 2450400.5
3.4542 0.0844095 6.69857 7.74146 269.235 64.1042 0 0 0
A5179  ep = 2450400.5
2.94072 0.0139378 6.52567 279.793 104.005 235.781 0 0 0
A5180  ep = 2450400.5
1.91443 0.0205495 3.75842 241.057 64.1291 141.957 0 0 0
A5181  ep = 2450400.5
3.63441 0.0118546 8.40789 9.76095 164.546 220.872 0 0 0
A5182  ep = 2450400.5
4.04112 0.048158 2.90954 181.908 325.524 200.439 0 0 0
A5183  ep = 2450400.5
2.76375 0.0369247 3.937 319.768 80.1735 183.619 0 0 0
A5184  ep = 2450400.5
2.91491 0.0856229 9.64629 231.346 144.715 161.969 0 0 0
A5185  ep = 2450400.5
1.69959 0.089004 6.9051 4.85794 127.76 117.19 0 0 0
A5186  ep = 2450400.5
4.01415 0.0170898 8.27514 202.542 274.169 40.8492 0 0 0
A5187  ep = 2450400.5
3.85415 0.0409773 1.05366 219.925 331.999 233.849 0 0 0
A5188  ep = 2450400.5
1.6574 0.0712416 1.58191 108.951 302.501 320.052 0 0 0
A5189  ep = 2450400.5
3.88904 0.0873934 0.206527 11.3954 267.093 299.345 0 0 0
A5190  ep = 2450400.5
3.41893 0.0945649 7.52622 301.899 4.46615 102.877 0 0 0
A5191  ep = 2450400.5
1.6642 0.0904016 9.79841 113.996 131.42 121.22 0 0 0
A5192  ep = 2450400.5
1.54474 0.040694 2.44271 254.997 146.722 206.537 0 0 0
A5193  ep = 2450400.5
3.54354 0.040721 6.98524 257.904 225.285 217.891 0 0 0
A5194  ep = 2450400.5
2.68764 0.0382015 6.51942 25.0413 355.693 77.0258 0 0 0
A5195  ep = 2450400.5
2.85808 0.0879087 1.80861 68.1509 359.403 267.877 0 0 0
A5196  ep = 2450400.5
1.81259 0.0270951 7.87686 350.891 301.639 310.556 0 0 0
A5197  ep = 2450400.5
1.75441 0.0544558 1.37891 265.524 206.322 271.856 0 0 0
A5198  ep = 2450400.5
1.96826 0.0862724 6.80022 76.7051 236.007 259.55 0 0 0
A5199  ep = 2450400.5
1.95189 0.0505173 3.43959 163.113 314.163 345.354 0 0 0
A5200  ep = 2450400.5
2.89082 0.00441448 4.94139 259.932 271.258 50.1672 0 0 0
A5201  ep = 2450400.5
1.79696 0.0497418 0.0961418 342.857 313.616 144.686 0 0 0
A5202  ep = 2450400.5
1.54664 0.0578806 4.99209 44.3127 335.477 222.526 0 0 0
A5203  ep = 2450400.5
3.07732 0.00833146 9.26868 122.62 229.149 115.591 0 0 0
A5204  ep = 2450400.5
3.3845 0.0847239 3.5411 264.581 98.969 162.673 0 0 0
A5205  ep = 2450400.5
3.79805 0.0960587 9.58586 20.0136 263.853 356.301 0 0 0
A5206  ep = 2450400.5
4.00485 0.0487871 1.64181 218.643 1.11103 269.302 0 0 0
A5207  ep = 2450400.5
1.81836 0.0814052 3.77133 87.1671 8.63269 190.447 0 0 0
A5208  ep = 2450400.5
1.88165 0.0520981 0.121767 50.0325 37.8083 200.434 0 0 0
A5209  ep = 2450400.5
1.98246 0.0394303 2.05305 235.2 114.796 346.903 0 0 0
A5210  ep = 2450400.5
3.46242 0.0497077 6.37508 202.878 190.831 43.1654 0 0 0
A5211  ep = 2450400.5
3.32717 0.00756333 8.16904 12.6954 274.167 39.5354 0 0 0
A5212  ep = 2450400.5
3.44666 0.00502108 8.89295 298.381 357.845 181.999 0 0 0
A5213  ep = 2450400.5
3.31939 0.0955241 3.74334 205.675 105.064 303.37 0 0 0
A5214  ep = 2450400.5
1.65648 0.00958789 2.43622 7.37817 102.872 243.067 0 0 0
A5215  ep = 2450400.5
2.30943 0.0403655 0.233956 204.2 189.674 355.546 0 0 0
A5216  ep = 2450400.5
2.87537 0.0202688 3.57165 241.426 306.77 167.369 0 0 0
A5217  ep = 2450400.5
2.37626 0.0374799 1.25231 237.101 260.236 161.611 0 0 0
A5218  ep = 2450400.5
3.75854 0.0605358 4.25765 267.822 188.922 110.531 0 0 0
A5219  ep = 2450400.5
3.92088 0.0385185 6.80946 307.393 17.0577 136.605 0 0 0
A5220  ep = 2450400.5
2.09779 0.0845717 0.96524 51.1481 263.119 256.148 0 0 0
A5221  ep = 2450400.5
1.9075 0.0827338 2.07472 2.98454 359.881 271.952 0 0 0
A5222  ep = 2450400.5
1.88563 0.0209797 4.06397 218.748 92.6003 45.4762 0 0 0
A5223  ep = 2450400.5
1.80178 0.0729234 8.23182 119.077 334.704 222.848 0 0 0
A5224  ep = 2450400.5
3.58654 0.0995643 7.77323 126.274 326.096 259 0 0 0
A5225  ep = 2450400.5
1.54019 0.0702483 9.63588 299.567 203.219 353.806 0 0 0
A5226  ep = 2450400.5
3.09374 0.0154532 8.22468 257.962 278.616 94.6108 0 0 0
A5227  ep = 2450400.5
1.67776 0.03812 9.82668 201.416 336.781 273.412 0 0 0
A5228  ep = 2450400.5
3.64181 0.00668831 7.10361 318.996 17.4843 57.3994 0 0 0
A5229  ep = 2450400.5
3.97331 0.077045 5.9567 37.9153 349.085 201.641 0 0 0
A5230  ep = 2450400.5
1.9727 0.0259976 1.41048 339.01 193.104 221.773 0 0 0
A5231  ep = 2450400.5
2.96682 0.0185923 2.80464 321.892 272.571 275.723 0 0 0
A5232  ep = 2450400.5
1.59528 0.038886 1.56489 178.486 315.572 119.947 0 0 0
A5233  ep = 2450400.5
1.95512 0.0299736 6.66834 10.5776 92.0968 140.322 0 0 0
A5234  ep = 2450400.5
3.06078 0.0882563 8.24267 102.702 199.624 171.377 0 0 0
A5235  ep = 2450400.5
2.64327 0.0133126 5.45213 285.847 34.3706 177.57 0 0 0
A5236  ep = 2450400.5
1.94559 0.065445 4.33718 60.3498 287.243 87.3296 0 0 0
A5237  ep = 2450400.5
3.45409 0.0407143 4.85486 189.316 296.647 311.143 0 0 0
A5238  ep = 2450400.5
2.54915 0.0409959 8.17397 168.722 36.0347 123.161 0 0 0
A5239  ep = 2450400.5
3.92269 0.0423548 7.57459 72.73 345.257 258.354 0 0 0
A5240  ep = 2450400.5
2.66017 0.067956 3.36529 212.76 206.961 305.051 0 0 0
A5241  ep = 2450400.5
2.8546 0.0194934 3.25871 39.2756 295.482 126.128 0 0 0
A5242  ep = 2450400.5
2.18406 0.0527356 9.27818 51.7565 148.984 176.911 0 0 0
A5243  ep = 2450400.5
3.5412 0.035763 6.68466 177.878 20.2741 40.0162 0 0 0
A5244  ep = 2450400.5
3.70983 0.0808489 8.28236 148.952 201.465 207.535 0 0 0
A5245  ep = 2450400.5
3.04516 0.0460264 5.65347 122.659 292.922 246.998 0 0 0
A5246  ep = 2450400.5
2.30752 0.00355831 2.04499 66.6732 258.087 279.196 0 0 0
A5247  ep = 2450400.5
1.63353 0.0378226 4.84934 142.662 219.002 160.689 0 0 0
A5248  ep = 2450400.5
3.46668 0.00735273 2.77268 215.727 163.118 64.6144 0 0 0
A5249  ep = 2450400.5
3.35297 0.0681222 3.29186 25.5402 263.18 303.756 0 0 0
A5250  ep = 2450400.5
2.61897 0.0532502 6.76215 284.672 303.304 234.492 0 0 0
A5251  ep = 2450400.5
1.9033 0.0436653 3.82391 107.949 60.3454 250.78 0 0 0
A5252  ep = 2450400.5
1.50318 0.00497117 5.50372 299.436 290.054 146.028 0 0 0
A5253  ep = 2450400.5
3.27464 0.0175343 6.98463 128.207 278.892 353.546 0 0 0
A5254  ep = 2450400.5
3.06359 0.0916336 1.85723 327.05 326.869 95.0254 0 0 0
A5255  ep = 2450400.5
3.31559 0.0673471 1.02468 284.659 291.449 114.538 0 0 0
A5256  ep = 2450400.5
1.52276 0.0381377 4.80225 319.048 336.819 36.6809 0 0 0
A5257  ep = 2450400.5
2.77671 0.0789741 6.16944 62.2436 300.438 79.2344 0 0 0
A5258  ep = 2450400.5
2.87808 0.063847 4.76448 97.4497 144.076 147.12 0 0 0
A5259  ep = 2450400.5
3.78299 0.00841992 1.13626 77.4268 101.349 304.213 0 0 0
A5260  ep = 2450400.5
2.52536 0.0918329 2.35271 194.087 273.345 262.656 0 0 0
A5261  ep = 2450400.5
2.69711 0.068526 2.16043 303.172 125.52 297.412 0 0 0
A5262  ep = 2450400.5
2.86354 0.0182678 1.27405 144.296 191.804 283.148 0 0 0
A5263  ep = 2450400.5
3.97045 0.0490872 6.08014 277.572 47.0119 185.14 0 0 0
A5264  ep = 2450400.5
3.79522 0.0209838 4.74421 338.94 147.598 105.406 0 0 0
A5265  ep = 2450400.5
1.52819 0.0195801 2.82521 242.946 135.126 227.944 0 0 0
A5266  ep = 2450400.5
2.51368 0.0318701 2.41446 94.1669 231.994 36.9101 0 0 0
A5267  ep = 2450400.5
3.24509 0.0657921 5.6864 302.628 274.202 122.772 0 0 0
A5268  ep = 2450400.5
1.89668 0.0294364 4.36954 117.693 17.4446 55.6431 0 0 0
A5269  ep = 2450400.5
3.66356 0.059719 5.96697 56.3904 295.88 112.769 0 0 0
A5270  ep = 2450400.5
2.41513 0.0166411 0.87722 143.565 347.641 138.967 0 0 0
A5271  ep = 2450400.5
1.66319 0.0651461 7.09923 134.184 55.7819 145.974 0 0 0
A5272  ep = 2450400.5
4.02936 0.0411105 1.43933 219.761 105.735 254 0 0 0
A5273  ep = 2450400.5
4.01546 0.0102636 7.99794 192.144 271.607 240.082 0 0 0
A5274  ep = 2450400.5
1.93891 0.0621826 4.03037 259.398 232.167 130.314 0 0 0
A5275  ep = 2450400.5
4.09399 0.0417702 7.31681 352.302 177.693 228.982 0 0 0
A5276  ep = 2450400.5
3.05623 0.00107238 5.23571 209.579 138.147 347.016 0 0 0
A5277  ep = 2450400.5
2.79111 0.0273641 5.0901 332.306 277.747 356.138 0 0 0
A5278  ep = 2450400.5
1.58349 0.00027975 6.01759 88.9551 280.997 142.578 0 0 0
A5279  ep = 2450400.5
2.57755 0.0711699 7.52501 197.927 273.466 66.5157 0 0 0
A5280  ep = 2450400.5
2.13196 0.0259616 5.36508 350.99 356.912 6.67676 0 0 0
A5281  ep = 2450400.5
2.93039 0.0224689 4.34162 100.046 313.484 350.344 0 0 0
A5282  ep = 2450400.5
2.05083 0.0663197 2.35893 78.26 147.019 243.863 0 0 0
A5283  ep = 2450400.5
2.37269 0.0339169 0.41703 303.669 68.9118 326.99 0 0 0
A5284  ep = 2450400.5
2.87101 0.0235735 5.9969 344.42 3.62357 268.58 0 0 0
A5285  ep = 2450400.5
3.31328 0.00850221 3.9661 242.991 52.744 157.908 0 0 0
A5286  ep = 2450400.5
3.97678 0.0536424 8.6743 151.841 255.022 13.9822 0 0 0
A5287  ep = 2450400.5
3.38336 0.0926486 0.453511 305.023 293.388 241.022 0 0 0
A5288  ep = 2450400.5
1.99246 0.091232 4.36071 294.628 272.685 330.729 0 0 0
A5289  ep = 2450400.5
1.68404 0.0799189 7.97495 91.3071 348.205 84.4937 0 0 0
A5290  ep = 2450400.5
2.25067 0.00658936 5.47346 205.07 121.308 8.90597 0 0 0
A5291  ep = 2450400.5
3.8714 0.0191519 7.86011 48.087 272.03 246.865 0 0 0
A5292  ep = 2450400.5
4.08906 0.0564248 4.31528 348.385 81.0089 105.479 0 0 0
A5293  ep = 2450400.5
4.01247 0.0358432 4.16458 209.084 173.179 81.393 0 0 0
A5294  ep = 2450400.5
2.91896 0.046634 2.77582 192.683 228.088 73.4845 0 0 0
A5295  ep = 2450400.5
2.74189 0.0359701 8.49826 260.719 220.941 60.948 0 0 0
A5296  ep = 2450400.5
1.87132 0.0623671 7.04291 226.135 257.172 318.946 0 0 0
A5297  ep = 2450400.5
3.4047 0.0304692 4.95809 172.759 210.927 0.301953 0 0 0
A5298  ep = 2450400.5
4.09387 0.095233 7.80336 110.384 186.451 304.223 0 0 0
A5299  ep = 2450400.5
1.76889 0.0745136 4.50347 204.148 310.646 347.36 0 0 0
A5300  ep = 2450400.5
3.71922 0.0949566 0.34746 67.7121 84.093 346.943 0 0 0
A5301  ep = 2450400.5
3.66966 0.0234284 9.61693 124.748 18.2057 192.614 0 0 0
A5302  ep = 2450400.5
3.02595 0.0626852 4.49353 217.242 299.322 320.74 0 0 0
A5303  ep = 2450400.5
3.56966 0.0835523 6.63903 84.8897 331.531 127.488 0 0 0
A5304  ep = 2450400.5
1.83132 0.0963895 3.17947 302.702 11.7302 296.711 0 0 0
A5305  ep = 2450400.5
3.46042 0.0704478 4.16428 153.191 79.5803 25.4 0 0 0
A5306  ep = 2450400.5
3.95454 0.0943063 3.06452 357.955 87.6654 346.879 0 0 0
A5307  ep = 2450400.5
3.97091 0.0736336 1.60592 51.2242 84.5526 64.2996 0 0 0
A5308  ep = 2450400.5
1.82778 0.0953686 9.59637 321.455 220.59 356.859 0 0 0
A5309  ep = 2450400.5
1.90823 0.0375441 6.03641 345.031 312.336 136.281 0 0 0
A5310  ep = 2450400.5
3.81084 0.0557653 7.46639 15.8256 90.783 63.3986 0 0 0
A5311  ep = 2450400.5
2.72031 0.0968918 3.60814 1.59312 202.98 244.811 0 0 0
A5312  ep = 2450400.5
3.42611 0.0571907 9.04053 219.417 90.0042 293.061 0 0 0
A5313  ep = 2450400.5
2.85595 0.0437766 3.52772 156.551 227.464 53.1207 0 0 0
A5314  ep = 2450400.5
1.9846 0.00255628 2.63458 145.489 213.794 162.526 0 0 0
A5315  ep = 2450400.5
1.61523 0.060741 6.73411 245.697 123.042 74.8751 0 0 0
A5316  ep = 2450400.5
3.23079 0.0233563 1.49959 102.695 194.675 147.846 0 0 0
A5317  ep = 2450400.5
2.75741 0.0700906 9.12259 74.2402 14.5752 154.371 0 0 0
A5318  ep = 2450400.5
1.81705 0.00228218 8.56548 87.0987 13.3916 254.332 0 0 0
A5319  ep = 2450400.5
2.64839 0.0895984 3.79865 292.599 68.4721 186.31 0 0 0
A5320  ep = 2450400.5
3.41807 0.0773388 5.33396 104.142 246.002 257.312 0 0 0
A5321  ep = 2450400.5
2.77242 0.0711266 2.24642 249.933 95.6727 212.646 0 0 0
A5322  ep = 2450400.5
2.39853 0.0131877 2.4526 52.0257 72.5728 89.5375 0 0 0
A5323  ep = 2450400.5
1.86113 0.0813718 7.15838 196.364 246.962 344.754 0 0 0
A5324  ep = 2450400.5
1.68883 0.0583536 2.49097 169.433 68.7752 180.41 0 0 0
A5325  ep = 2450400.5
3.73235 0.0306589 2.83945 245.999 231.956 232.404 0 0 0
A5326  ep = 2450400.5
2.70535 0.0112155 6.98713 237.712 346.624 339.416 0 0 0
A5327  ep = 2450400.5
2.83835 0.0728049 6.3185 114.718 249.672 261.138 0 0 0
A5328  ep = 2450400.5
2.63479 0.0032218 4.48764 170.745 98.253 111.712 0 0 0
A5329  ep = 2450400.5
3.57409 0.0268521 7.02876 137.078 161.859 125.967 0 0 0
A5330  ep = 2450400.5
2.4578 0.0219531 4.66351 45.5844 30.3401 304.774 0 0 0
A5331  ep = 2450400.5
3.20902 0.0644815 9.40888 115.718 18.0865 129.892 0 0 0
A5332  ep = 2450400.5
2.14169 0.0213612 7.16903 286.915 6.96183 334.505 0 0 0
A5333  ep = 2450400.5
1.80813 0.0196758 7.91029 321.984 309.196 95.9677 0 0 0
A5334  ep = 2450400.5
2.33811 0.0511944 6.23841 62.1859 60.549 152.538 0 0 0
A5335  ep = 2450400.5
3.12562 0.0074251 5.93738 152.458 88.4891 233.143 0 0 0
A5336  ep = 2450400.5
1.78081 0.0870635 7.76673 323.374 286.224 177.551 0 0 0
A5337  ep = 2450400.5
4.05657 0.00584085 9.67201 158.096 73.6278 121.44 0 0 0
A5338  ep = 2450400.5
3.15846 0.000634522 8.64409 100.288 185.167 60.8428 0 0 0
A5339  ep = 2450400.5
3.68792 0.0333902 8.89814 24.3248 214.849 214.433 0 0 0
A5340  ep = 2450400.5
2.73212 0.00775945 1.13029 39.8686 275.484 297.947 0 0 0
A5341  ep = 2450400.5
3.89228 0.0988077 6.60851 5.65343 273.158 198.785 0 0 0
A5342  ep = 2450400.5
2.20652 0.0230587 2.47243 237.003 18.7665 22.5902 0 0 0
A5343  ep = 2450400.5
3.91341 0.0918461 8.57161 277.286 279.381 107.557 0 0 0
A5344  ep = 2450400.5
2.09691 0.0660261 0.0125731 49.9188 324 82.971 0 0 0
A5345  ep = 2450400.5
2.41184 0.0576565 5.325 216.771 39.8754 280.127 0 0 0
A5346  ep = 2450400.5
3.81976 0.0217553 5.42149 217.826 126.531 352.683 0 0 0
A5347  ep = 2450400.5
3.84161 0.0347806 1.57234 174.822 214.357 267.323 0 0 0
A5348  ep = 2450400.5
2.06242 0.0625844 1.55649 252.764 42.7431 324.486 0 0 0
A5349  ep = 2450400.5
2.21779 0.0989627 0.668235 256.385 229.342 177.843 0 0 0
A5350  ep = 2450400.5
3.54511 0.0137075 9.82666 244.935 33.5101 118.503 0 0 0
A5351  ep = 2450400.5
3.37297 0.0400442 3.22054 20.5149 322.232 12.7741 0 0 0
A5352  ep = 2450400.5
3.50587 0.00374641 9.65939 267.215 9.42545 70.606 0 0 0
A5353  ep = 2450400.5
2.0135 0.0537488 1.56581 299.922 263.762 120.609 0 0 0
A5354  ep = 2450400.5
4.03621 0.0608621 1.09831 200.234 102.328 290.872 0 0 0
A5355  ep = 2450400.5
2.12018 0.0872188 7.86088 99.2578 317.519 225.511 0 0 0
A5356  ep = 2450400.5
2.12575 0.0924922 7.16935 132.797 346.037 212.865 0 0 0
A5357  ep = 2450400.5
3.47084 0.0316755 3.70317 299.272 240.729 166.056 0 0 0
A5358  ep = 2450400.5
3.97829 0.0767498 3.33884 176.114 153.304 161.678 0 0 0
A5359  ep = 2450400.5
3.5678 0.00801317 3.77357 170.897 142.217 216.348 0 0 0
A5360  ep = 2450400.5
2.12268 0.0718625 4.93484 329.537 332.592 150.631 0 0 0
A5361  ep = 2450400.5
2.23345 0.0358153 5.48116 322.769 24.74 341.142 0 0 0
A5362  ep = 2450400.5
2.66025 0.0652999 9.94966 44.5179 299.705 326.965 0 0 0
A5363  ep = 2450400.5
3.62346 0.0705037 1.56094 162.165 2.23619 241.048 0 0 0
A5364  ep = 2450400.5
2.87738 0.0694271 1.61359 184.906 218.629 126.359 0 0 0
A5365  ep = 2450400.5
3.76027 0.000936641 7.42134 197.951 185.02 102.901 0 0 0
A5366  ep = 2450400.5
2.27698 0.024923 5.81189 251.034 54.6713 298.487 0 0 0
A5367  ep = 2450400.5
2.14229 0.0937486 7.32087 264.832 131.186 204.042 0 0 0
A5368  ep = 2450400.5
3.97397 0.0234638 5.56562 312.263 237.059 259.474 0 0 0
A5369  ep = 2450400.5
2.33301 0.0255488 3.98271 56.9099 262.135 141.51 0 0 0
A5370  ep = 2450400.5
2.96851 0.047512 6.34487 250.829 336.809 49.8945 0 0 0
A5371  ep = 2450400.5
3.41713 0.00090308 3.78057 122.482 173.427 326.059 0 0 0
A5372  ep = 2450400.5
2.65715 0.0787268 9.62045 326.707 160.754 5.65881 0 0 0
A5373  ep = 2450400.5
3.93068 0.0295573 3.68859 290.899 61.7294 252.287 0 0 0
A5374  ep = 2450400.5
3.37129 0.0195831 6.33462 73.5409 219.413 347.031 0 0 0
A5375  ep = 2450400.5
3.58068 0.042742 9.64979 224.977 313.913 292.987 0 0 0
A5376  ep = 2450400.5
1.68111 0.0176426 5.19138 169.559 202.431 303.036 0 0 0
A5377  ep = 2450400.5
2.5839 0.0985526 7.73766 109.133 86.6199 335.421 0 0 0
A5378  ep = 2450400.5
2.39522 0.00266292 6.55684 172.832 338.711 273.897 0 0 0
A5379  ep = 2450400.5
2.83655 0.0845326 0.396067 84.2425 77.4795 89.5906 0 0 0
A5380  ep = 2450400.5
3.97749 0.0567877 4.30104 180.984 167.595 141.312 0 0 0
A5381  ep = 2450400.5
3.12499 0.0187418 5.94262 228.207 304.094 315.101 0 0 0
A5382  ep = 2450400.5
2.72277 0.0669275 5.50962 277.087 276.868 253.745 0 0 0
A5383  ep = 2450400.5
2.58464 0.0195963 9.54657 228.762 47.3519 62.1564 0 0 0
A5384  ep = 2450400.5
3.51058 0.0654518 3.47743 20.756 236.7 46.4008 0 0 0
A5385  ep = 2450400.5
3.18535 0.0975319 8.18436 257.231 153.258 284.715 0 0 0
A5386  ep = 2450400.5
2.99526 0.0386741 3.948 274.315 273.675 85.3557 0 0 0
A5387  ep = 2450400.5
2.40156 0.0109386 3.44292 12.5444 165.053 0.331837 0 0 0
A5388  ep = 2450400.5
2.26137 0.0650391 3.12204 178.247 161.372 180.397 0 0 0
A5389  ep = 2450400.5
2.82656 0.0372106 0.993854 99.5539 188.332 283.251 0 0 0
A5390  ep = 2450400.5
2.8088 0.0906414 5.10374 206.069 29.7271 297.171 0 0 0
A5391  ep = 2450400.5
3.87218 0.02193 9.76775 179.656 78.194 50.2343 0 0 0
A5392  ep = 2450400.5
2.7992 0.0665197 4.96311 168.655 47.6322 347.943 0 0 0
A5393  ep = 2450400.5
3.04832 0.0932961 3.27525 49.714 330.375 94.7941 0 0 0
A5394  ep = 2450400.5
2.50882 0.0781774 8.26729 121.47 66.9641 76.1441 0 0 0
A5395  ep = 2450400.5
1.60466 0.0392702 5.14389 327.845 113.719 324.857 0 0 0
A5396  ep = 2450400.5
3.37616 0.0157947 3.61421 48.1592 183.124 352.396 0 0 0
A5397  ep = 2450400.5
3.90561 0.0370874 0.274481 286.136 71.0027 334.275 0 0 0
A5398  ep = 2450400.5
1.54331 0.00788931 5.95626 96.5898 22.3713 278.703 0 0 0
A5399  ep = 2450400.5
2.36787 0.0227225 1.96269 232.422 263.755 145.279 0 0 0
A5400  ep = 2450400.5
3.03377 0.0427955 1.63166 138.38 128.971 150.365 0 0 0
A5401  ep = 2450400.5
3.65547 0.0772322 2.4219 14.5974 63.7482 354.192 0 0 0
A5402  ep = 2450400.5
3.99501 0.0793054 5.86458 161.4 10.9046 64.9538 0 0 0
A5403  ep = 2450400.5
2.83952 0.0473779 9.80065 3.94058 38.2747 288.713 0 0 0
A5404  ep = 2450400.5
3.87248 0.0633726 9.02768 293.927 243.654 88.0794 0 0 0
A5405  ep = 2450400.5
1.51723 0.0397769 2.30778 49.0551 320.656 139.375 0 0 0
A5406  ep = 2450400.5
1.9037 0.0374485 9.97349 291.111 350.53 79.4405 0 0 0
A5407  ep = 2450400.5
4.07454 0.00587916 1.11019 67.6803 178.809 345.564 0 0 0
A5408  ep = 2450400.5
3.0436 0.0786342 9.05658 149.205 232.318 284.571 0 0 0
A5409  ep = 2450400.5
2.42318 0.0292272 0.209263 285.559 118.32 44.823 0 0 0
A5410  ep = 2450400.5
2.38849 0.0173983 0.138798 42.801 30.5736 42.3592 0 0 0
A5411  ep = 2450400.5
1.98938 0.0285223 1.75012 26.9625 253.691 87.2165 0 0 0
A5412  ep = 2450400.5
2.0793 0.0388695 2.79326 120.417 69.3825 330.567 0 0 0
A5413  ep = 2450400.5
3.52939 0.0232064 7.30112 197.551 333.861 143.813 0 0 0
A5414  ep = 2450400.5
1.5918 0.0280534 1.94302 61.7963 235.689 107.605 0 0 0
A5415  ep = 2450400.5
3.27367 0.060466 0.515173 197.243 67.8105 115.012 0 0 0
A5416  ep = 2450400.5
2.37486 0.0584977 2.7137 114.995 206.899 109.25 0 0 0
A5417  ep = 2450400.5
3.37245 0.0607975 9.23423 57.5291 13.4133 63.4999 0 0 0
A5418  ep = 2450400.5
2.02839 0.032334 6.37385 22.9427 61.3123 196.883 0 0 0
A5419  ep = 2450400.5
2.87405 0.00852482 3.76624 161.444 297.605 327.75 0 0 0
A5420  ep = 2450400.5
3.1017 0.0654664 5.92967 157.572 187.659 183.89 0 0 0
A5421  ep = 2450400.5
1.68126 0.0879557 3.71037 346.219 92.7873 46.6735 0 0 0
A5422  ep = 2450400.5
2.8807 0.0623954 3.78684 202.035 27.4342 67.8986 0 0 0
A5423  ep = 2450400.5
1.93846 0.0751862 6.54048 47.1101 231.534 150.316 0 0 0
A5424  ep = 2450400.5
2.17161 0.0424103 2.90665 175.693 221.985 281.743 0 0 0
A5425  ep = 2450400.5
1.86364 0.0571232 3.69494 32.0947 145.585 12.2686 0 0 0
A5426  ep = 2450400.5
3.04911 0.052143 9.67568 133.222 334.353 320.333 0 0 0
A5427  ep = 2450400.5
3.72182 0.0997471 2.50238 24.7866 255.066 230.099 0 0 0
A5428  ep = 2450400.5
2.47571 0.0243114 1.01235 68.5038 181.287 63.4178 0 0 0
A5429  ep = 2450400.5
3.72918 0.0229696 1.49315 335.196 317.912 33.547 0 0 0
A5430  ep = 2450400.5
2.14612 0.0148611 9.7023 133.559 1.92304 161.628 0 0 0
A5431  ep = 2450400.5
1.58518 0.0748236 1.60871 49.4324 96.5098 168.044 0 0 0
A5432  ep = 2450400.5
2.72507 0.00797845 8.93785 3.29976 308.392 230.624 0 0 0
A5433  ep = 2450400.5
2.11626 0.0161549 7.15584 34.9115 10.7018 1.49349 0 0 0
A5434  ep = 2450400.5
1.65873 0.0747434 6.11982 231.303 188.053 178.754 0 0 0
A5435  ep = 2450400.5
2.97533 0.0485675 2.73889 338.916 276.968 1.43339 0 0 0
A5436  ep = 2450400.5
2.57321 0.0647325 9.59489 317.75 4.36032 181.664 0 0 0
A5437  ep = 2450400.5
2.86084 0.0895049 4.08494 252.033 51.2078 181.553 0 0 0
A5438  ep = 2450400.5
1.75372 0.0201438 7.56948 318.721 70.9627 67.5295 0 0 0
A5439  ep = 2450400.5
1.64034 0.0564328 7.66545 161.393 175.882 148.428 0 0 0
A5440  ep = 2450400.5
3.17608 0.0163315 3.84243 278.239 28.7484 216.779 0 0 0
A5441  ep = 2450400.5
1.61453 0.0563958 3.43708 280.321 91.5915 197.429 0 0 0
A5442  ep = 2450400.5
3.01707 0.0165304 4.26438 351.364 61.8766 19.4258 0 0 0
A5443  ep = 2450400.5
4.00631 0.0573729 3.65601 108.03 262.129 74.9785 0 0 0
A5444  ep = 2450400.5
2.43757 0.0224612 1.04628 177.809 193.178 83.9893 0 0 0
A5445  ep = 2450400.5
1.61914 0.0263955 9.28584 42.5484 244.618 195.232 0 0 0
A5446  ep = 2450400.5
3.20124 0.0267318 7.81575 239.324 268.57 75.7773 0 0 0
A5447  ep = 2450400.5
2.07404 0.0999041 0.885999 218.245 264.823 254.099 0 0 0
A5448  ep = 2450400.5
2.49606 0.0383079 8.41314 266.202 306.673 323.92 0 0 0
A5449  ep = 2450400.5
4.04401 0.0251931 8.19789 57.681 320.084 221.532 0 0 0
A5450  ep = 2450400.5
1.76023 0.0820584 9.55654 58.4072 265.463 347.693 0 0 0
A5451  ep = 2450400.5
3.86135 0.0797186 7.30025 352.908 19.3592 59.5415 0 0 0
A5452  ep = 2450400.5
3.0413 0.0358973 1.25833 214.865 158.145 141.273 0 0 0
A5453  ep = 2450400.5
2.68561 0.0300329 8.63637 30.0294 257.49 88.5568 0 0 0
A5454  ep = 2450400.5
3.33127 0.0402743 0.90753 135.764 160.396 62.7921 0 0 0
A5455  ep = 2450400.5
1.64805 0.0783327 9.37373 157.655 56.7034 242.964 0 0 0
A5456  ep = 2450400.5
3.82147 0.0251547 2.75874 155.402 43.8391 313.574 0 0 0
A5457  ep = 2450400.5
3.48633 0.00342835 0.203218 171.629 292.011 342.41 0 0 0
A5458  ep = 2450400.5
1.54809 0.0720182 2.09925 83.2453 184.071 137.958 0 0 0
A5459  ep = 2450400.5
1.84076 0.098843 2.54878 316.138 345.753 254.025 0 0 0
A5460  ep = 2450400.5
2.61292 0.0375418 5.65416 87.5112 258.451 117.575 0 0 0
A5461  ep = 2450400.5
3.29508 0.0932686 0.651358 25.2892 223.696 65.4115 0 0 0
A5462  ep = 2450400.5
4.07859 0.0302874 4.39993 180.956 137.323 278.986 0 0 0
A5463  ep = 2450400.5
3.44642 0.0105243 6.82621 6.12948 299.16 148.555 0 0 0
A5464  ep = 2450400.5
2.11742 0.0785429 8.70901 255.879 355.036 71.7492 0 0 0
A5465  ep = 2450400.5
2.84348 0.0164709 2.25641 224.059 59.7717 205.123 0 0 0
A5466  ep = 2450400.5
3.72735 0.0292138 2.97023 126.943 116.006 125.923 0 0 0
A5467  ep = 2450400.5
1.83833 0.0831638 7.34775 91.135 150.705 159 0 0 0
A5468  ep = 2450400.5
3.22734 0.085349 4.60032 318.769 95.6395 341.792 0 0 0
A5469  ep = 2450400.5
4.05363 0.0427253 4.84502 10.92 36.4542 98.3729 0 0 0
A5470  ep = 2450400.5
3.72025 0.0124087 4.53549 113.411 85.2521 331.593 0 0 0
A5471  ep = 2450400.5
3.44899 0.0413103 7.02783 48.6783 62.2157 4.85035 0 0 0
A5472  ep = 2450400.5
3.80362 0.0681241 5.61605 348.224 244.465 26.4381 0 0 0
A5473  ep = 2450400.5
3.93919 0.00420244 4.30397 235.808 231.913 289.178 0 0 0
A5474  ep = 2450400.5
2.23143 0.0402596 0.42744 327.749 254.319 275.871 0 0 0
A5475  ep = 2450400.5
2.0893 0.0193493 9.039 61.133 73.5389 222.494 0 0 0
A5476  ep = 2450400.5
3.25167 0.05335 4.53936 324.422 281.177 291.954 0 0 0
A5477  ep = 2450400.5
2.98468 0.001962 0.754137 351.388 183.467 97.2046 0 0 0
A5478  ep = 2450400.5
3.03279 0.0370899 2.69771 171.005 168.457 203.307 0 0 0
A5479  ep = 2450400.5
3.85505 0.0720738 7.43541 58.1458 303.969 180.998 0 0 0
A5480  ep = 2450400.5
2.99555 0.0835191 8.0526 288.589 55.9407 314.276 0 0 0
A5481  ep = 2450400.5
2.45332 0.00984929 6.37017 77.3027 167.381 296.784 0 0 0
A5482  ep = 2450400.5
3.0273 0.0995811 0.591869 207.508 72.0851 297.93 0 0 0
A5483  ep = 2450400.5
1.76534 0.038573 2.95923 4.0417 17.0383 69.1839 0 0 0
A5484  ep = 2450400.5
2.25097 0.00755749 8.18792 324.012 10.4659 280.022 0 0 0
A5485  ep = 2450400.5
3.00669 0.0624161 6.27849 150.038 153.677 193.337 0 0 0
A5486  ep = 2450400.5
1.50241 0.0171805 5.53459 255.507 78.0246 319.996 0 0 0
A5487  ep = 2450400.5
2.26273 0.0431425 8.95701 324.818 223.522 326.368 0 0 0
A5488  ep = 2450400.5
1.95837 0.0959843 3.08853 167.056 160.875 151.376 0 0 0
A5489  ep = 2450400.5
2.48865 0.00669633 5.45147 126.101 246.191 10.4702 0 0 0
A5490  ep = 2450400.5
2.07962 0.0881738 7.36372 235.959 194.582 217.43 0 0 0
A5491  ep = 2450400.5
3.92761 0.0655993 9.2734 141.119 4.29513 228.93 0 0 0
A5492  ep = 2450400.5
3.13681 0.0883845 5.77991 103.631 221.662 204.562 0 0 0
A5493  ep = 2450400.5
3.51586 0.0213631 8.49752 72.1814 180.268 339.062 0 0 0
A5494  ep = 2450400.5
2.54595 0.0457134 4.04474 83.7727 84.076 160.841 0 0 0
A5495  ep = 2450400.5
3.73623 0.0206729 6.50262 154.499 322.863 157.112 0 0 0
A5496  ep = 2450400.5
3.7513 0.0449402 9.10485 144.55 174.138 43.981 0 0 0
A5497  ep = 2450400.5
2.63192 0.0642514 8.73912 188.556 278.543 299.419 0 0 0
A5498  ep = 2450400.5
2.33901 0.0158 7.50695 133.547 207.817 277.681 0 0 0
A5499  ep = 2450400.5
2.55464 0.0220582 6.32141 210.846 63.9777 359.119 0 0 0
A5500  ep = 2450400.5
1.83565 0.033306 8.74404 257.521 223.841 314.586 0 0 0
A5501  ep = 2450400.5
2.17941 0.0855951 3.96594 285.984 82.6531 166.207 0 0 0
A5502  ep = 2450400.5
3.82508 0.0827153 2.96802 340.941 27.861 34.4971 0 0 0
A5503  ep = 2450400.5
1.81874 0.0293134 8.69625 308.279 246.049 31.6658 0 0 0
A5504  ep = 2450400.5
3.64192 0.0927517 7.77548 298.437 223.057 115.071 0 0 0
A5505  ep = 2450400.5
3.54089 0.0882638 0.492888 65.1182 201.994 128.472 0 0 0
A5506  ep = 2450400.5
3.28899 0.0736035 3.53453 78.7983 321.309 144 0 0 0
A5507  ep = 2450400.5
1.58765 0.0592999 0.539678 53.1767 183.751 252.534 0 0 0
A5508  ep = 2450400.5
2.62059 0.0118666 5.4204 126.892 356.977 121.16 0 0 0
A5509  ep = 2450400.5
2.68283 0.00655057 8.9549 162.664 287.074 170.586 0 0 0
A5510  ep = 2450400.5
3.93287 0.0461684 9.52206 125.08 219.328 148.069 0 0 0
A5511  ep = 2450400.5
3.38996 0.0632441 4.43637 226.52 84.7272 143.863 0 0 0
A5512  ep = 2450400.5
3.65239 0.0646469 4.20726 312.683 224.578 87.0057 0 0 0
A5513  ep = 2450400.5
2.71581 0.0801694 7.07059 279.364 126.616 343.042 0 0 0
A5514  ep = 2450400.5
3.51305 0.0190346 0.139499 68.2423 234.792 276.488 0 0 0
A5515  ep = 2450400.5
1.78101 0.0451962 3.12051 230.791 252.001 124.859 0 0 0
A5516  ep = 2450400.5
2.1439 0.0168914 0.935268 218.45 193.171 63.5597 0 0 0
A5517  ep = 2450400.5
3.63066 0.00622897 5.90256 304.354 227.18 85.8611 0 0 0
A5518  ep = 2450400.5
3.42233 0.0140629 0.552192 102.942 237.784 240.023 0 0 0
A5519  ep = 2450400.5
2.47443 0.0119079 9.35345 117.911 243.096 279.01 0 0 0
A5520  ep = 2450400.5
3.37276 0.00661944 3.5301 154.936 327.818 283.574 0 0 0
A5521  ep = 2450400.5
2.3171 0.00342914 3.33635 75.2314 176.914 124.686 0 0 0
A5522  ep = 2450400.5
4.05925 0.0474022 9.89116 10.3515 222.801 3.9114 0 0 0
A5523  ep = 2450400.5
3.07231 0.0852512 2.16808 123.59 9.08057 100.963 0 0 0
A5524  ep = 2450400.5
1.99923 0.0848858 4.74964 253.351 218.458 351.269 0 0 0
A5525  ep = 2450400.5
1.82519 0.0823988 2.76512 139.254 12.8595 119.759 0 0 0
A5526  ep = 2450400.5
2.74362 0.0370059 9.58232 36.4253 268.516 225.143 0 0 0
A5527  ep = 2450400.5
1.59496 0.0645843 5.68807 36.9936 328.65 72.7954 0 0 0
A5528  ep = 2450400.5
3.5479 0.0631169 8.06238 100.007 142.148 121.934 0 0 0
A5529  ep = 2450400.5
2.27762 0.0707238 4.55599 116.633 217.648 139.773 0 0 0
A5530  ep = 2450400.5
2.51922 0.0610123 2.34284 302.116 107.477 359.763 0 0 0
A5531  ep = 2450400.5
2.94514 0.0202285 8.8058 329.159 81.6901 33.5803 0 0 0
A5532  ep = 2450400.5
2.97398 0.0971417 0.59756 221.575 0.673324 338.869 0 0 0
A5533  ep = 2450400.5
1.83829 0.0621391 8.72605 50.9735 318.635 36.7616 0 0 0
A5534  ep = 2450400.5
3.13908 0.0784037 0.304348 307.231 224.006 46.389 0 0 0
A5535  ep = 2450400.5
2.09338 0.0804 0.828734 260.577 131.7 285.789 0 0 0
A5536  ep = 2450400.5
2.52252 0.0563343 1.10423 359.838 72.3186 143.304 0 0 0
A5537  ep = 2450400.5
2.51411 0.0564242 0.22341 345.09 295.387 317.269 0 0 0
A5538  ep = 2450400.5
2.29331 0.0465089 0.756381 234.357 189.463 33.8178 0 0 0
A5539  ep = 2450400.5
3.79881 0.0160145 5.55947 221.71 100.538 249.775 0 0 0
A5540  ep = 2450400.5
2.33717 0.041463 1.69366 267.794 78.2251 132.153 0 0 0
A5541  ep = 2450400.5
1.54383 0.00505482 4.56433 122.534 306.157 219.927 0 0 0
A5542  ep = 2450400.5
2.20458 0.012 9.83873 42.8684 181.951 292.629 0 0 0
A5543  ep = 2450400.5
3.42722 0.0891796 2.41719 135.21 54.228 269.569 0 0 0
A5544  ep = 2450400.5
1.58329 0.0513808 3.57942 241.923 163.262 125.585 0 0 0
A5545  ep = 2450400.5
2.75465 0.0483642 7.57599 29.8574 80.1013 52.838 0 0 0
A5546  ep = 2450400.5
1.57837 0.00312326 8.92645 175.457 324.288 93.7291 0 0 0
A5547  ep = 2450400.5
2.75281 0.0726394 7.50982 28.8644 210.992 284.02 0 0 0
A5548  ep = 2450400.5
2.2032 0.096545 0.324998 171.135 256.642 328.519 0 0 0
A5549  ep = 2450400.5
3.14732 0.0163794 1.89058 135.15 111.011 148.499 0 0 0
A5550  ep = 2450400.5
3.93982 0.0361165 0.101287 274.899 357.758 338.733 0 0 0
A5551  ep = 2450400.5
3.80778 0.0438983 5.98606 94.2641 96.4072 242.018 0 0 0
A5552  ep = 2450400.5
2.81068 0.0278094 4.91957 181.401 189.792 240.029 0 0 0
A5553  ep = 2450400.5
3.02038 0.0299089 4.79537 95.7492 282.426 31.4604 0 0 0
A5554  ep = 2450400.5
3.44523 0.0595575 7.82474 201.108 54.9953 82.7344 0 0 0
A5555  ep = 2450400.5
2.17007 0.090235 6.79149 297.416 106.28 287.508 0 0 0
A5556  ep = 2450400.5
2.23313 0.0343366 2.94506 274.034 311.821 229.783 0 0 0
A5557  ep = 2450400.5
1.56888 0.0722222 2.38126 16.1058 352.589 133.478 0 0 0
A5558  ep = 2450400.5
1.90048 0.0411378 2.02732 318.224 16.6107 55.5895 0 0 0
A5559  ep = 2450400.5
1.56281 0.0432112 4.51384 118.928 245.329 133.895 0 0 0
A5560  ep = 2450400.5
2.77605 0.0516869 4.00899 129.289 46.2644 346.813 0 0 0
A5561  ep = 2450400.5
3.78588 0.080928 4.57579 223.083 313.526 314.839 0 0 0
A5562  ep = 2450400.5
3.97777 0.0476777 8.18322 168.182 84.209 186.359 0 0 0
A5563  ep = 2450400.5
1.70258 0.0222251 3.36644 150.469 354.162 200.891 0 0 0
A5564  ep = 2450400.5
2.11017 0.0599529 0.281771 191.787 234.567 0.611716 0 0 0
A5565  ep = 2450400.5
2.68193 0.0647427 6.3097 14.4096 204.859 288.422 0 0 0
A5566  ep = 2450400.5
3.89896 0.0986046 1.47946 174.099 265.575 229.752 0 0 0
A5567  ep = 2450400.5
1.57512 0.0426713 3.77289 70.8762 112.525 340.477 0 0 0
A5568  ep = 2450400.5
1.98831 0.0486915 7.58181 219.32 160.56 286.056 0 0 0
A5569  ep = 2450400.5
2.66516 0.0341026 8.61683 320.019 285.905 288.212 0 0 0
A5570  ep = 2450400.5
1.95499 0.0117142 2.8059 295.035 337.855 233.376 0 0 0
A5571  ep = 2450400.5
2.44253 0.0456343 3.76125 56.5051 234.096 128.237 0 0 0
A5572  ep = 2450400.5
3.60831 0.010166 0.59913 209.155 352.497 291.18 0 0 0
A5573  ep = 2450400.5
1.9808 0.0476497 3.4871 282.52 284.089 246.755 0 0 0
A5574  ep = 2450400.5
3.77808 0.00872667 6.69157 192.592 85.2568 293.212 0 0 0
A5575  ep = 2450400.5
2.75105 0.0627768 8.88946 95.453 33.5723 177.25 0 0 0
A5576  ep = 2450400.5
3.25771 0.00933507 6.94518 67.6288 294.995 114.731 0 0 0
A5577  ep = 2450400.5
2.07341 0.0172016 0.0754789 344.779 149.439 357.438 0 0 0
A5578  ep = 2450400.5
1.91393 0.0226013 5.60587 20.4205 98.8686 83.6448 0 0 0
A5579  ep = 2450400.5
3.77125 0.0320202 2.63444 345.959 29.3194 298.175 0 0 0
A5580  ep = 2450400.5
3.5387 0.00347465 4.98525 197.447 259.122 299.519 0 0 0
A5581  ep = 2450400.5
2.73979 0.0258403 6.97757 15.5048 93.5124 229.534 0 0 0
A5582  ep = 2450400.5
3.41701 0.0133375 2.63896 110.493 57.663 353.746 0 0 0
A5583  ep = 2450400.5
1.57287 0.0491003 4.29046 182.871 102.602 279.434 0 0 0
A5584  ep = 2450400.5
2.77724 0.0724074 7.5201 195.046 263.858 329.269 0 0 0
A5585  ep = 2450400.5
3.19675 0.0975728 9.06598 90.4123 329.031 100.387 0 0 0
A5586  ep = 2450400.5
2.81476 0.0394448 6.49213 300.088 64.6397 121.263 0 0 0
A5587  ep = 2450400.5
2.11786 0.0185262 8.70418 244.884 353.955 104.415 0 0 0
A5588  ep = 2450400.5
2.57482 0.0999874 8.88204 338.843 177.063 76.833 0 0 0
A5589  ep = 2450400.5
2.05129 0.0989 3.13002 209.063 40.7245 303.221 0 0 0
A5590  ep = 2450400.5
4.06114 0.0104342 7.67005 8.88717 202.233 42.2565 0 0 0
A5591  ep = 2450400.5
2.9834 0.0453764 5.41427 295.224 143.597 279.819 0 0 0
A5592  ep = 2450400.5
2.44157 0.0781814 1.94971 76.7205 197.071 137.152 0 0 0
A5593  ep = 2450400.5
2.01274 0.0684805 2.51875 216.624 285.523 176.955 0 0 0
A5594  ep = 2450400.5
2.09902 0.0836045 2.40029 110.29 54.9459 113.772 0 0 0
A5595  ep = 2450400.5
1.82945 0.0658162 2.73039 257.476 349.492 121.384 0 0 0
A5596  ep = 2450400.5
2.66965 0.013509 5.45352 152.765 157.718 52.2265 0 0 0
A5597  ep = 2450400.5
3.90963 0.0872815 3.3978 108.905 158.23 133.371 0 0 0
A5598  ep = 2450400.5
1.57792 0.0768161 5.474 194.477 283.211 34.5815 0 0 0
A5599  ep = 2450400.5
2.95793 0.0875271 2.68393 204.681 144.394 146.906 0 0 0
A5600  ep = 2450400.5
3.81016 0.0363719 5.02155 110.311 318.189 4.13679 0 0 0
A5601  ep = 2450400.5
3.69658 0.00750578 7.49663 271.723 28.9901 171.317 0 0 0
A5602  ep = 2450400.5
3.83786 0.019808 1.12548 102.225 282.196 109.393 0 0 0
A5603  ep = 2450400.5
3.26185 0.0459911 1.72702 267.329 55.7259 23.8858 0 0 0
A5604  ep = 2450400.5
2.53892 0.0193446 0.253617 5.3833 5.81383 119.52 0 0 0
A5605  ep = 2450400.5
3.17805 0.0716522 5.58701 82.0765 34.2328 303.433 0 0 0
A5606  ep = 2450400.5
2.2993 0.0691162 3.35905 294.694 32.698 147.253 0 0 0
A5607  ep = 2450400.5
1.95053 0.081022 4.37224 16.908 116.206 336.951 0 0 0
A5608  ep = 2450400.5
3.70934 0.0880405 4.9702 74.2507 337.48 89.0934 0 0 0
A5609  ep = 2450400.5
3.23525 0.061319 8.88275 354.25 5.89924 196.179 0 0 0
A5610  ep = 2450400.5
3.30292 0.0375732 9.92299 47.3482 49.3466 253.716 0 0 0
A5611  ep = 2450400.5
3.82494 0.0283783 4.54428 133.753 12.8115 178.946 0 0 0
A5612  ep = 2450400.5
3.27552 0.0994426 1.31055 16.1992 224.466 219.993 0 0 0
A5613  ep = 2450400.5
4.08432 0.0397373 9.64881 144.334 350.045 316.028 0 0 0
A5614  ep = 2450400.5
3.70835 0.0233878 2.78631 274.846 277.477 334.531 0 0 0
A5615  ep = 2450400.5
1.73775 0.0231792 0.735466 267.585 255.503 195.489 0 0 0
A5616  ep = 2450400.5
3.80612 0.0440593 8.05288 1.53329 275.547 178.73 0 0 0
A5617  ep = 2450400.5
3.65125 0.0380995 3.38898 331.556 15.4361 39.2994 0 0 0
A5618  ep = 2450400.5
3.09202 0.0696856 3.05926 157.37 255.323 315.01 0 0 0
A5619  ep = 2450400.5
1.85469 0.0290409 0.911213 89.3394 209.966 171.003 0 0 0
A5620  ep = 2450400.5
2.41743 0.0807495 9.57666 277.168 200.486 335.92 0 0 0
A5621  ep = 2450400.5
2.4618 0.0646848 4.57244 12.4919 231.173 200.392 0 0 0
A5622  ep = 2450400.5
3.50895 0.08322 4.78296 79.9765 304.305 266.437 0 0 0
A5623  ep = 2450400.5
1.55743 0.0302543 0.837743 63.7647 252.712 223.472 0 0 0
A5624  ep = 2450400.5
1.94578 0.0728137 5.79967 21.2917 39.4695 96.4729 0 0 0
A5625  ep = 2450400.5
3.7923 0.0999867 0.762558 244.772 66.8383 236.65 0 0 0
A5626  ep = 2450400.5
2.50858 0.0472027 3.35218 109.66 11.204 76.8069 0 0 0
A5627  ep = 2450400.5
2.1627 0.096642 2.61721 345.024 137.929 295.626 0 0 0
A5628  ep = 2450400.5
2.23043 0.0123019 6.58822 20.1541 21.6114 275.867 0 0 0
A5629  ep = 2450400.5
2.19635 0.0502547 3.31115 74.6404 184.856 244.531 0 0 0
A5630  ep = 2450400.5
2.97796 0.00418616 9.56722 262.472 304.268 244.475 0 0 0
A5631  ep = 2450400.5
1.82635 0.0245633 2.35221 184.47 263.166 153.946 0 0 0
A5632  ep = 2450400.5
2.49516 0.0451117 4.9196 188.956 47.98 62.5908 0 0 0
A5633  ep = 2450400.5
2.5327 0.0183317 6.00582 348.493 267.289 172.232 0 0 0
A5634  ep = 2450400.5
1.85294 0.0291175 4.78436 247.464 314.427 343.011 0 0 0
A5635  ep = 2450400.5
2.51514 0.0505376 6.86182 316.141 282.228 127.459 0 0 0
A5636  ep = 2450400.5
2.4716 0.0230565 2.09958 336.21 283.203 58.3377 0 0 0
A5637  ep = 2450400.5
2.52735 0.0602594 1.80002 280.161 77.8223 244.855 0 0 0
A5638  ep = 2450400.5
2.68301 0.0306978 7.38721 47.3241 250.477 195.294 0 0 0
A5639  ep = 2450400.5
2.77807 0.00717431 4.78707 51.7419 348.167 147.942 0 0 0
A5640  ep = 2450400.5
2.99268 0.0695618 9.25824 303.477 182.166 77.2641 0 0 0
A5641  ep = 2450400.5
3.7157 0.0866832 9.84453 322.169 8.43609 173.672 0 0 0
A5642  ep = 2450400.5
3.31645 0.00513112 0.387558 187.652 222.096 219.837 0 0 0
A5643  ep = 2450400.5
1.84547 0.0467089 4.36342 238.548 49.5363 271.069 0 0 0
A5644  ep = 2450400.5
1.55059 0.0994049 1.9756 224.05 350.485 170.387 0 0 0
A5645  ep = 2450400.5
2.11877 0.000977797 8.33827 163.423 189.639 173.839 0 0 0
A5646  ep = 2450400.5
3.19498 0.0676676 3.88843 171.903 131.783 297.676 0 0 0
A5647  ep = 2450400.5
3.7071 0.0836373 2.91522 46.1364 170.707 297.231 0 0 0
A5648  ep = 2450400.5
1.91536 0.0472473 6.85559 180.173 238.269 178.08 0 0 0
A5649  ep = 2450400.5
2.64346 0.0696559 5.07502 32.609 266.442 51.5517 0 0 0
A5650  ep = 2450400.5
2.22536 0.0811687 4.0217 246.339 24.3982 88.8048 0 0 0
A5651  ep = 2450400.5
2.23208 0.0630041 3.09127 94.4612 153.897 328.831 0 0 0
A5652  ep = 2450400.5
3.05491 0.032456 0.871988 166.909 292.377 138.002 0 0 0
A5653  ep = 2450400.5
3.24213 0.0978427 0.419323 71.6737 336.738 151.162 0 0 0
A5654  ep = 2450400.5
2.30688 0.0306148 8.42857 74.0078 344.798 109.339 0 0 0
A5655  ep = 2450400.5
3.77646 0.0383828 8.99986 282.684 166.919 126.188 0 0 0
A5656  ep = 2450400.5
4.09221 0.0550543 6.98118 252.105 311.771 312.102 0 0 0
A5657  ep = 2450400.5
3.45451 0.0601374 4.29753 233.078 181.539 300.579 0 0 0
A5658  ep = 2450400.5
2.78538 0.0511981 7.8671 21.9614 97.7411 1.63203 0 0 0
A5659  ep = 2450400.5
1.79614 0.00667957 4.63555 327.306 113.539 202.817 0 0 0
A5660  ep = 2450400.5
3.2328 0.0834257 1.35305 120.913 307.452 88.6229 0 0 0
A5661  ep = 2450400.5
3.09055 0.0834086 6.4773 184.271 204.327 171.361 0 0 0
A5662  ep = 2450400.5
2.29672 0.0682094 1.95674 126.17 152.709 20.9229 0 0 0
A5663  ep = 2450400.5
2.7842 0.0374725 1.00982 87.2223 115.241 291.996 0 0 0
A5664  ep = 2450400.5
3.50273 0.0870871 1.72767 338.738 318.788 155.925 0 0 0
A5665  ep = 2450400.5
1.54472 0.0280171 9.83127 233.999 69.1639 349.618 0 0 0
A5666  ep = 2450400.5
3.48302 0.092931 6.92073 61.2592 32.3949 347.36 0 0 0
A5667  ep = 2450400.5
1.82783 0.0201873 3.87571 164.758 309.957 320.513 0 0 0
A5668  ep = 2450400.5
1.71025 0.0779307 8.80626 300.67 170.985 45.2088 0 0 0
A5669  ep = 2450400.5
3.368 0.0930934 6.1996 42.6546 240.863 55.7462 0 0 0
A5670  ep = 2450400.5
3.76098 0.0339985 0.125721 226.218 14.6031 326.481 0 0 0
A5671  ep = 2450400.5
3.49336 0.0625172 7.27246 4.03282 355.071 84.7461 0 0 0
A5672  ep = 2450400.5
3.5169 0.0314555 4.72254 106.629 101.674 74.9875 0 0 0
A5673  ep = 2450400.5
4.07516 0.0491548 2.44085 111.724 175.737 265.823 0 0 0
A5674  ep = 2450400.5
3.38216 0.052451 7.43341 188.608 13.22 277.047 0 0 0
A5675  ep = 2450400.5
3.31912 0.0344427 8.78612 115.727 212.81 189.114 0 0 0
A5676  ep = 2450400.5
1.50959 0.0924436 5.00012 189.917 34.3325 216.319 0 0 0
A5677  ep = 2450400.5
3.44805 0.0780255 0.738679 231.627 81.4298 250.628 0 0 0
A5678  ep = 2450400.5
3.51603 0.0916154 6.80721 36.3446 51.6158 4.22102 0 0 0
A5679  ep = 2450400.5
4.03398 0.069535 1.7509 212.527 192.457 301.47 0 0 0
A5680  ep = 2450400.5
1.50087 0.00165707 6.50302 151.09 125.156 230.736 0 0 0
A5681  ep = 2450400.5
1.97113 0.0496921 5.75514 157.952 60.7357 151.604 0 0 0
A5682  ep = 2450400.5
2.32634 0.0938709 1.87706 231.878 50.3181 291.137 0 0 0
A5683  ep = 2450400.5
1.56163 0.094448 3.87769 100.179 7.01443 221.78 0 0 0
A5684  ep = 2450400.5
2.60605 0.0699507 0.613464 127.527 33.7006 10.1062 0 0 0
A5685  ep = 2450400.5
3.17132 0.018921 2.05545 157.557 6.17737 204.484 0 0 0
A5686  ep = 2450400.5
4.04613 0.0481148 0.656371 74.1194 219.159 328.371 0 0 0
A5687  ep = 2450400.5
2.02667 0.0983913 5.62003 221.719 325.222 168.248 0 0 0
A5688  ep = 2450400.5
2.37732 0.091246 0.718542 326.333 166.405 234.767 0 0 0
A5689  ep = 2450400.5
2.95363 0.0703071 2.50653 185.778 19.9231 147.711 0 0 0
A5690  ep = 2450400.5
3.11727 0.0892173 9.75021 250.48 354.149 172.602 0 0 0
A5691  ep = 2450400.5
3.44192 0.0559893 0.113531 271.329 244.361 333.881 0 0 0
A5692  ep = 2450400.5
1.82482 0.00947573 7.58562 244.644 45.1713 123.358 0 0 0
A5693  ep = 2450400.5
3.30703 0.0916311 6.44078 353.78 299.258 187.687 0 0 0
A5694  ep = 2450400.5
2.59525 0.0760923 6.84069 195.007 318.042 328.902 0 0 0
A5695  ep = 2450400.5
1.71362 0.0831807 7.17713 236.816 212.184 240.523 0 0 0
A5696  ep = 2450400.5
2.14104 0.0315002 2.244 97.3237 297.833 73.7925 0 0 0
A5697  ep = 2450400.5
1.81145 0.0665635 9.32807 170.51 345.044 285.997 0 0 0
A5698  ep = 2450400.5
2.55735 0.000148835 3.01462 74.464 292.046 151.861 0 0 0
A5699  ep = 2450400.5
3.18957 0.0946348 8.27595 304.169 23.9197 162.959 0 0 0
A5700  ep = 2450400.5
3.88293 0.033314 5.07694 35.9079 154.896 57.7074 0 0 0
A5701  ep = 2450400.5
3.71127 0.0492766 3.92597 211.363 346.277 318.66 0 0 0
A5702  ep = 2450400.5
2.82551 0.0834113 6.9316 287.649 330.4 186.207 0 0 0
A5703  ep = 2450400.5
1.82532 0.0558505 9.79861 69.2064 40.5729 199.981 0 0 0
A5704  ep = 2450400.5
3.56661 0.0352371 6.30548 198.6 114.172 71.2992 0 0 0
A5705  ep = 2450400.5
2.27446 0.0770864 4.91759 19.8673 95.7245 149.781 0 0 0
A5706  ep = 2450400.5
3.02412 0.00894461 6.32013 239.33 167.777 48.9789 0 0 0
A5707  ep = 2450400.5
2.1949 0.0232014 8.46572 318.483 225.753 219.223 0 0 0
A5708  ep = 2450400.5
2.81414 0.0885281 5.92005 196.535 48.9611 229.893 0 0 0
A5709  ep = 2450400.5
1.78881 0.0123424 9.38605 2.82487 180.578 299.88 0 0 0
A5710  ep = 2450400.5
1.73701 0.0405622 2.28419 295.85 255.022 129.809 0 0 0
A5711  ep = 2450400.5
4.08436 0.0781288 2.10999 277.132 344.197 114.293 0 0 0
A5712  ep = 2450400.5
1.66687 0.0525326 5.15366 191.186 202.809 309.023 0 0 0
A5713  ep = 2450400.5
2.26227 0.0166433 5.23967 101.403 119.625 283.65 0 0 0
A5714  ep = 2450400.5
2.55904 0.00161713 8.79083 79.2525 345.728 286.485 0 0 0
A5715  ep = 2450400.5
3.56022 0.0542187 8.53663 288.596 295.721 88.3467 0 0 0
A5716  ep = 2450400.5
2.17021 0.0461075 7.28099 26.8252 343.284 315.589 0 0 0
A5717  ep = 2450400.5
3.94685 0.0124975 5.45336 307.738 260.014 334.524 0 0 0
A5718  ep = 2450400.5
2.25702 0.0176814 8.71644 143.873 274.394 284.45 0 0 0
A5719  ep = 2450400.5
2.01774 0.0405588 0.710712 321.87 123.503 127.614 0 0 0
A5720  ep = 2450400.5
3.66656 0.0683873 1.86103 152.415 339.209 335.802 0 0 0
A5721  ep = 2450400.5
1.77374 0.0451483 4.08115 284.67 45.5034 54.9233 0 0 0
A5722  ep = 2450400.5
1.68638 0.00823851 7.64663 352.459 73.1868 20.8674 0 0 0
A5723  ep = 2450400.5
3.47654 0.0398935 6.90473 333.58 26.6386 240.401 0 0 0
A5724  ep = 2450400.5
2.64924 0.0770445 8.87016 57.4316 40.7447 226.422 0 0 0
A5725  ep = 2450400.5
2.63096 0.0206725 9.42074 122.112 320.585 233.978 0 0 0
A5726  ep = 2450400.5
3.63417 0.0419164 7.89117 334.944 280.45 123.395 0 0 0
A5727  ep = 2450400.5
3.878 0.049745 9.64987 81.4451 253.963 143.186 0 0 0
A5728  ep = 2450400.5
3.11779 0.0541879 4.35865 4.82542 286.188 336.299 0 0 0
A5729  ep = 2450400.5
2.62626 0.0904243 1.61936 223.848 358.377 347.107 0 0 0
A5730  ep = 2450400.5
2.53297 0.0649993 9.43734 245.096 222.023 244.367 0 0 0
A5731  ep = 2450400.5
3.10462 0.0276668 1.96565 258.615 115.624 238.03 0 0 0
A5732  ep = 2450400.5
1.56923 0.0379081 6.20729 148.962 321.465 234.86 0 0 0
A5733  ep = 2450400.5
2.64481 0.0196426 2.33779 82.905 231.399 21.4482 0 0 0
A5734  ep = 2450400.5
2.42841 0.0896738 4.47083 292.29 351.536 178.306 0 0 0
A5735  ep = 2450400.5
2.38303 0.0914687 5.14404 58.0932 47.0154 206.945 0 0 0
A5736  ep = 2450400.5
3.38393 0.00500751 7.61235 106.746 304.005 79.2449 0 0 0
A5737  ep = 2450400.5
4.02603 0.0833363 6.33194 205.396 236.957 352.126 0 0 0
A5738  ep = 2450400.5
1.89531 0.021427 5.23147 202.192 357.395 20.2707 0 0 0
A5739  ep = 2450400.5
3.86375 0.0569946 3.07462 284.415 111.223 331.705 0 0 0
A5740  ep = 2450400.5
2.06573 0.00940501 6.70078 93.3586 270.557 182.144 0 0 0
A5741  ep = 2450400.5
2.91909 0.0851012 8.95656 7.85201 119.144 347.507 0 0 0
A5742  ep = 2450400.5
2.44651 0.0130523 4.70298 14.2756 203.562 137.67 0 0 0
A5743  ep = 2450400.5
2.18231 0.0426389 9.3228 213.464 266.207 307.735 0 0 0
A5744  ep = 2450400.5
3.2744 0.0844201 3.4863 350.132 92.0584 133.224 0 0 0
A5745  ep = 2450400.5
3.33517 0.0306683 4.41818 252.705 295.763 332.244 0 0 0
A5746  ep = 2450400.5
2.9403 0.0384587 8.74663 265.294 280.255 175.52 0 0 0
A5747  ep = 2450400.5
1.75192 0.0466641 3.82929 273.528 90.8275 83.0991 0 0 0
A5748  ep = 2450400.5
2.07255 0.0884132 0.610869 66.8617 153.297 183.651 0 0 0
A5749  ep = 2450400.5
1.7704 0.0390497 6.08325 201.404 303.718 329.898 0 0 0
A5750  ep = 2450400.5
1.7443 0.0677795 5.69966 263.943 55.6649 95.751 0 0 0
A5751  ep = 2450400.5
2.84857 0.0308267 6.04404 130.659 122.731 88.3683 0 0 0
A5752  ep = 2450400.5
3.97903 0.0447494 6.03404 146.372 149.413 49.0702 0 0 0
A5753  ep = 2450400.5
3.29234 0.00478993 7.04324 50.3422 78.9172 71.8764 0 0 0
A5754  ep = 2450400.5
1.92564 0.0817686 0.843214 302.447 199.789 95.9586 0 0 0
A5755  ep = 2450400.5
3.13155 0.0690357 2.82991 273.242 309.753 78.0598 0 0 0
A5756  ep = 2450400.5
1.86576 0.0424044 6.91308 159.842 88.6518 177.382 0 0 0
A5757  ep = 2450400.5
1.50562 0.0598993 5.26709 24.1307 229.616 297.976 0 0 0
A5758  ep = 2450400.5
2.98077 0.0566501 5.17717 164.943 60.1874 308.818 0 0 0
A5759  ep = 2450400.5
4.05182 0.0666141 1.83914 333.719 12.9563 121.358 0 0 0
A5760  ep = 2450400.5
2.69759 0.0181871 2.70081 221.008 19.7156 179.859 0 0 0
A5761  ep = 2450400.5
2.84432 0.0851472 0.697246 260.807 289.645 219.078 0 0 0
A5762  ep = 2450400.5
2.9153 0.0627269 2.50461 166.891 193.598 131.577 0 0 0
A5763  ep = 2450400.5
1.63101 0.0351095 3.84937 9.51977 282.266 249.731 0 0 0
A5764  ep = 2450400.5
1.91243 0.0502491 2.35851 234.849 4.36236 119.167 0 0 0
A5765  ep = 2450400.5
3.66085 0.0401985 4.16758 37.2858 181.101 54.4368 0 0 0
A5766  ep = 2450400.5
2.65551 0.0897539 3.93728 171.343 119.016 213.672 0 0 0
A5767  ep = 2450400.5
3.14782 0.0303066 2.62975 186.183 138.837 131.547 0 0 0
A5768  ep = 2450400.5
3.20437 0.027659 2.6523 120.486 116.954 178.473 0 0 0
A5769  ep = 2450400.5
2.89546 0.0610187 2.41635 313.475 181.028 8.68509 0 0 0
A5770  ep = 2450400.5
1.64825 0.0251697 0.276711 350.547 296.51 218.192 0 0 0
A5771  ep = 2450400.5
3.99569 0.0226218 4.04639 33.0538 258.543 80.7404 0 0 0
A5772  ep = 2450400.5
3.49667 0.0246066 6.63367 213.527 10.0176 1.12776 0 0 0
A5773  ep = 2450400.5
1.56803 0.0579963 6.44618 327.018 332.327 135.799 0 0 0
A5774  ep = 2450400.5
1.94627 0.00323519 6.73889 342.86 258.216 335.049 0 0 0
A5775  ep = 2450400.5
3.25761 0.0683805 4.71077 272.59 302.342 337.561 0 0 0
A5776  ep = 2450400.5
1.70641 0.0812635 9.94892 0.573067 222.086 291.986 0 0 0
A5777  ep = 2450400.5
2.96988 0.0199988 5.19528 118.929 222.194 130.235 0 0 0
A5778  ep = 2450400.5
1.97219 0.0582758 0.418189 98.0835 321.02 234.435 0 0 0
A5779  ep = 2450400.5
1.98086 0.0611454 3.70236 175.474 326.238 185.738 0 0 0
A5780  ep = 2450400.5
1.77391 0.0312064 4.85173 259.846 164.068 87.8903 0 0 0
A5781  ep = 2450400.5
3.37008 0.0726285 0.678025 132.416 338.689 109.039 0 0 0
A5782  ep = 2450400.5
3.16223 0.0770206 9.84545 137.395 40.1928 68.7277 0 0 0
A5783  ep = 2450400.5
2.45426 0.0263375 7.55141 56.4042 343.261 230.186 0 0 0
A5784  ep = 2450400.5
2.01096 0.0766838 7.25159 18.5677 300.999 199.781 0 0 0
A5785  ep = 2450400.5
3.90819 0.0861179 2.82829 214.354 304.406 59.2385 0 0 0
A5786  ep = 2450400.5
2.47111 0.0485071 2.59645 62.7997 104.856 126.81 0 0 0
A5787  ep = 2450400.5
3.6234 0.00330396 0.297006 174.645 268.929 108.338 0 0 0
A5788  ep = 2450400.5
3.98611 0.0645181 9.55712 35.3913 236.84 297.155 0 0 0
A5789  ep = 2450400.5
3.32022 0.0139245 7.29304 12.263 185.495 275.364 0 0 0
A5790  ep = 2450400.5
3.02873 0.056785 6.84997 228.671 267.555 180.895 0 0 0
A5791  ep = 2450400.5
2.89842 0.0982754 1.15354 177.379 37.9366 350.409 0 0 0
A5792  ep = 2450400.5
1.64911 0.0577492 5.9076 210.681 3.69021 322.745 0 0 0
A5793  ep = 2450400.5
3.40355 0.0620041 8.03348 213.831 158.965 23.8028 0 0 0
A5794  ep = 2450400.5
2.26083 0.00983919 3.67318 0.40073 306.461 22.0998 0 0 0
A5795  ep = 2450400.5
2.49135 0.0719863 9.73277 278.721 166.838 5.84058 0 0 0
A5796  ep = 2450400.5
2.72965 0.0681912 0.897788 38.3182 35.5684 269.441 0 0 0
A5797  ep = 2450400.5
3.42539 0.0820734 2.08197 228.644 31.861 264.144 0 0 0
A5798  ep = 2450400.5
2.58418 0.00145543 2.61402 129.706 17.0769 132.608 0 0 0
A5799  ep = 2450400.5
2.20773 0.0233672 4.32537 180.083 274.28 201.649 0 0 0
A5800  ep = 2450400.5
3.98305 0.0060296 5.39504 26.6848 159.242 200.782 0 0 0
A5801  ep = 2450400.5
2.53564 0.0396929 4.18715 214.975 74.2936 357.738 0 0 0
A5802  ep = 2450400.5
2.7367 0.0052468 1.83045 155.842 90.0881 229.836 0 0 0
A5803  ep = 2450400.5
2.59947 0.075511 8.1326 174.519 64.3844 148.708 0 0 0
A5804  ep = 2450400.5
2.75525 0.0883443 4.0237 92.2697 330.952 234.733 0 0 0
A5805  ep = 2450400.5
2.34368 0.0837955 5.51041 201.873 122.761 71.9878 0 0 0
A5806  ep = 2450400.5
3.69596 0.045503 3.68688 236.627 89.7095 54.332 0 0 0
A5807  ep = 2450400.5
3.94409 0.0890075 2.48872 68.1024 263.745 247.354 0 0 0
A5808  ep = 2450400.5
3.40429 0.00102447 2.18208 261.99 308.415 269.318 0 0 0
A5809  ep = 2450400.5
1.5803 0.0355809 7.07463 212.678 240.021 185.936 0 0 0
A5810  ep = 2450400.5
1.83909 0.0650315 4.85056 311.851 293.474 5.48135 0 0 0
A5811  ep = 2450400.5
2.65317 0.0241095 1.09063 207.934 13.7086 153.596 0 0 0
A5812  ep = 2450400.5
4.00544 0.00271754 4.73697 307.985 260.361 126.056 0 0 0
A5813  ep = 2450400.5
1.53819 0.019467 6.81509 239.464 335.564 90.3706 0 0 0
A5814  ep = 2450400.5
2.09194 0.0292014 6.87679 72.0981 100.229 206.147 0 0 0
A5815  ep = 2450400.5
2.55992 0.0394939 9.74005 189.579 9.31881 345.843 0 0 0
A5816  ep = 2450400.5
2.86459 0.0767751 5.59403 342.972 265.319 117.788 0 0 0
A5817  ep = 2450400.5
3.97597 0.092579 8.7521 170.86 345.239 129.393 0 0 0
A5818  ep = 2450400.5
3.27439 0.0985211 8.438 216.967 281.154 35.9709 0 0 0
A5819  ep = 2450400.5
2.06085 0.0218016 8.18881 244.106 297.039 81.348 0 0 0
A5820  ep = 2450400.5
3.95606 0.0902121 9.94788 333.086 357.962 286.427 0 0 0
A5821  ep = 2450400.5
3.97526 0.063809 7.37057 16.3253 317.759 209.127 0 0 0
A5822  ep = 2450400.5
3.67761 0.0775454 4.06219 166.084 234.711 97.0338 0 0 0
A5823  ep = 2450400.5
2.48941 0.0902284 8.69377 145.969 355.88 44.0774 0 0 0
A5824  ep = 2450400.5
3.72548 0.0263342 4.98481 123.601 355.044 291.343 0 0 0
A5825  ep = 2450400.5
2.66836 0.0750436 8.58392 216.685 91.8241 345.463 0 0 0
A5826  ep = 2450400.5
3.79756 0.0263895 0.275251 22.2555 323.515 260.549 0 0 0
A5827  ep = 2450400.5
3.087 0.0983311 7.50291 198.741 222.146 115.861 0 0 0
A5828  ep = 2450400.5
3.45622 0.0775759 6.18625 128.49 118.011 246.991 0 0 0
A5829  ep = 2450400.5
4.07365 0.0615454 8.94206 117.952 43.1313 161.218 0 0 0
A5830  ep = 2450400.5
1.61461 0.018217 9.73379 298.679 156.671 31.3105 0 0 0
A5831  ep = 2450400.5
3.36746 0.0809748 0.43998 68.2458 210.628 106.821 0 0 0
A5832  ep = 2450400.5
2.42313 0.00198069 7.89462 259.38 284.443 350.751 0 0 0
A5833  ep = 2450400.5
3.62226 0.0866031 0.38591 310.721 227.724 152.35 0 0 0
A5834  ep = 2450400.5
2.57285 0.0320254 8.50392 115.688 219.628 173.644 0 0 0
A5835  ep = 2450400.5
2.52488 0.00855055 6.09056 153.808 335.02 54.3593 0 0 0
A5836  ep = 2450400.5
3.44104 0.00312212 1.73444 87.4363 80.377 26.5365 0 0 0
A5837  ep = 2450400.5
3.88643 0.060342 7.67224 134.328 6.15233 248.296 0 0 0
A5838  ep = 2450400.5
1.68373 0.0914159 8.27692 352.375 179.391 266.336 0 0 0
A5839  ep = 2450400.5
3.14205 0.0866321 6.25113 323.236 197.28 100.354 0 0 0
A5840  ep = 2450400.5
2.08571 0.0924867 5.23286 215.575 297.175 185.601 0 0 0
A5841  ep = 2450400.5
2.22517 0.059811 9.44249 77.8635 79.9065 92.7698 0 0 0
A5842  ep = 2450400.5
1.68385 0.0583862 8.96959 299.027 88.0295 78.6294 0 0 0
A5843  ep = 2450400.5
1.81438 0.0758863 4.20238 292.215 319.296 37.6753 0 0 0
A5844  ep = 2450400.5
3.69616 0.031338 5.97842 358.702 133.536 96.3351 0 0 0
A5845  ep = 2450400.5
2.67656 0.0290884 7.87976 254.744 34.9862 131.279 0 0 0
A5846  ep = 2450400.5
3.60107 0.0967227 9.18596 195.35 135.743 308.959 0 0 0
A5847  ep = 2450400.5
4.03304 0.0495311 4.69905 132.617 253.02 316.39 0 0 0
A5848  ep = 2450400.5
1.67624 0.0195425 0.502327 359.184 47.1392 301.833 0 0 0
A5849  ep = 2450400.5
3.90781 0.0128966 6.53164 12.8562 269.584 7.70906 0 0 0
A5850  ep = 2450400.5
2.39767 0.0396773 7.57168 293.5 301.409 127.039 0 0 0
A5851  ep = 2450400.5
3.16634 0.0327931 3.53747 224.281 316.924 294.454 0 0 0
A5852  ep = 2450400.5
2.02961 0.0808135 2.32167 334.094 78.8797 166.556 0 0 0
A5853  ep = 2450400.5
2.00582 0.0711148 6.25859 62.9813 234.589 289.737 0 0 0
A5854  ep = 2450400.5
3.22511 0.0055713 9.36884 68.0208 37.491 97.2675 0 0 0
A5855  ep = 2450400.5
3.53438 0.0725733 4.39188 198.589 178.707 271.661 0 0 0
A5856  ep = 2450400.5
3.39078 0.0885222 8.93166 175.894 44.3194 185.676 0 0 0
A5857  ep = 2450400.5
3.8026 0.0704705 4.98513 260.465 359.078 149.629 0 0 0
A5858  ep = 2450400.5
2.13916 0.00407959 9.65678 204.094 102.83 298.141 0 0 0
A5859  ep = 2450400.5
3.09585 0.0763499 5.12803 181.576 85.8546 28.8393 0 0 0
A5860  ep = 2450400.5
2.86582 0.0888309 5.81053 112.295 321.891 228.594 0 0 0
A5861  ep = 2450400.5
2.22897 0.0280319 4.31489 288.548 306.052 43.8034 0 0 0
A5862  ep = 2450400.5
4.08374 0.0862083 8.03166 186.407 338.984 316.31 0 0 0
A5863  ep = 2450400.5
1.61032 0.0341186 8.31253 165.205 262.187 183.165 0 0 0
A5864  ep = 2450400.5
3.45042 0.0805708 6.54226 223.984 20.7304 112.924 0 0 0
A5865  ep = 2450400.5
2.06203 0.0141714 9.79268 182.708 225.082 126.323 0 0 0
A5866  ep = 2450400.5
2.39254 0.0673823 7.93951 354.67 195.018 201.836 0 0 0
A5867  ep = 2450400.5
2.53655 0.0760954 2.36135 10.1626 53.4484 13.639 0 0 0
A5868  ep = 2450400.5
3.26561 0.0074516 7.39011 253.794 358.548 331.66 0 0 0
A5869  ep = 2450400.5
3.59821 0.00692769 8.33685 308.189 315.472 226.022 0 0 0
A5870  ep = 2450400.5
3.70639 0.00217626 4.76367 56.7664 146.23 109.93 0 0 0
A5871  ep = 2450400.5
3.37154 0.0131081 2.08335 21.5906 231.062 317.466 0 0 0
A5872  ep = 2450400.5
3.68249 0.0676385 5.0097 234.213 15.6706 205.473 0 0 0
A5873  ep = 2450400.5
1.7066 0.0146328 5.33136 18.9199 285.498 200.413 0 0 0
A5874  ep = 2450400.5
3.46976 0.0966769 8.48573 187.119 9.11468 335.561 0 0 0
A5875  ep = 2450400.5
2.33217 0.0960612 3.0044 8.27506 236.18 232.153 0 0 0
A5876  ep = 2450400.5
4.0265 0.0928947 6.80971 144.489 200.949 233.795 0 0 0
A5877  ep = 2450400.5
2.89103 0.0575719 4.1064 131.024 4.33296 220.585 0 0 0
A5878  ep = 2450400.5
2.09389 0.0633747 2.39014 73.2765 319.703 302.857 0 0 0
A5879  ep = 2450400.5
2.77167 0.0529484 3.03822 48.1933 10.6608 113.902 0 0 0
A5880  ep = 2450400.5
3.56825 0.0879113 3.24875 172.639 89.6998 16.6187 0 0 0
A5881  ep = 2450400.5
2.76316 0.00442872 4.33421 34.192 279.448 9.49406 0 0 0
A5882  ep = 2450400.5
1.89501 0.0955128 5.83633 94.1041 96.335 18.2436 0 0 0
A5883  ep = 2450400.5
3.06217 0.0371831 4.36486 312.474 138.289 179.196 0 0 0
A5884  ep = 2450400.5
1.9307 0.0286544 7.94451 118.049 92.063 254.55 0 0 0
A5885  ep = 2450400.5
1.59399 0.0295248 0.233294 38.0092 350.122 193.261 0 0 0
A5886  ep = 2450400.5
2.92527 0.0524236 6.82722 141.362 298.661 339.079 0 0 0
A5887  ep = 2450400.5
3.34723 0.0195955 1.41545 324.35 75.3696 308.971 0 0 0
A5888  ep = 2450400.5
2.49004 0.0316774 5.01521 157.256 330.159 117.725 0 0 0
A5889  ep = 2450400.5
3.52599 0.0995328 6.46959 222.504 250.451 319.604 0 0 0
A5890  ep = 2450400.5
3.19942 0.0857803 6.08878 300.712 209.414 41.7914 0 0 0
A5891  ep = 2450400.5
3.34913 0.0707418 8.57345 43.0209 109.589 158.872 0 0 0
A5892  ep = 2450400.5
1.92779 0.0219602 1.84451 255.428 103.916 97.8067 0 0 0
A5893  ep = 2450400.5
1.78001 0.0479196 6.8457 3.54829 119.816 321.144 0 0 0
A5894  ep = 2450400.5
4.08067 0.0403904 4.41683 276.265 189.919 182.965 0 0 0
A5895  ep = 2450400.5
3.33952 0.0595573 3.80162 5.80588 207.734 63.8117 0 0 0
A5896  ep = 2450400.5
3.23187 0.068844 0.61094 291.7 220.211 70.5473 0 0 0
A5897  ep = 2450400.5
3.61114 0.0159004 3.37465 48.6061 5.54519 147.072 0 0 0
A5898  ep = 2450400.5
1.85457 0.0847564 2.00691 47.4927 135.551 327.833 0 0 0
A5899  ep = 2450400.5
1.66688 0.0129434 8.40406 1.16012 28.6238 186.136 0 0 0
A5900  ep = 2450400.5
3.78356 4.87278e-05 0.189685 49.0325 43.3581 270.521 0 0 0
A5901  ep = 2450400.5
2.70359 0.00109311 4.71889 73.017 179.936 22.5514 0 0 0
A5902  ep = 2450400.5
1.8653 0.0188367 3.87899 272.744 5.58654 149.278 0 0 0
A5903  ep = 2450400.5
3.91549 0.0323045 2.4225 37.2356 169.12 204.107 0 0 0
A5904  ep = 2450400.5
2.0029 0.0495924 3.99845 252.398 288.778 263.493 0 0 0
A5905  ep = 2450400.5
2.36014 0.0898189 5.85656 314.088 321.071 9.89733 0 0 0
A5906  ep = 2450400.5
3.65478 0.0794817 0.491621 106.327 296.125 12.2773 0 0 0
A5907  ep = 2450400.5
2.23497 0.0311702 0.773184 23.0824 144.074 36.513 0 0 0
A5908  ep = 2450400.5
1.90314 0.0894048 1.25726 189.384 22.5187 141.701 0 0 0
A5909  ep = 2450400.5
3.3442 0.0965858 9.17047 48.1758 348.563 294.892 0 0 0
A5910  ep = 2450400.5
3.29672 0.0775406 9.25048 57.2338 189.29 141.848 0 0 0
A5911  ep = 2450400.5
3.94198 0.036782 1.94416 2.35691 173.554 206.668 0 0 0
A5912  ep = 2450400.5
3.32272 0.0780389 6.00059 2.63193 11.5547 66.0863 0 0 0
A5913  ep = 2450400.5
1.61857 0.0753858 3.09939 185.328 280.089 273.243 0 0 0
A5914  ep = 2450400.5
2.25049 0.072023 5.9121 238.414 357.276 28.0114 0 0 0
A5915  ep = 2450400.5
2.56548 0.0514198 4.13319 272.797 30.4154 267.559 0 0 0
A5916  ep = 2450400.5
2.84771 0.0589324 0.76829 225.404 166.924 155.268 0 0 0
A5917  ep = 2450400.5
2.83017 0.0912685 0.48895 166.486 75.7513 304.84 0 0 0
A5918  ep = 2450400.5
2.75222 0.0513416 5.97969 52.134 201.699 356.366 0 0 0
A5919  ep = 2450400.5
1.83309 0.0453762 3.37074 94.3029 270.879 66.2039 0 0 0
A5920  ep = 2450400.5
3.87426 0.0126761 6.47526 328.465 354.408 108.343 0 0 0
A5921  ep = 2450400.5
1.54175 0.0427744 3.09042 106.107 14.5823 52.8049 0 0 0
A5922  ep = 2450400.5
3.28631 0.00322215 2.54716 84.1235 196.948 7.48675 0 0 0
A5923  ep = 2450400.5
1.62326 0.080182 4.19027 63.9987 268.229 233.511 0 0 0
A5924  ep = 2450400.5
1.54868 0.0570044 9.73305 128.449 101.199 227.6 0 0 0
A5925  ep = 2450400.5
2.33478 0.0126393 1.29258 265.617 173.413 220.99 0 0 0
A5926  ep = 2450400.5
2.04908 0.0187074 0.154614 224.78 204.018 211.161 0 0 0
A5927  ep = 2450400.5
1.60775 0.0985529 4.78789 192.608 20.92 0.353322 0 0 0
A5928  ep = 2450400.5
3.11956 0.0342963 1.17111 297.716 115.327 6.30387 0 0 0
A5929  ep = 2450400.5
3.55259 0.0237695 4.94156 182.71 339.474 359.257 0 0 0
A5930  ep = 2450400.5
2.6041 0.0251821 2.35396 238.045 268.992 110.632 0 0 0
A5931  ep = 2450400.5
3.80983 0.0197119 7.98162 162.08 319.979 325.97 0 0 0
A5932  ep = 2450400.5
2.56282 0.0399063 4.04729 322.604 329.063 260.429 0 0 0
A5933  ep = 2450400.5
4.06618 0.0522637 9.96172 229.529 111.892 283.496 0 0 0
A5934  ep = 2450400.5
2.60085 0.0762009 0.0773633 190.794 224.883 338.291 0 0 0
A5935  ep = 2450400.5
1.66805 0.0265686 6.39183 204.295 250.327 27.5133 0 0 0
A5936  ep = 2450400.5
2.75917 0.00709302 0.123898 20.7933 116.05 192.062 0 0 0
A5937  ep = 2450400.5
2.75426 0.0757657 5.93596 134.455 331.871 348.406 0 0 0
A5938  ep = 2450400.5
3.14899 0.0394795 3.32535 318.403 285.045 335.027 0 0 0
A5939  ep = 2450400.5
1.50661 0.0721277 9.5025 16.3353 318.329 36.644 0 0 0
A5940  ep = 2450400.5
3.9399 0.0880527 7.02155 226.451 303.035 1.86362 0 0 0
A5941  ep = 2450400.5
2.25759 0.0575717 0.0691951 219.877 3.55752 84.9348 0 0 0
A5942  ep = 2450400.5
3.92937 0.0925014 2.7024 179.034 172.082 40.106 0 0 0
A5943  ep = 2450400.5
4.0887 0.08542 5.54038 276.361 312.992 71.9998 0 0 0
A5944  ep = 2450400.5
2.2363 0.0866713 5.85057 96.8232 23.6632 109.88 0 0 0
A5945  ep = 2450400.5
3.30952 0.04956 2.54276 301.729 134.532 342.114 0 0 0
A5946  ep = 2450400.5
1.9493 0.00514892 6.37834 133.181 48.8332 301.561 0 0 0
A5947  ep = 2450400.5
1.53259 0.0717985 6.17468 22.0033 125.228 358.87 0 0 0
A5948  ep = 2450400.5
2.77692 0.0691896 2.68786 223.958 156.132 142.214 0 0 0
A5949  ep = 2450400.5
2.94157 0.0321683 2.52246 202.507 228.855 19.0895 0 0 0
A5950  ep = 2450400.5
3.92646 0.0582168 4.49962 225.057 228.715 169.523 0 0 0
A5951  ep = 2450400.5
3.07409 0.078124 7.30506 312.881 136.619 119.802 0 0 0
A5952  ep = 2450400.5
3.71083 0.0720158 5.69921 281.479 328.673 227.272 0 0 0
A5953  ep = 2450400.5
1.60498 0.0279739 7.58093 142.984 162.128 7.53245 0 0 0
A5954  ep = 2450400.5
1.97195 0.0988226 3.11306 330.691 23.6655 119.768 0 0 0
A5955  ep = 2450400.5
3.64791 0.0540108 6.5967 237.774 296.125 258.021 0 0 0
A5956  ep = 2450400.5
1.51937 0.0257509 2.9474 351.753 56.6058 302.606 0 0 0
A5957  ep = 2450400.5
2.27583 0.0801656 1.42839 36.4141 303.867 350.749 0 0 0
A5958  ep = 2450400.5
2.16718 0.0543875 0.909672 225.393 106.713 63.8055 0 0 0
A5959  ep = 2450400.5
2.55564 0.0330739 0.730115 283.616 6.85784 125.326 0 0 0
A5960  ep = 2450400.5
3.10917 0.0694303 9.15208 288.33 236.679 73.2643 0 0 0
A5961  ep = 2450400.5
2.86981 0.0974278 6.68468 167.042 235.575 280.47 0 0 0
A5962  ep = 2450400.5
2.70407 0.0959996 8.65363 104.456 164.87 116.296 0 0 0
A5963  ep = 2450400.5
3.25636 0.0634149 9.14435 33.9588 242.558 313.69 0 0 0
A5964  ep = 2450400.5
3.50687 0.0260735 1.16669 130.636 123.49 196.887 0 0 0
A5965  ep = 2450400.5
2.53729 0.0989028 2.58831 196.044 310.976 85.0121 0 0 0
A5966  ep = 2450400.5
3.81499 0.0937385 0.626757 268.992 326.324 284.67 0 0 0
A5967  ep = 2450400.5
1.60619 0.0553219 3.94531 7.60237 117.898 121.254 0 0 0
A5968  ep = 2450400.5
3.27899 0.0188488 2.91308 120.079 193.857 39.2677 0 0 0
A5969  ep = 2450400.5
2.40996 0.0279989 6.77643 326.596 12.2592 94.881 0 0 0
A5970  ep = 2450400.5
2.43411 0.00974121 3.20589 48.8656 199.637 146.558 0 0 0
A5971  ep = 2450400.5
3.56462 0.0956148 2.97861 284.82 328.669 81.1485 0 0 0
A5972  ep = 2450400.5
2.43927 0.0483041 3.47224 29.4537 55.991 30.803 0 0 0
A5973  ep = 2450400.5
2.28583 0.0998354 9.32759 148.747 301.864 59.0223 0 0 0
A5974  ep = 2450400.5
3.7785 0.0376975 6.81478 192.751 205.538 297.085 0 0 0
A5975  ep = 2450400.5
1.56446 0.0905688 6.89012 31.8046 0.561138 289.613 0 0 0
A5976  ep = 2450400.5
3.94053 0.0884605 3.55841 125.466 127.837 34.6124 0 0 0
A5977  ep = 2450400.5
2.04319 0.0847151 0.0595938 145.76 290.729 185.268 0 0 0
A5978  ep = 2450400.5
2.00529 0.0713464 0.189051 230.356 123.61 248.266 0 0 0
A5979  ep = 2450400.5
3.1677 0.045106 0.96388 174.212 13.1088 65.7375 0 0 0
A5980  ep = 2450400.5
3.2521 0.0827124 7.47554 99.7202 321.95 72.1676 0 0 0
A5981  ep = 2450400.5
3.41311 0.00414055 9.90162 54.7946 355.135 160.25 0 0 0
A5982  ep = 2450400.5
2.52728 0.00678188 8.83125 6.53929 151.074 206.896 0 0 0
A5983  ep = 2450400.5
2.33088 0.0423814 9.03494 89.026 165.232 214.693 0 0 0
A5984  ep = 2450400.5
1.51271 0.0499049 3.50815 227.855 278.987 354.348 0 0 0
A5985  ep = 2450400.5
3.11471 0.0891754 5.70417 147.787 290.469 15.569 0 0 0
A5986  ep = 2450400.5
3.16245 0.0384359 3.92575 42.2422 87.0926 249.056 0 0 0
A5987  ep = 2450400.5
2.57454 0.0657406 1.01495 305.798 0.291137 176.325 0 0 0
A5988  ep = 2450400.5
2.2007 0.00914789 4.48532 295.269 234.679 76.2643 0 0 0
A5989  ep = 2450400.5
3.64916 0.0900076 9.57985 289.367 239.799 139.839 0 0 0
A5990  ep = 2450400.5
3.51675 0.0363183 9.02292 81.4014 162.943 88.9898 0 0 0
A5991  ep = 2450400.5
3.52239 0.0231288 3.26392 112.183 246.066 16.7026 0 0 0
A5992  ep = 2450400.5
2.92177 0.0985844 5.07276 305.436 355.989 259.936 0 0 0
A5993  ep = 2450400.5
1.87332 0.0676031 2.05176 62.3276 57.6196 220.054 0 0 0
A5994  ep = 2450400.5
3.12821 0.0437307 0.826879 316.382 124.28 247.053 0 0 0
A5995  ep = 2450400.5
2.81381 0.0937894 6.18171 73.8808 61.4621 184.811 0 0 0
A5996  ep = 2450400.5
4.04258 0.0956297 1.47732 342.176 34.7319 283.036 0 0 0
A5997  ep = 2450400.5
2.72346 0.0807819 7.01793 249.257 359.842 299.595 0 0 0
A5998  ep = 2450400.5
3.55664 0.0913829 8.72101 84.4238 228.527 208.504 0 0 0
A5999  ep = 2450400.5
2.66143 0.0892017 2.12684 88.5986 327.702 115.435 0 0 0
A6000  ep = 2450400.5
2.00387 0.0197526 7.82328 299.896 121.975 333.479 0 0 0
