)O+_06 Small-body initial data  (WARNING: Do not delete this line!!)
) Lines beginning with `)' are ignored.
)----------------------------------------------------------------------
 style (Cartesian, Asteroidal, Cometary) = Ast
)---------------------------------------------------------------------
A1001  ep = 2450400.5
1.61441 0.0302542 5.82451 337.036 217.803 281.919 0 0 0
A1002  ep = 2450400.5
1.6196 0.0393434 5.45187 25.4427 159.46 43.6318 0 0 0
A1003  ep = 2450400.5
3.28287 0.00300698 6.38342 213.297 23.539 315.794 0 0 0
A1004  ep = 2450400.5
1.68021 0.0276246 8.87254 82.7115 55.8822 43.0713 0 0 0
A1005  ep = 2450400.5
3.12295 0.0994733 5.47454 136.947 1.4123 165.925 0 0 0
A1006  ep = 2450400.5
3.75953 0.035464 8.44001 212.669 264.297 228.438 0 0 0
A1007  ep = 2450400.5
1.91817 0.0260001 5.83758 323.659 46.8108 139.139 0 0 0
A1008  ep = 2450400.5
3.91632 0.0736532 1.8998 327.836 133.3 286.967 0 0 0
A1009  ep = 2450400.5
3.30611 0.0473039 3.36488 231.819 41.5106 333.794 0 0 0
A1010  ep = 2450400.5
2.41406 0.0939682 6.22795 263.296 260.294 72.9848 0 0 0
A1011  ep = 2450400.5
3.00919 0.0402282 4.1593 304.405 139.307 63.8694 0 0 0
A1012  ep = 2450400.5
3.02776 0.0988156 4.93685 56.2779 356.143 270.527 0 0 0
A1013  ep = 2450400.5
1.88769 0.0420172 8.82335 116.191 330.18 2.43451 0 0 0
A1014  ep = 2450400.5
2.81759 0.0954039 9.53309 76.8944 144.309 76.7403 0 0 0
A1015  ep = 2450400.5
1.52739 0.0943119 1.99497 56.8491 15.2312 138.825 0 0 0
A1016  ep = 2450400.5
3.88247 0.0476061 6.16136 283.759 284.906 263.488 0 0 0
A1017  ep = 2450400.5
2.8268 0.056148 2.79288 296.09 327.261 28.5082 0 0 0
A1018  ep = 2450400.5
2.73916 0.0244223 3.65344 77.684 145.809 54.7431 0 0 0
A1019  ep = 2450400.5
1.84934 0.075048 8.32378 20.8343 191.975 43.8259 0 0 0
A1020  ep = 2450400.5
3.08329 0.063279 5.30198 89.53 139.723 178.297 0 0 0
A1021  ep = 2450400.5
2.23642 0.0901027 2.55288 351.404 54.2405 274.325 0 0 0
A1022  ep = 2450400.5
4.05264 0.0714131 4.40277 24.4847 203.434 260.404 0 0 0
A1023  ep = 2450400.5
3.92986 0.0401519 4.33328 248.535 272.17 311.164 0 0 0
A1024  ep = 2450400.5
2.81699 0.0684253 1.23629 161.688 316.474 276.735 0 0 0
A1025  ep = 2450400.5
2.58054 0.0019877 3.07295 303.561 43.3458 329.741 0 0 0
A1026  ep = 2450400.5
2.55532 0.0308435 0.863674 11.8549 263.382 263.273 0 0 0
A1027  ep = 2450400.5
3.89146 0.0424452 0.77036 41.0908 311.519 30.7458 0 0 0
A1028  ep = 2450400.5
1.7133 0.0915239 3.4263 289.384 66.2127 77.9422 0 0 0
A1029  ep = 2450400.5
2.54507 0.0334526 5.3762 158.064 232.617 266.471 0 0 0
A1030  ep = 2450400.5
4.06599 0.094745 4.79045 329.433 254.931 210.338 0 0 0
A1031  ep = 2450400.5
1.50117 0.0323766 1.53402 283.629 70.3369 54.9678 0 0 0
A1032  ep = 2450400.5
2.21123 0.0698898 5.37789 337.707 183.659 241.652 0 0 0
A1033  ep = 2450400.5
2.59428 0.0900202 9.70273 199.044 359.314 305.55 0 0 0
A1034  ep = 2450400.5
2.62895 0.0151196 4.15559 276.983 75.5317 208.1 0 0 0
A1035  ep = 2450400.5
3.31429 0.0560303 2.01014 68.4945 327.384 219.644 0 0 0
A1036  ep = 2450400.5
3.49694 0.0508943 0.812101 14.6219 166.511 221.007 0 0 0
A1037  ep = 2450400.5
3.75357 0.0717216 6.24744 336.89 299.812 332.737 0 0 0
A1038  ep = 2450400.5
3.60139 0.0508796 0.335658 96.719 178.704 210.008 0 0 0
A1039  ep = 2450400.5
1.74695 0.083935 2.96074 287.479 187.488 299.853 0 0 0
A1040  ep = 2450400.5
2.80007 0.091943 0.861367 185.67 227.912 104.939 0 0 0
A1041  ep = 2450400.5
2.58334 0.0601184 9.10221 359.804 289.93 329.344 0 0 0
A1042  ep = 2450400.5
3.43429 0.031808 1.96385 343.335 141.64 63.8577 0 0 0
A1043  ep = 2450400.5
3.29345 0.0246038 4.15599 61.1559 78.5693 276.76 0 0 0
A1044  ep = 2450400.5
1.7119 0.0530664 2.86791 143.909 348.076 149.94 0 0 0
A1045  ep = 2450400.5
2.23031 0.0859853 4.54949 94.0642 192.139 349.529 0 0 0
A1046  ep = 2450400.5
3.92598 0.0883981 3.0757 83.8965 131.604 278.63 0 0 0
A1047  ep = 2450400.5
2.13004 0.0177695 5.52303 2.24798 312.739 336.453 0 0 0
A1048  ep = 2450400.5
2.6985 0.0233459 3.75378 95.3273 359.353 194.697 0 0 0
A1049  ep = 2450400.5
2.46675 0.0659484 7.9513 353.309 242.412 170.152 0 0 0
A1050  ep = 2450400.5
2.13675 0.00499623 5.71624 36.7334 136.421 273.652 0 0 0
A1051  ep = 2450400.5
2.52719 0.00180454 5.28864 125.542 299.432 22.0713 0 0 0
A1052  ep = 2450400.5
2.56831 0.0353952 3.87685 53.2745 320.481 42.8521 0 0 0
A1053  ep = 2450400.5
3.55526 0.0368769 4.89259 315.282 253.041 269.34 0 0 0
A1054  ep = 2450400.5
3.41086 0.0197659 5.05646 333.074 287.312 255.237 0 0 0
A1055  ep = 2450400.5
1.68991 0.0494958 7.75786 126.727 99.0906 214.645 0 0 0
A1056  ep = 2450400.5
2.23683 0.0135165 3.70989 103.087 227.843 346.299 0 0 0
A1057  ep = 2450400.5
1.5256 0.0498125 6.99231 222.259 285.677 355.02 0 0 0
A1058  ep = 2450400.5
3.55577 0.0955113 4.59121 187.301 247.598 210.853 0 0 0
A1059  ep = 2450400.5
3.01361 0.0160602 8.24456 146.601 99.7941 354.189 0 0 0
A1060  ep = 2450400.5
1.94597 0.0429452 6.80026 27.3792 97.2121 92.8287 0 0 0
A1061  ep = 2450400.5
3.36526 0.00977021 6.07967 57.7684 282.574 263.075 0 0 0
A1062  ep = 2450400.5
2.65638 0.0951819 3.22173 91.6375 25.1093 107.707 0 0 0
A1063  ep = 2450400.5
2.63516 0.0973914 3.57694 30.1151 182.827 22.5695 0 0 0
A1064  ep = 2450400.5
1.63771 0.0241874 6.17371 345.661 136.585 176.482 0 0 0
A1065  ep = 2450400.5
3.77932 0.0210993 3.16437 205.852 99.434 40.7877 0 0 0
A1066  ep = 2450400.5
2.04683 0.079106 8.35146 149.473 121.038 37.2376 0 0 0
A1067  ep = 2450400.5
1.66481 0.00854684 6.46668 170.73 80.4796 9.19773 0 0 0
A1068  ep = 2450400.5
3.57293 0.0628656 3.81865 69.3854 228.716 21.2076 0 0 0
A1069  ep = 2450400.5
3.80803 0.0141248 1.95487 186.691 314.939 209.927 0 0 0
A1070  ep = 2450400.5
1.9163 0.013072 0.0150366 71.4031 193.395 43.5757 0 0 0
A1071  ep = 2450400.5
3.13846 0.0361581 5.09106 61.5461 31.3746 280.562 0 0 0
A1072  ep = 2450400.5
1.50361 0.0445402 7.86445 47.8235 142.828 225.314 0 0 0
A1073  ep = 2450400.5
2.64072 0.0694154 1.64649 316.797 153.314 168.024 0 0 0
A1074  ep = 2450400.5
2.08065 0.0824751 0.584709 45.0163 35.0616 261.794 0 0 0
A1075  ep = 2450400.5
2.38949 0.0423901 9.5078 107.903 267.764 291.113 0 0 0
A1076  ep = 2450400.5
2.66192 0.0522015 0.514041 264.049 167.326 302.085 0 0 0
A1077  ep = 2450400.5
3.28907 0.00220382 2.39654 175.626 312.526 29.32 0 0 0
A1078  ep = 2450400.5
2.88447 0.0901727 6.32792 156.057 350.196 132.597 0 0 0
A1079  ep = 2450400.5
3.25534 0.0709788 2.40185 204.261 120.593 195.97 0 0 0
A1080  ep = 2450400.5
3.01639 0.067545 5.28138 340.933 230.73 156.884 0 0 0
A1081  ep = 2450400.5
2.25023 0.0128284 1.0639 52.8014 26.2667 305.691 0 0 0
A1082  ep = 2450400.5
2.5274 0.0708522 3.13625 256.125 82.3078 294.562 0 0 0
A1083  ep = 2450400.5
2.48415 0.0801548 3.62002 290.493 302.137 325.573 0 0 0
A1084  ep = 2450400.5
2.26035 0.0170348 9.04333 329.127 291.657 14.0548 0 0 0
A1085  ep = 2450400.5
2.96874 0.0640461 4.23049 174.388 18.2164 334.675 0 0 0
A1086  ep = 2450400.5
2.59417 0.0950605 8.81115 36.6276 188.112 113.877 0 0 0
A1087  ep = 2450400.5
2.31848 0.0280933 3.64378 223.45 175.277 108.171 0 0 0
A1088  ep = 2450400.5
1.91183 0.0646361 8.38578 199.123 312.463 291.03 0 0 0
A1089  ep = 2450400.5
1.9875 0.00621873 7.18182 301.19 61.3115 308.397 0 0 0
A1090  ep = 2450400.5
3.91806 0.0456362 0.0715469 112.745 36.2513 20.4615 0 0 0
A1091  ep = 2450400.5
2.35221 0.0192028 4.41945 105.87 305.05 77.3979 0 0 0
A1092  ep = 2450400.5
2.28635 0.0958745 7.63109 74.155 150.736 87.9526 0 0 0
A1093  ep = 2450400.5
1.80648 0.0491546 5.41054 316.265 135.33 134.619 0 0 0
A1094  ep = 2450400.5
2.46718 0.0220964 4.7338 26.7102 215.691 112.232 0 0 0
A1095  ep = 2450400.5
3.43914 0.0473712 5.67958 293.523 242.63 346.949 0 0 0
A1096  ep = 2450400.5
2.09672 0.00291419 8.78771 85.749 148.339 15.3758 0 0 0
A1097  ep = 2450400.5
1.90144 0.0700905 7.1155 209.417 280.421 189.796 0 0 0
A1098  ep = 2450400.5
2.7273 0.00827668 5.06162 193.184 18.7789 7.59862 0 0 0
A1099  ep = 2450400.5
3.60644 0.0862277 8.2865 334.06 328.288 56.3192 0 0 0
A1100  ep = 2450400.5
1.75817 0.0952177 4.23217 108.124 123.963 151.702 0 0 0
A1101  ep = 2450400.5
2.93384 0.021487 6.32644 22.5626 65.2731 331.569 0 0 0
A1102  ep = 2450400.5
1.74685 0.053794 7.15972 336.499 335.214 186.859 0 0 0
A1103  ep = 2450400.5
3.3009 0.0523903 4.24588 301.449 356.836 21.3993 0 0 0
A1104  ep = 2450400.5
3.94272 0.0374673 6.13052 181.453 51.7763 59.4389 0 0 0
A1105  ep = 2450400.5
2.69661 0.0277316 1.8446 326.482 189.862 224.882 0 0 0
A1106  ep = 2450400.5
3.0659 0.0223373 9.2217 130.544 333.392 93.6395 0 0 0
A1107  ep = 2450400.5
1.72093 0.06822 2.7289 120.905 187.325 46.4235 0 0 0
A1108  ep = 2450400.5
2.58656 0.028414 3.53662 23.5236 76.3745 118.127 0 0 0
A1109  ep = 2450400.5
3.32812 0.0623533 0.716502 137.187 283.512 109.792 0 0 0
A1110  ep = 2450400.5
2.51017 0.0161652 7.88324 305.096 66.9554 357.993 0 0 0
A1111  ep = 2450400.5
2.03824 0.0703262 1.72934 198.738 112.611 126.166 0 0 0
A1112  ep = 2450400.5
1.90493 0.082916 6.69865 168.895 160.862 50.6302 0 0 0
A1113  ep = 2450400.5
2.34007 0.000834273 2.21632 160.547 247.492 134.84 0 0 0
A1114  ep = 2450400.5
2.35057 0.0918004 7.88727 70.6889 117.803 226.707 0 0 0
A1115  ep = 2450400.5
2.32857 0.0620028 9.80542 208.492 345.127 184.923 0 0 0
A1116  ep = 2450400.5
1.56356 0.0847854 8.8801 46.9694 185.997 193.775 0 0 0
A1117  ep = 2450400.5
2.40482 0.068351 7.76054 166.934 209.335 293.512 0 0 0
A1118  ep = 2450400.5
1.9717 0.0957884 5.15306 15.847 320.493 213.929 0 0 0
A1119  ep = 2450400.5
3.77933 0.0373911 3.32499 2.75812 269.424 105.897 0 0 0
A1120  ep = 2450400.5
4.02762 0.0260099 3.49095 160.817 239.086 249.596 0 0 0
A1121  ep = 2450400.5
3.65109 0.015968 5.73941 267.162 78.2438 294.124 0 0 0
A1122  ep = 2450400.5
3.12353 0.0823317 0.490605 342.583 23.4998 314.179 0 0 0
A1123  ep = 2450400.5
1.56377 0.0128667 1.49977 316.482 139.282 79.9376 0 0 0
A1124  ep = 2450400.5
3.9251 0.0338076 4.04826 178.776 251.026 158.583 0 0 0
A1125  ep = 2450400.5
4.05379 0.0257299 1.4323 355.201 298.66 15.1755 0 0 0
A1126  ep = 2450400.5
2.80529 0.021258 1.8367 288.835 330.441 152.216 0 0 0
A1127  ep = 2450400.5
2.91199 0.0194936 2.29621 98.3807 224.97 173.518 0 0 0
A1128  ep = 2450400.5
2.54251 0.068233 4.91317 43.5501 249.866 129.152 0 0 0
A1129  ep = 2450400.5
2.96685 0.0518154 9.62122 121.429 53.2781 240.78 0 0 0
A1130  ep = 2450400.5
3.703 0.0152904 0.863143 268.863 237.061 227.339 0 0 0
A1131  ep = 2450400.5
3.8922 0.027315 0.830781 213.897 101.826 49.014 0 0 0
A1132  ep = 2450400.5
1.50048 0.0590381 4.53182 348.315 146.789 251.528 0 0 0
A1133  ep = 2450400.5
1.62746 0.0732891 3.69427 70.0843 211.077 206.074 0 0 0
A1134  ep = 2450400.5
3.71149 0.0238685 7.58335 247.222 304.876 171.706 0 0 0
A1135  ep = 2450400.5
1.70871 0.045062 4.56574 27.5909 258.764 153.215 0 0 0
A1136  ep = 2450400.5
2.44931 0.016816 0.257254 42.8322 251.195 143.515 0 0 0
A1137  ep = 2450400.5
3.78477 0.0780316 8.77164 176.195 108.714 200.811 0 0 0
A1138  ep = 2450400.5
2.45216 0.0437852 1.97708 279.345 272.096 249.266 0 0 0
A1139  ep = 2450400.5
2.06877 0.0576572 6.44315 247.145 168.062 143.359 0 0 0
A1140  ep = 2450400.5
3.14154 0.0164954 5.37996 115.635 352.641 247.943 0 0 0
A1141  ep = 2450400.5
3.88536 0.056238 4.91463 267.936 14.6096 343.952 0 0 0
A1142  ep = 2450400.5
2.00688 0.0317253 0.0743997 83.3256 195.156 48.8243 0 0 0
A1143  ep = 2450400.5
1.64131 0.0492619 7.4399 214.066 328.166 85.7962 0 0 0
A1144  ep = 2450400.5
2.68481 0.0190419 6.37494 236.076 198.297 343.763 0 0 0
A1145  ep = 2450400.5
2.55591 0.0318332 2.206 156.355 16.0636 188.592 0 0 0
A1146  ep = 2450400.5
2.3622 0.00276058 3.97039 306.381 174.554 228.431 0 0 0
A1147  ep = 2450400.5
3.00426 0.0191723 1.28752 287.081 161.319 112.161 0 0 0
A1148  ep = 2450400.5
2.04337 0.00125452 4.84651 74.5839 59.1442 135.753 0 0 0
A1149  ep = 2450400.5
3.16244 0.00731717 6.79594 121.877 343.36 27.1935 0 0 0
A1150  ep = 2450400.5
2.10461 0.0800211 6.14925 325.96 219.623 117.905 0 0 0
A1151  ep = 2450400.5
3.91247 0.096204 9.01308 61.0314 250.12 70.3228 0 0 0
A1152  ep = 2450400.5
1.9921 0.0284478 8.22278 256.259 63.5504 173.875 0 0 0
A1153  ep = 2450400.5
2.69301 0.0410954 7.90153 44.668 321.565 128.219 0 0 0
A1154  ep = 2450400.5
3.91062 0.0468791 3.96301 136.853 151.541 275.329 0 0 0
A1155  ep = 2450400.5
2.40581 0.0974339 2.71339 30.5614 7.03364 261.062 0 0 0
A1156  ep = 2450400.5
2.49983 0.0322615 9.19301 344.153 309.376 231.348 0 0 0
A1157  ep = 2450400.5
3.13745 0.0204374 7.916 55.9299 291.17 328.409 0 0 0
A1158  ep = 2450400.5
3.84586 0.0906736 9.51737 280.116 127.882 222.731 0 0 0
A1159  ep = 2450400.5
1.77871 0.00756164 8.88433 316.285 13.1603 147.146 0 0 0
A1160  ep = 2450400.5
3.40602 0.0589298 5.33309 267.459 7.33665 299.258 0 0 0
A1161  ep = 2450400.5
2.5813 0.0900585 2.12955 85.2445 171.45 166.413 0 0 0
A1162  ep = 2450400.5
2.46968 0.0970056 4.73556 263.088 291.658 220.489 0 0 0
A1163  ep = 2450400.5
2.52773 0.0320917 3.65285 164.915 94.2049 114.346 0 0 0
A1164  ep = 2450400.5
4.03037 0.0217462 6.89214 252.99 75.4849 44.695 0 0 0
A1165  ep = 2450400.5
1.53094 0.0206844 4.41907 73.0858 147.642 8.02078 0 0 0
A1166  ep = 2450400.5
3.42079 0.0370121 3.63071 211.292 223.884 187.051 0 0 0
A1167  ep = 2450400.5
3.05014 0.0267992 4.13519 172.169 65.0137 161.394 0 0 0
A1168  ep = 2450400.5
2.18226 0.0629396 6.25547 66.7581 350.871 344.431 0 0 0
A1169  ep = 2450400.5
3.22457 0.0859699 5.95523 12.2788 68.0535 339.32 0 0 0
A1170  ep = 2450400.5
3.93933 0.0321 3.05141 128.075 141.645 254.125 0 0 0
A1171  ep = 2450400.5
2.9395 0.0271706 8.55899 347.957 303.85 319.345 0 0 0
A1172  ep = 2450400.5
3.1051 0.0116997 1.3672 340.417 293.584 251.274 0 0 0
A1173  ep = 2450400.5
2.93256 0.0195183 1.44438 356.092 246.925 298.341 0 0 0
A1174  ep = 2450400.5
2.23114 0.00899028 7.99605 336.895 309.097 278.209 0 0 0
A1175  ep = 2450400.5
3.80663 0.0865567 3.57746 192.98 1.99031 31.4194 0 0 0
A1176  ep = 2450400.5
2.07649 0.00790192 7.07592 291.713 220.919 99.0786 0 0 0
A1177  ep = 2450400.5
3.28924 0.0395884 1.61523 171.794 311.637 164.225 0 0 0
A1178  ep = 2450400.5
2.20228 0.00380696 2.83645 161.374 54.9665 125.308 0 0 0
A1179  ep = 2450400.5
2.49131 0.0381463 1.24231 251.939 217.057 128.984 0 0 0
A1180  ep = 2450400.5
1.67398 0.0939003 7.82073 17.5811 23.3334 276.716 0 0 0
A1181  ep = 2450400.5
2.60274 0.0827017 5.67615 357.478 227.303 147.952 0 0 0
A1182  ep = 2450400.5
2.65926 0.0544761 8.80585 340.182 186.645 184.329 0 0 0
A1183  ep = 2450400.5
3.56108 0.0406429 0.855387 320.925 34.0585 194.82 0 0 0
A1184  ep = 2450400.5
2.82746 0.0806228 1.27873 47.3821 337.872 42.2176 0 0 0
A1185  ep = 2450400.5
3.4456 0.095503 5.19022 139.148 211.468 42.4436 0 0 0
A1186  ep = 2450400.5
3.09251 0.0753537 0.692196 119.145 178.401 109.4 0 0 0
A1187  ep = 2450400.5
2.43948 0.0435905 0.257134 292.75 190.591 201.381 0 0 0
A1188  ep = 2450400.5
2.66463 0.0367865 7.7045 94.1696 54.4242 353.099 0 0 0
A1189  ep = 2450400.5
4.08707 0.0666297 4.45814 283.973 324.119 107.274 0 0 0
A1190  ep = 2450400.5
2.58976 0.00657946 0.809173 18.8427 143.822 197.821 0 0 0
A1191  ep = 2450400.5
1.8114 0.00912387 0.449174 247.293 242.754 184.838 0 0 0
A1192  ep = 2450400.5
3.66019 0.0596963 9.14957 15.5829 343.8 222.24 0 0 0
A1193  ep = 2450400.5
2.12092 0.0809593 9.82816 255.638 147.545 163.092 0 0 0
A1194  ep = 2450400.5
2.70651 0.0063365 6.97484 69.8948 341.712 334.031 0 0 0
A1195  ep = 2450400.5
3.07646 0.0729869 9.90659 329.2 279.045 125.305 0 0 0
A1196  ep = 2450400.5
2.50721 0.00567241 3.36184 162.321 300.822 71.8434 0 0 0
A1197  ep = 2450400.5
3.17625 0.0227981 1.67032 175.25 290.722 354.34 0 0 0
A1198  ep = 2450400.5
3.78627 0.0309395 9.99653 140.863 78.9955 186.505 0 0 0
A1199  ep = 2450400.5
4.06204 0.0364883 7.58955 291.852 6.46556 7.14415 0 0 0
A1200  ep = 2450400.5
3.4619 0.0319381 9.84394 44.8229 115.145 187.974 0 0 0
A1201  ep = 2450400.5
2.78299 0.0785553 5.7938 350.025 26.5731 299.494 0 0 0
A1202  ep = 2450400.5
1.82007 0.044811 8.3896 77.3773 292.309 27.7657 0 0 0
A1203  ep = 2450400.5
3.80726 0.0368232 8.87964 219.614 24.8315 347.101 0 0 0
A1204  ep = 2450400.5
2.04939 0.0871561 6.32997 50.9156 349.973 287.781 0 0 0
A1205  ep = 2450400.5
1.61954 0.0801518 8.12042 195.671 229.407 109.432 0 0 0
A1206  ep = 2450400.5
3.69498 0.093173 9.5798 88.1816 347.715 259.633 0 0 0
A1207  ep = 2450400.5
3.41772 0.0624659 0.643042 77.5597 41.6532 274.976 0 0 0
A1208  ep = 2450400.5
2.72559 0.0769654 6.57348 24.969 326.052 205.548 0 0 0
A1209  ep = 2450400.5
2.8886 0.0900655 3.30067 312.514 199.674 242.075 0 0 0
A1210  ep = 2450400.5
3.41059 0.095355 3.32201 80.037 86.3655 113.599 0 0 0
A1211  ep = 2450400.5
3.62742 0.0437508 3.19172 274.312 30.0952 99.2272 0 0 0
A1212  ep = 2450400.5
3.28708 0.0851412 0.67567 109.644 316.538 283.345 0 0 0
A1213  ep = 2450400.5
2.35544 0.0101094 7.08556 142.193 198.831 180.733 0 0 0
A1214  ep = 2450400.5
2.90895 0.0452035 9.35555 354.089 108.335 178.734 0 0 0
A1215  ep = 2450400.5
2.51323 0.0714252 0.435862 341.102 331.51 95.372 0 0 0
A1216  ep = 2450400.5
3.59334 0.0393697 7.87344 305.959 189.04 219.817 0 0 0
A1217  ep = 2450400.5
1.54243 0.0213262 7.29873 24.0532 212.371 224.938 0 0 0
A1218  ep = 2450400.5
1.67019 0.0327503 8.34975 119.619 249.091 324.82 0 0 0
A1219  ep = 2450400.5
2.24838 0.0650674 0.883807 68.171 133.811 215.564 0 0 0
A1220  ep = 2450400.5
3.00711 0.0625699 5.12485 122.702 123.028 214.817 0 0 0
A1221  ep = 2450400.5
1.66116 0.0757952 7.89972 98.5518 306.032 36.7956 0 0 0
A1222  ep = 2450400.5
3.22889 0.0972605 2.57408 146.202 141.334 133.512 0 0 0
A1223  ep = 2450400.5
1.78022 0.0484607 1.79735 58.0065 51.7798 258.097 0 0 0
A1224  ep = 2450400.5
3.88625 0.00767877 8.57158 7.9842 253.212 228.973 0 0 0
A1225  ep = 2450400.5
2.64895 0.0579374 8.54626 115.355 33.1395 136.041 0 0 0
A1226  ep = 2450400.5
2.73405 0.0529045 9.66446 328.282 354.885 93.9225 0 0 0
A1227  ep = 2450400.5
3.55285 0.0110266 5.2449 79.8678 138.598 150.626 0 0 0
A1228  ep = 2450400.5
3.08466 0.0696613 9.9789 331.979 354.796 159.828 0 0 0
A1229  ep = 2450400.5
2.88054 0.0647289 4.99147 313.824 306.474 50.4771 0 0 0
A1230  ep = 2450400.5
2.54848 0.0986179 3.71414 197.598 9.67033 19.4952 0 0 0
A1231  ep = 2450400.5
1.60441 0.0690309 3.01866 252.217 229.232 133.603 0 0 0
A1232  ep = 2450400.5
3.07467 0.0574412 1.13767 218.306 110.239 129.689 0 0 0
A1233  ep = 2450400.5
3.78315 0.0393347 9.97961 250.992 217.418 90.7867 0 0 0
A1234  ep = 2450400.5
2.15326 0.0262672 0.730225 309.457 204.642 216.586 0 0 0
A1235  ep = 2450400.5
3.34069 0.0723935 2.18073 218.815 238.936 20.2096 0 0 0
A1236  ep = 2450400.5
2.38738 0.0753248 2.83762 167.497 217.876 102.33 0 0 0
A1237  ep = 2450400.5
3.84977 0.031018 4.18874 83.5062 150.311 170.427 0 0 0
A1238  ep = 2450400.5
3.68522 0.0844825 3.98191 124.938 257.292 327.736 0 0 0
A1239  ep = 2450400.5
3.45222 0.0263097 6.87542 104.915 98.9502 155.627 0 0 0
A1240  ep = 2450400.5
3.37457 0.0465695 3.94391 354.516 79.8466 56.4654 0 0 0
A1241  ep = 2450400.5
3.17521 0.0129899 7.21507 155.985 134.572 19.4505 0 0 0
A1242  ep = 2450400.5
2.6469 0.00274476 6.31251 78.2797 302.604 302.797 0 0 0
A1243  ep = 2450400.5
2.27523 0.0397735 2.72811 331.391 207.718 231.969 0 0 0
A1244  ep = 2450400.5
2.1361 0.0909614 9.88048 182.493 11.7552 65.2666 0 0 0
A1245  ep = 2450400.5
1.55108 0.0248675 8.48334 101.338 53.1558 89.221 0 0 0
A1246  ep = 2450400.5
2.23825 0.0658893 2.01928 28.397 93.2809 192.37 0 0 0
A1247  ep = 2450400.5
3.73967 0.0359316 1.02236 68.1177 267.822 260.069 0 0 0
A1248  ep = 2450400.5
3.77749 0.0363661 8.04351 236.581 35.8653 350.112 0 0 0
A1249  ep = 2450400.5
2.06263 0.097094 4.59086 49.3505 356.946 209.298 0 0 0
A1250  ep = 2450400.5
2.76396 0.0272534 3.48135 194.287 82.6197 106.201 0 0 0
A1251  ep = 2450400.5
3.49665 0.0102034 7.88252 251.377 31.6081 60.8562 0 0 0
A1252  ep = 2450400.5
1.92029 0.0856712 6.7578 345.637 41.2609 109.562 0 0 0
A1253  ep = 2450400.5
1.91138 0.00987192 2.17385 152.534 231.52 222.844 0 0 0
A1254  ep = 2450400.5
3.34859 0.0360006 0.616648 256.311 97.9852 103.798 0 0 0
A1255  ep = 2450400.5
3.77754 0.0522008 9.39006 21.5055 298.76 302.851 0 0 0
A1256  ep = 2450400.5
3.55471 0.0965629 1.32179 77.9693 209.545 20.373 0 0 0
A1257  ep = 2450400.5
1.94429 0.0839957 8.15647 151.512 330.211 2.80378 0 0 0
A1258  ep = 2450400.5
2.07911 0.0799361 8.86533 190.176 36.072 347.682 0 0 0
A1259  ep = 2450400.5
3.68358 0.055341 7.15359 38.4033 268.238 274.348 0 0 0
A1260  ep = 2450400.5
3.61323 0.0962117 3.30532 272.293 35.9167 94.0005 0 0 0
A1261  ep = 2450400.5
2.18207 0.0391512 8.14959 87.482 114.611 347.329 0 0 0
A1262  ep = 2450400.5
3.0728 0.0978011 2.42892 143.578 21.5005 307.57 0 0 0
A1263  ep = 2450400.5
1.62029 0.0692515 3.10346 79.2109 138.886 282.788 0 0 0
A1264  ep = 2450400.5
1.69454 0.0925477 8.49057 117.247 263.882 138.097 0 0 0
A1265  ep = 2450400.5
2.84878 0.00580497 0.64114 202.725 234.719 23.6112 0 0 0
A1266  ep = 2450400.5
3.21686 0.0441465 3.69843 184.573 176.673 358.744 0 0 0
A1267  ep = 2450400.5
3.12916 0.0270121 0.920781 53.6576 42.1752 296.985 0 0 0
A1268  ep = 2450400.5
3.57267 0.0654451 1.35183 172.087 49.0507 15.35 0 0 0
A1269  ep = 2450400.5
3.41767 0.093953 1.68289 79.0009 41.7164 172.546 0 0 0
A1270  ep = 2450400.5
3.3617 0.0719516 6.90051 126.101 244.496 195.91 0 0 0
A1271  ep = 2450400.5
1.97225 0.0632754 5.70082 116.974 8.80608 57.706 0 0 0
A1272  ep = 2450400.5
1.67485 0.0790861 7.99992 291.073 51.9274 194.039 0 0 0
A1273  ep = 2450400.5
3.46896 0.0269149 7.59147 112.444 315.038 144.839 0 0 0
A1274  ep = 2450400.5
3.94531 0.0511876 7.10116 171.177 139.142 334.485 0 0 0
A1275  ep = 2450400.5
1.56488 0.0387371 4.54436 325.785 153.754 31.52 0 0 0
A1276  ep = 2450400.5
2.53484 0.0837979 0.90957 333.256 250.955 306.357 0 0 0
A1277  ep = 2450400.5
3.83074 0.0197056 8.91297 192.707 350.809 118.31 0 0 0
A1278  ep = 2450400.5
3.71439 0.0491394 7.85818 134.99 288.68 298.288 0 0 0
A1279  ep = 2450400.5
3.28542 0.0372946 0.108288 190.95 93.275 159.676 0 0 0
A1280  ep = 2450400.5
2.64811 0.0096439 6.84989 162.038 254.764 139.99 0 0 0
A1281  ep = 2450400.5
2.53652 0.00714891 6.51811 214.018 131.482 356.032 0 0 0
A1282  ep = 2450400.5
2.65445 0.00359328 7.92335 277.808 237.428 83.2191 0 0 0
A1283  ep = 2450400.5
1.50992 0.012583 1.82327 168.359 145.079 244.627 0 0 0
A1284  ep = 2450400.5
1.70384 0.0202971 2.33947 171.188 216.571 252.949 0 0 0
A1285  ep = 2450400.5
1.74669 0.0840406 3.70617 14.4305 285.594 82.3458 0 0 0
A1286  ep = 2450400.5
2.6777 0.069491 6.34923 269.127 131.834 273.73 0 0 0
A1287  ep = 2450400.5
2.98116 0.0163615 5.88314 168.448 276.078 155.711 0 0 0
A1288  ep = 2450400.5
3.69204 0.0980002 6.901 245.111 345.536 102.584 0 0 0
A1289  ep = 2450400.5
1.53759 0.0342298 9.00753 263.75 351.942 137.581 0 0 0
A1290  ep = 2450400.5
2.36097 0.088825 8.81854 48.0757 104.176 1.73549 0 0 0
A1291  ep = 2450400.5
2.7755 0.0405401 4.56738 12.082 189.066 100.897 0 0 0
A1292  ep = 2450400.5
2.19317 0.0748053 7.52599 86.8077 90.3554 125.687 0 0 0
A1293  ep = 2450400.5
2.98327 0.084262 2.91444 164.854 8.18419 349.707 0 0 0
A1294  ep = 2450400.5
1.87766 0.0174749 2.01481 99.4775 247.028 266.585 0 0 0
A1295  ep = 2450400.5
3.54993 0.0354628 2.24019 297.31 129.217 134.342 0 0 0
A1296  ep = 2450400.5
2.37013 0.0726635 5.54643 113.177 111.883 129.268 0 0 0
A1297  ep = 2450400.5
2.07065 0.08977 0.640301 90.0202 134.435 240.612 0 0 0
A1298  ep = 2450400.5
4.0606 0.0410831 8.83473 215.903 98.3277 344.583 0 0 0
A1299  ep = 2450400.5
3.05086 0.0956357 7.49193 2.84978 12.6766 147.9 0 0 0
A1300  ep = 2450400.5
3.70952 0.0017145 5.15641 339.185 103.175 157.588 0 0 0
A1301  ep = 2450400.5
3.36783 0.0449887 8.24335 284.679 313.731 337.878 0 0 0
A1302  ep = 2450400.5
2.93336 0.0159666 8.50639 167.769 30.6321 6.41775 0 0 0
A1303  ep = 2450400.5
3.75234 0.0432462 9.38754 188.233 246.206 106.973 0 0 0
A1304  ep = 2450400.5
4.08722 0.0593029 1.03506 182.727 274.319 68.317 0 0 0
A1305  ep = 2450400.5
2.04519 0.0649665 3.9185 297.202 21.4102 278.432 0 0 0
A1306  ep = 2450400.5
3.33521 0.0904313 8.78057 351.766 301.585 57.1639 0 0 0
A1307  ep = 2450400.5
3.42001 0.0236733 4.76388 98.5944 126.17 315.554 0 0 0
A1308  ep = 2450400.5
3.55425 0.0430774 8.01912 134.243 292.547 311.271 0 0 0
A1309  ep = 2450400.5
3.78117 0.0792204 8.56465 222.403 43.845 333.524 0 0 0
A1310  ep = 2450400.5
2.44948 0.0803399 7.73467 8.61255 272.156 147.996 0 0 0
A1311  ep = 2450400.5
2.27873 0.0932654 5.12161 294.632 66.2799 96.1025 0 0 0
A1312  ep = 2450400.5
3.54276 0.0197755 5.66395 117.874 84.5056 342.919 0 0 0
A1313  ep = 2450400.5
3.09589 0.0520662 0.764187 144.631 100.332 310.807 0 0 0
A1314  ep = 2450400.5
3.12965 0.0181275 9.68925 142.88 189.071 227.962 0 0 0
A1315  ep = 2450400.5
1.76831 0.0542429 8.59935 293.852 46.3908 302.489 0 0 0
A1316  ep = 2450400.5
3.72348 0.0792663 3.28227 253.589 304.282 139.456 0 0 0
A1317  ep = 2450400.5
4.03176 0.0119523 4.81625 57.3436 79.1647 91.2155 0 0 0
A1318  ep = 2450400.5
2.74335 0.0938177 7.93402 170.033 65.3185 15.1483 0 0 0
A1319  ep = 2450400.5
2.22834 0.0796883 5.20913 2.84588 216.476 53.5953 0 0 0
A1320  ep = 2450400.5
1.99518 0.0488376 4.13952 307.789 254.122 143.405 0 0 0
A1321  ep = 2450400.5
2.37187 0.0388151 6.64725 352.704 142.597 357.522 0 0 0
A1322  ep = 2450400.5
2.24911 0.0664117 4.81417 137.96 308.645 118.971 0 0 0
A1323  ep = 2450400.5
3.69854 0.0236248 5.62227 104.245 164.601 289.028 0 0 0
A1324  ep = 2450400.5
2.76848 0.0273105 2.075 66.6026 220.56 84.0095 0 0 0
A1325  ep = 2450400.5
3.56392 0.0295573 7.70044 66.1294 80.8063 277.466 0 0 0
A1326  ep = 2450400.5
2.14675 0.0434474 6.21159 37.8485 218.85 160.678 0 0 0
A1327  ep = 2450400.5
3.33109 0.0670661 0.792671 52.3843 260.228 239.079 0 0 0
A1328  ep = 2450400.5
2.26158 0.0863261 2.82689 138.949 120.158 145.258 0 0 0
A1329  ep = 2450400.5
4.0096 0.0145781 1.1424 125.444 189.886 172.188 0 0 0
A1330  ep = 2450400.5
2.52178 0.00270819 5.16504 236.9 281.529 358.097 0 0 0
A1331  ep = 2450400.5
2.4189 0.00523961 8.62083 105.75 73.1822 51.7617 0 0 0
A1332  ep = 2450400.5
4.07756 0.00884744 9.98893 286.26 267.711 248.449 0 0 0
A1333  ep = 2450400.5
2.17781 0.0281937 7.51629 114.206 115.657 269.495 0 0 0
A1334  ep = 2450400.5
2.72408 0.0183599 0.743188 95.1954 69.0926 13.7612 0 0 0
A1335  ep = 2450400.5
4.08107 0.0550199 5.18912 223.274 266.722 268.793 0 0 0
A1336  ep = 2450400.5
3.56344 0.0218886 8.82306 18.2961 97.3169 338.382 0 0 0
A1337  ep = 2450400.5
3.63074 0.0220041 9.23076 59.2844 261.988 264.869 0 0 0
A1338  ep = 2450400.5
3.78989 0.0699194 5.34867 25.827 91.18 314.193 0 0 0
A1339  ep = 2450400.5
3.47911 0.0341683 2.66196 318.898 327.857 232.914 0 0 0
A1340  ep = 2450400.5
2.47754 0.0993732 9.6522 263.377 265.603 158.204 0 0 0
A1341  ep = 2450400.5
3.85507 0.0498694 3.55498 275.888 189.924 138.625 0 0 0
A1342  ep = 2450400.5
2.90713 0.0119001 4.04368 124.338 336.368 264.905 0 0 0
A1343  ep = 2450400.5
2.99055 0.0375044 2.37177 332.251 127.001 252.874 0 0 0
A1344  ep = 2450400.5
3.76154 0.0032042 3.53003 278.227 297.916 212.411 0 0 0
A1345  ep = 2450400.5
1.68293 0.00357692 7.17347 3.56663 303.799 47.5757 0 0 0
A1346  ep = 2450400.5
1.75121 0.0836472 2.57799 62.5319 33.3691 44.2362 0 0 0
A1347  ep = 2450400.5
2.87115 0.0556852 0.019165 233.295 307.312 358.621 0 0 0
A1348  ep = 2450400.5
3.37336 0.00989044 9.28578 198.834 214.495 181.818 0 0 0
A1349  ep = 2450400.5
2.93654 0.0451447 7.46212 33.0669 311.279 229.929 0 0 0
A1350  ep = 2450400.5
3.98557 0.0772236 3.97812 36.55 22.9793 104.59 0 0 0
A1351  ep = 2450400.5
2.11125 0.0863807 4.00993 303.676 275.932 61.8232 0 0 0
A1352  ep = 2450400.5
2.05091 0.0390893 8.74548 297.457 341.959 299.816 0 0 0
A1353  ep = 2450400.5
2.35527 0.0775664 1.59012 240.073 127.863 162.571 0 0 0
A1354  ep = 2450400.5
4.05126 0.06025 7.2119 261.485 206.227 240.608 0 0 0
A1355  ep = 2450400.5
2.69489 0.0774253 0.864879 103.075 147.154 28.2159 0 0 0
A1356  ep = 2450400.5
2.91658 0.00619603 7.3672 196.622 243.363 101.568 0 0 0
A1357  ep = 2450400.5
2.77408 0.0242781 4.4153 69.0908 175.199 333.319 0 0 0
A1358  ep = 2450400.5
3.04459 0.00513875 2.66986 350.051 105.811 62.8154 0 0 0
A1359  ep = 2450400.5
3.6956 0.0452534 9.73478 291.371 239.25 198.582 0 0 0
A1360  ep = 2450400.5
2.41717 0.0378496 5.38045 108.386 98.7249 228.358 0 0 0
A1361  ep = 2450400.5
1.83802 0.0135298 3.95895 349.388 53.1641 164.51 0 0 0
A1362  ep = 2450400.5
2.93375 0.0490134 1.67515 231.246 232.621 314.248 0 0 0
A1363  ep = 2450400.5
2.00956 0.0829464 4.80907 269.28 215.549 326.588 0 0 0
A1364  ep = 2450400.5
3.27739 0.0219329 2.2705 11.4755 247.563 160.239 0 0 0
A1365  ep = 2450400.5
2.68815 0.0716991 9.46341 82.9835 297.451 249.806 0 0 0
A1366  ep = 2450400.5
3.44706 0.0497433 3.35998 284.824 223.265 318.654 0 0 0
A1367  ep = 2450400.5
3.98707 0.0200842 7.55683 294.808 177.73 260.047 0 0 0
A1368  ep = 2450400.5
2.56499 0.0536479 0.597736 90.4689 42.7611 291.824 0 0 0
A1369  ep = 2450400.5
3.43829 0.0657809 0.800908 344.971 171.583 315.018 0 0 0
A1370  ep = 2450400.5
2.9368 0.0880318 8.50191 219.647 154.084 345.147 0 0 0
A1371  ep = 2450400.5
1.55544 0.0550738 8.24531 140.905 80.9373 132.906 0 0 0
A1372  ep = 2450400.5
2.2479 0.00458288 7.245 310.999 132.539 123.246 0 0 0
A1373  ep = 2450400.5
2.5437 0.043358 8.17758 30.0941 338.354 113.652 0 0 0
A1374  ep = 2450400.5
1.69403 0.0541297 9.58436 285.628 349.914 85.6074 0 0 0
A1375  ep = 2450400.5
2.10009 0.0844181 4.1482 328.982 65.5137 102.896 0 0 0
A1376  ep = 2450400.5
4.01694 0.0665984 2.18942 93.7143 353.682 200.792 0 0 0
A1377  ep = 2450400.5
4.08373 0.00613949 1.86335 262.122 249.395 245.55 0 0 0
A1378  ep = 2450400.5
1.86855 0.0411503 5.12701 54.0424 103.536 344.907 0 0 0
A1379  ep = 2450400.5
3.87002 0.0928863 4.40437 193.219 266.601 63.2281 0 0 0
A1380  ep = 2450400.5
3.03192 0.00251744 8.10555 109.083 174.718 356.26 0 0 0
A1381  ep = 2450400.5
1.75179 0.0804571 3.43245 350.601 87.7787 300.097 0 0 0
A1382  ep = 2450400.5
3.98588 0.0605839 8.34439 128.622 263.259 71.2277 0 0 0
A1383  ep = 2450400.5
4.03854 0.0345479 5.47345 172.065 324.653 340.347 0 0 0
A1384  ep = 2450400.5
2.16564 0.0353828 0.79446 286.344 5.97157 146.503 0 0 0
A1385  ep = 2450400.5
2.6235 0.0095267 4.15286 182.832 332.754 141.358 0 0 0
A1386  ep = 2450400.5
3.94853 0.0450962 3.32487 33.5901 166.461 250.607 0 0 0
A1387  ep = 2450400.5
2.10505 0.0548641 4.00576 68.2449 99.4132 71.5706 0 0 0
A1388  ep = 2450400.5
2.13008 0.0764219 7.22864 77.8994 201.862 177.073 0 0 0
A1389  ep = 2450400.5
2.0834 0.083179 3.8915 161.244 77.3105 24.5828 0 0 0
A1390  ep = 2450400.5
3.18305 0.0849222 9.86782 267.5 203.385 288.88 0 0 0
A1391  ep = 2450400.5
3.04969 0.0888304 2.73183 308.928 303.383 82.5129 0 0 0
A1392  ep = 2450400.5
3.22431 0.0783427 4.06386 142.891 77.3867 35.3905 0 0 0
A1393  ep = 2450400.5
2.9182 0.0675688 5.28254 31.3531 235.185 353.021 0 0 0
A1394  ep = 2450400.5
2.58663 0.0335023 3.72327 99.3197 7.92474 145.059 0 0 0
A1395  ep = 2450400.5
1.8114 0.0303704 4.35896 212.053 359.64 99.2934 0 0 0
A1396  ep = 2450400.5
1.72291 0.0575634 9.67327 305.6 357.128 189.963 0 0 0
A1397  ep = 2450400.5
3.58343 0.0446225 7.6959 62.0421 130.974 326.7 0 0 0
A1398  ep = 2450400.5
1.72032 0.0260246 1.95036 343.523 54.5923 278.226 0 0 0
A1399  ep = 2450400.5
3.50874 0.0537025 3.77609 216.344 225.94 5.25608 0 0 0
A1400  ep = 2450400.5
3.08786 0.0475397 1.99031 325.191 110.729 80.838 0 0 0
A1401  ep = 2450400.5
1.62967 0.0652652 9.12063 312.208 324.863 292.417 0 0 0
A1402  ep = 2450400.5
3.73617 0.0658735 9.36352 290.065 80.7104 163.485 0 0 0
A1403  ep = 2450400.5
2.69379 0.0681851 6.86774 290.591 337.007 242.805 0 0 0
A1404  ep = 2450400.5
2.86682 0.0345312 3.65441 83.5391 64.9591 138.97 0 0 0
A1405  ep = 2450400.5
2.29809 0.0715856 9.39374 267.1 278.063 205.27 0 0 0
A1406  ep = 2450400.5
2.25897 0.0403438 7.58313 228.696 105.011 354.315 0 0 0
A1407  ep = 2450400.5
2.4659 0.0226085 9.81316 25.3419 27.0098 78.7003 0 0 0
A1408  ep = 2450400.5
4.07876 0.0654577 9.47874 158.657 170.473 179.336 0 0 0
A1409  ep = 2450400.5
2.61462 0.00450063 4.42137 304.63 339.628 245.858 0 0 0
A1410  ep = 2450400.5
1.69446 0.00059338 3.72941 74.4302 316.985 208.454 0 0 0
A1411  ep = 2450400.5
3.5204 0.0413419 7.33925 332.519 293.431 111.008 0 0 0
A1412  ep = 2450400.5
2.45424 0.0173023 0.992927 320.221 307.968 148.893 0 0 0
A1413  ep = 2450400.5
2.04784 0.0282227 7.38738 59.425 250.789 74.7818 0 0 0
A1414  ep = 2450400.5
1.79275 0.0526143 8.88264 25.02 308.965 123.5 0 0 0
A1415  ep = 2450400.5
3.80566 0.0866421 4.94473 272.961 307.512 11.6677 0 0 0
A1416  ep = 2450400.5
2.8121 0.0784775 9.71978 321.534 356.108 107.039 0 0 0
A1417  ep = 2450400.5
3.06045 0.0776145 5.66531 330.356 136.369 160.876 0 0 0
A1418  ep = 2450400.5
3.8103 0.0829861 1.47354 356.436 84.1619 86.9609 0 0 0
A1419  ep = 2450400.5
1.9721 0.0636457 2.93934 34.8055 134.378 29.8765 0 0 0
A1420  ep = 2450400.5
3.07827 0.0197902 0.144082 168.667 263.246 58.0758 0 0 0
A1421  ep = 2450400.5
4.05112 0.00280059 2.696 248.326 97.1452 156.316 0 0 0
A1422  ep = 2450400.5
2.13538 0.0281558 4.14273 151.9 153.002 98.7708 0 0 0
A1423  ep = 2450400.5
1.54728 0.0475163 1.0562 268.797 29.0235 115.78 0 0 0
A1424  ep = 2450400.5
3.66746 0.0512854 1.53463 339.741 356.878 183.747 0 0 0
A1425  ep = 2450400.5
1.94811 0.0559095 3.70752 92.8156 215.443 158.84 0 0 0
A1426  ep = 2450400.5
3.64817 0.0686447 0.107388 166.879 271.919 34.3668 0 0 0
A1427  ep = 2450400.5
2.96243 0.092525 2.67939 78.1456 53.3518 38.9689 0 0 0
A1428  ep = 2450400.5
3.76791 0.00211064 1.73455 313.856 167.32 150.481 0 0 0
A1429  ep = 2450400.5
3.65639 0.0991206 0.200895 246.836 344.586 226.713 0 0 0
A1430  ep = 2450400.5
3.3071 0.0870351 7.99 312.977 351.601 141.387 0 0 0
A1431  ep = 2450400.5
2.15252 0.0101824 8.3528 41.1096 39.9857 216.593 0 0 0
A1432  ep = 2450400.5
2.4787 0.0823162 7.88463 203.657 4.86173 217.545 0 0 0
A1433  ep = 2450400.5
2.20656 0.0343017 0.078555 290.886 143.089 8.98599 0 0 0
A1434  ep = 2450400.5
2.2104 0.0467973 0.218253 220.474 332.859 307.056 0 0 0
A1435  ep = 2450400.5
3.41439 0.0728726 8.70119 316.609 15.4072 343.922 0 0 0
A1436  ep = 2450400.5
1.96085 0.0269701 3.86626 8.64353 101.508 130.002 0 0 0
A1437  ep = 2450400.5
2.73697 0.0318847 3.86121 49.5475 156.95 236.374 0 0 0
A1438  ep = 2450400.5
3.01794 0.0334734 1.8778 103.441 204.007 49.7026 0 0 0
A1439  ep = 2450400.5
2.46203 0.0730485 3.25585 11.6984 286.596 246.177 0 0 0
A1440  ep = 2450400.5
1.91587 0.0539337 3.64042 140.609 89.6106 207.305 0 0 0
A1441  ep = 2450400.5
4.09488 0.0990797 7.32302 124.834 89.4752 219.528 0 0 0
A1442  ep = 2450400.5
2.29109 0.0613388 1.21032 335.743 53.2094 274.373 0 0 0
A1443  ep = 2450400.5
1.79872 0.0066765 7.12009 60.6279 116.423 183.365 0 0 0
A1444  ep = 2450400.5
1.62043 0.0644132 3.92499 14.3381 212.605 284.727 0 0 0
A1445  ep = 2450400.5
1.6097 0.0504315 3.02758 91.3358 75.8113 359.151 0 0 0
A1446  ep = 2450400.5
1.61766 0.0857012 5.79414 292.462 295.773 186.196 0 0 0
A1447  ep = 2450400.5
2.1371 0.0535908 4.99844 277.362 145.696 218.096 0 0 0
A1448  ep = 2450400.5
3.60688 0.0770741 8.85153 50.6407 277.633 78.6612 0 0 0
A1449  ep = 2450400.5
3.28313 0.0910018 5.66974 168.776 163.342 280.766 0 0 0
A1450  ep = 2450400.5
2.77999 0.0850769 0.877683 94.2706 212.31 244.217 0 0 0
A1451  ep = 2450400.5
1.9693 0.0940875 8.29419 254.183 232.599 258.947 0 0 0
A1452  ep = 2450400.5
2.40512 0.0733315 0.819886 276.773 102.934 33.4568 0 0 0
A1453  ep = 2450400.5
1.95504 0.0690663 2.97171 343.849 346.303 329.62 0 0 0
A1454  ep = 2450400.5
3.09281 0.0594634 9.00692 323.237 149.394 42.237 0 0 0
A1455  ep = 2450400.5
3.6627 0.0189277 0.173231 229.375 358.593 12.5375 0 0 0
A1456  ep = 2450400.5
2.1967 0.0398361 9.26088 43.812 75.5295 248.849 0 0 0
A1457  ep = 2450400.5
1.63556 0.092301 0.0310891 314.813 314.924 124.524 0 0 0
A1458  ep = 2450400.5
2.95484 0.0701236 3.677 262.115 2.14743 66.1703 0 0 0
A1459  ep = 2450400.5
2.54625 0.0494052 1.52977 93.4719 206.033 74.0067 0 0 0
A1460  ep = 2450400.5
3.36884 0.0419407 9.97869 257.714 101.459 335.622 0 0 0
A1461  ep = 2450400.5
3.84353 0.0674004 5.99026 338.647 186.818 145.015 0 0 0
A1462  ep = 2450400.5
1.99273 0.0404768 9.94085 285.51 2.70257 54.4228 0 0 0
A1463  ep = 2450400.5
1.82488 0.0465582 2.0329 50.8307 342.874 62.2992 0 0 0
A1464  ep = 2450400.5
2.29602 0.0126626 9.20301 141.305 135.497 286.738 0 0 0
A1465  ep = 2450400.5
3.76591 0.0970468 4.6605 240.545 263.298 220.553 0 0 0
A1466  ep = 2450400.5
1.86748 0.0219439 3.10453 222.782 102.77 276.722 0 0 0
A1467  ep = 2450400.5
2.76146 0.094849 4.26465 280.126 243.457 107.452 0 0 0
A1468  ep = 2450400.5
3.68256 0.0451248 1.1281 59.9553 242.968 239.97 0 0 0
A1469  ep = 2450400.5
3.14757 0.0484057 4.5536 355.294 46.7974 47.5597 0 0 0
A1470  ep = 2450400.5
3.86342 0.0622558 4.33628 34.7607 124.724 159.622 0 0 0
A1471  ep = 2450400.5
2.24414 0.0912736 3.34668 214.051 16.3767 314.695 0 0 0
A1472  ep = 2450400.5
3.24182 0.0423598 5.41699 304.064 1.1918 56.0487 0 0 0
A1473  ep = 2450400.5
3.30917 0.0289818 6.96326 298.771 102.653 217.486 0 0 0
A1474  ep = 2450400.5
3.6626 0.0603338 5.29504 128.215 188.634 359.902 0 0 0
A1475  ep = 2450400.5
3.57449 0.0437086 8.09735 318.756 230.577 76.6939 0 0 0
A1476  ep = 2450400.5
3.98035 0.0158899 9.62026 187.095 138.31 234.363 0 0 0
A1477  ep = 2450400.5
3.86154 0.0494871 7.2921 49.1843 268.779 171.894 0 0 0
A1478  ep = 2450400.5
3.20946 0.0948582 9.81465 99.2492 264.942 162.544 0 0 0
A1479  ep = 2450400.5
1.97715 0.0270691 0.501752 199.893 138.032 294.58 0 0 0
A1480  ep = 2450400.5
3.4462 0.0452666 0.953944 121.26 77.4003 94.0833 0 0 0
A1481  ep = 2450400.5
2.39257 0.0492789 5.30798 133.215 329.179 64.9545 0 0 0
A1482  ep = 2450400.5
2.39014 0.00750169 0.80885 340.128 122.405 217.036 0 0 0
A1483  ep = 2450400.5
3.26971 0.00355099 6.8147 355.028 302.143 134.876 0 0 0
A1484  ep = 2450400.5
3.16602 0.0873949 0.459647 56.1827 317.851 163.862 0 0 0
A1485  ep = 2450400.5
3.22328 0.0169839 6.49053 192.03 176.03 255.851 0 0 0
A1486  ep = 2450400.5
3.26727 0.00811286 1.52798 186.325 195.672 176.816 0 0 0
A1487  ep = 2450400.5
2.54354 0.0341304 1.3008 116.226 169.638 199.756 0 0 0
A1488  ep = 2450400.5
3.74149 0.0824892 5.95935 308.005 310.633 25.836 0 0 0
A1489  ep = 2450400.5
2.29606 0.0672327 8.79888 357.205 153.887 289.509 0 0 0
A1490  ep = 2450400.5
4.05067 0.0804438 9.18819 349.241 251.577 135.771 0 0 0
A1491  ep = 2450400.5
3.07972 0.0464146 4.89822 23.5843 268.914 172.758 0 0 0
A1492  ep = 2450400.5
3.81507 0.0842635 6.1744 7.0406 289.581 114.341 0 0 0
A1493  ep = 2450400.5
1.57976 0.0268747 9.82474 28.5492 154.288 253.782 0 0 0
A1494  ep = 2450400.5
3.31467 0.0546137 0.922324 177.176 302.587 281.365 0 0 0
A1495  ep = 2450400.5
1.57963 0.00701383 9.81399 119.358 159.98 20.6829 0 0 0
A1496  ep = 2450400.5
2.40494 0.0329683 0.974557 55.9108 81.3506 283.958 0 0 0
A1497  ep = 2450400.5
2.25466 0.0496122 0.325851 216.512 355.835 299.606 0 0 0
A1498  ep = 2450400.5
1.58567 0.0573438 7.76598 355.49 45.1672 59.7966 0 0 0
A1499  ep = 2450400.5
2.76575 0.0587023 5.08928 187.873 327.182 301.236 0 0 0
A1500  ep = 2450400.5
1.72686 0.0585501 5.52015 38.5052 137.979 276.122 0 0 0
A1501  ep = 2450400.5
1.634 0.0264601 6.14775 299.706 201.489 3.62023 0 0 0
A1502  ep = 2450400.5
3.84409 0.07145 7.60811 301.81 266.79 156.951 0 0 0
A1503  ep = 2450400.5
3.52305 0.0881283 0.729987 94.1059 105.877 154.77 0 0 0
A1504  ep = 2450400.5
2.7235 0.00986384 1.81591 141.966 32.1424 81.2265 0 0 0
A1505  ep = 2450400.5
3.15413 0.0395026 1.20814 78.2926 34.3955 211.614 0 0 0
A1506  ep = 2450400.5
3.60623 0.0344347 0.443407 277.811 351.665 31.9985 0 0 0
A1507  ep = 2450400.5
2.64002 0.0742666 6.98673 285.705 296.963 214.609 0 0 0
A1508  ep = 2450400.5
3.66391 0.0661203 0.847165 118.808 153.854 249.332 0 0 0
A1509  ep = 2450400.5
3.29308 0.0499789 8.95867 114.292 111.017 339.946 0 0 0
A1510  ep = 2450400.5
4.04686 0.0487214 9.60376 85.5867 180.313 57.1747 0 0 0
A1511  ep = 2450400.5
1.54703 0.0341681 3.62846 219.907 126.614 127.563 0 0 0
A1512  ep = 2450400.5
2.08865 0.0462051 2.68357 247.26 152.655 187.119 0 0 0
A1513  ep = 2450400.5
2.46787 0.0230497 8.96069 68.2787 356.447 132.452 0 0 0
A1514  ep = 2450400.5
2.60832 0.0688535 0.201187 171.901 102.719 355.59 0 0 0
A1515  ep = 2450400.5
4.03908 0.0363939 9.72597 221.956 37.7741 324.577 0 0 0
A1516  ep = 2450400.5
3.34717 0.0579388 3.77036 185.602 239.864 44.069 0 0 0
A1517  ep = 2450400.5
4.00677 0.057893 3.08394 197.014 131.57 195.705 0 0 0
A1518  ep = 2450400.5
3.28559 0.0741008 3.12237 141.476 235.177 228.815 0 0 0
A1519  ep = 2450400.5
3.42477 0.00700732 9.72106 136.341 94.6336 208.043 0 0 0
A1520  ep = 2450400.5
3.41507 0.0555067 8.01924 220.308 84.9294 226.904 0 0 0
A1521  ep = 2450400.5
1.58948 0.0473119 0.704752 104.45 119.262 66.8324 0 0 0
A1522  ep = 2450400.5
1.95874 0.0495348 9.31085 272.041 33.9674 145.914 0 0 0
A1523  ep = 2450400.5
2.89064 0.00683154 4.17679 202.696 75.9593 288.264 0 0 0
A1524  ep = 2450400.5
2.54309 0.0495116 5.41146 105.512 340.617 184.546 0 0 0
A1525  ep = 2450400.5
1.7969 0.0966056 9.50559 94.0722 247.461 139.438 0 0 0
A1526  ep = 2450400.5
3.98781 0.0967206 8.82386 89.7584 21.2008 305.346 0 0 0
A1527  ep = 2450400.5
3.02623 0.00046922 9.86177 274.069 188.381 16.2176 0 0 0
A1528  ep = 2450400.5
3.53111 0.0236656 8.481 219.037 179.563 208.142 0 0 0
A1529  ep = 2450400.5
2.32529 0.0920738 7.84566 356.287 244.681 87.4074 0 0 0
A1530  ep = 2450400.5
3.20212 0.00695115 4.28029 312.264 240.236 97.1578 0 0 0
A1531  ep = 2450400.5
3.38991 0.0296037 9.49398 92.4429 225.618 186.777 0 0 0
A1532  ep = 2450400.5
1.58346 0.0104251 8.1514 260.964 42.4803 311.578 0 0 0
A1533  ep = 2450400.5
2.56014 0.0575162 2.74805 106.983 272.04 122.173 0 0 0
A1534  ep = 2450400.5
2.14499 0.0590729 9.38913 195.628 153.519 41.048 0 0 0
A1535  ep = 2450400.5
3.81266 0.0372199 7.54304 262.094 49.4098 116.451 0 0 0
A1536  ep = 2450400.5
1.90995 0.0744025 1.8257 279.446 344.044 44.5369 0 0 0
A1537  ep = 2450400.5
1.60925 0.0954795 0.233063 78.7405 13.2297 289.792 0 0 0
A1538  ep = 2450400.5
2.67388 0.0900295 6.25259 117.566 79.2101 353.795 0 0 0
A1539  ep = 2450400.5
1.6962 0.00676016 2.17975 57.2977 56.061 72.5715 0 0 0
A1540  ep = 2450400.5
4.08259 0.0160532 4.05472 102.924 35.191 190.996 0 0 0
A1541  ep = 2450400.5
3.07528 0.0284396 7.8457 111.48 344.024 304.187 0 0 0
A1542  ep = 2450400.5
1.77322 0.0686411 3.5132 55.5668 160.697 136.692 0 0 0
A1543  ep = 2450400.5
1.84525 0.0546154 0.210084 113.273 321.373 185.102 0 0 0
A1544  ep = 2450400.5
2.67452 0.0682662 3.50503 316.997 101.73 135.06 0 0 0
A1545  ep = 2450400.5
1.66179 0.0303547 4.7157 289.422 280.898 8.53881 0 0 0
A1546  ep = 2450400.5
2.5134 0.0350986 9.0266 91.2846 22.2436 127.993 0 0 0
A1547  ep = 2450400.5
2.48514 0.0822572 4.97028 281.658 45.2513 110.037 0 0 0
A1548  ep = 2450400.5
2.3505 0.0896779 8.17083 236.386 55.7706 310.024 0 0 0
A1549  ep = 2450400.5
3.33286 0.0724 6.26378 218.257 258.93 115.479 0 0 0
A1550  ep = 2450400.5
3.8205 0.0688241 1.27227 176.759 173.437 249.643 0 0 0
A1551  ep = 2450400.5
2.03143 0.0891569 4.60551 176.994 22.0676 287.382 0 0 0
A1552  ep = 2450400.5
3.11351 0.0376821 0.233268 83.847 157.33 207.513 0 0 0
A1553  ep = 2450400.5
1.88277 0.01712 3.35055 48.3486 94.2553 123.33 0 0 0
A1554  ep = 2450400.5
3.83441 0.0334901 7.68306 288.102 359.03 56.2807 0 0 0
A1555  ep = 2450400.5
2.44814 0.0709684 6.65657 157.274 76.4994 217.021 0 0 0
A1556  ep = 2450400.5
2.91788 0.0712169 7.43041 274.352 259.587 190.188 0 0 0
A1557  ep = 2450400.5
3.43127 0.0813427 7.27255 227.585 67.0961 300.835 0 0 0
A1558  ep = 2450400.5
3.88719 0.0673605 7.27704 208.825 250.598 286.602 0 0 0
A1559  ep = 2450400.5
2.59399 0.0211262 3.6788 161.625 183.297 268.157 0 0 0
A1560  ep = 2450400.5
3.43793 0.0482176 6.93544 276.305 45.1983 100.521 0 0 0
A1561  ep = 2450400.5
3.31077 0.0254097 5.60569 97.0591 217.839 306.311 0 0 0
A1562  ep = 2450400.5
2.5617 0.0858444 7.87383 325.826 23.5104 118.201 0 0 0
A1563  ep = 2450400.5
2.0066 0.0935497 2.8932 251.359 153.605 215.006 0 0 0
A1564  ep = 2450400.5
3.21535 0.0883101 2.28166 104.512 244.818 35.0859 0 0 0
A1565  ep = 2450400.5
4.0225 0.0124624 0.560639 55.3119 143.513 211.127 0 0 0
A1566  ep = 2450400.5
4.0439 0.0270806 9.44444 335.268 89.647 349.183 0 0 0
A1567  ep = 2450400.5
2.79007 0.0865878 6.80931 231.582 197.561 26.2749 0 0 0
A1568  ep = 2450400.5
1.93083 0.03828 3.72649 355.823 291.201 169.239 0 0 0
A1569  ep = 2450400.5
2.6566 0.00863694 2.61122 292.899 285.247 61.6351 0 0 0
A1570  ep = 2450400.5
3.68998 0.0404014 0.262475 308.134 225.22 283.214 0 0 0
A1571  ep = 2450400.5
3.34875 0.0333443 6.17297 55.735 102.824 154.151 0 0 0
A1572  ep = 2450400.5
2.8155 0.0719995 9.9477 208.072 53.2284 1.84332 0 0 0
A1573  ep = 2450400.5
3.04688 0.0837858 3.88641 64.5021 24.9607 186.089 0 0 0
A1574  ep = 2450400.5
3.31335 0.0992514 1.18371 17.6431 7.66079 283.29 0 0 0
A1575  ep = 2450400.5
2.66178 0.0311385 3.45112 307.618 112.296 70.3742 0 0 0
A1576  ep = 2450400.5
1.79913 0.0961819 7.29417 175.761 294.382 131.803 0 0 0
A1577  ep = 2450400.5
2.48637 0.0846316 1.04072 154.305 154.874 186.258 0 0 0
A1578  ep = 2450400.5
1.65654 0.0278014 5.57426 49.3801 327.301 359.342 0 0 0
A1579  ep = 2450400.5
3.82263 0.0655212 3.14082 100.188 256.666 33.487 0 0 0
A1580  ep = 2450400.5
2.88148 0.0849336 7.78233 342.941 125.505 260.075 0 0 0
A1581  ep = 2450400.5
1.78324 0.0691185 3.75463 332.009 251.885 35.0762 0 0 0
A1582  ep = 2450400.5
2.67954 0.0122674 8.78499 330.075 303.303 61.4253 0 0 0
A1583  ep = 2450400.5
1.94931 0.0862595 5.62951 142.524 50.7518 318.349 0 0 0
A1584  ep = 2450400.5
2.65936 0.0135964 2.15347 213.261 11.577 66.2003 0 0 0
A1585  ep = 2450400.5
3.6615 0.013819 6.55769 1.77555 57.0603 320.418 0 0 0
A1586  ep = 2450400.5
2.40558 0.0359544 1.85097 337.708 84.3578 273.013 0 0 0
A1587  ep = 2450400.5
3.50345 0.0278956 5.41623 3.04995 52.0217 42.0187 0 0 0
A1588  ep = 2450400.5
3.595 0.0520713 7.61876 273.687 128.252 124.702 0 0 0
A1589  ep = 2450400.5
2.96451 0.0488492 5.09097 314.687 218.903 327.651 0 0 0
A1590  ep = 2450400.5
2.59986 0.0854314 9.45622 272.254 135.683 298.193 0 0 0
A1591  ep = 2450400.5
2.49077 0.00458044 8.83389 130.563 190.342 39.0865 0 0 0
A1592  ep = 2450400.5
1.83645 0.0696977 0.090288 267.262 173.281 42.605 0 0 0
A1593  ep = 2450400.5
3.74426 0.0298041 7.17334 48.1824 116.993 344.768 0 0 0
A1594  ep = 2450400.5
1.71333 0.0880853 3.49423 192.784 205.387 311.329 0 0 0
A1595  ep = 2450400.5
1.74164 0.0621924 8.68094 338.805 114.244 128.976 0 0 0
A1596  ep = 2450400.5
2.09922 0.0298631 3.09866 25.5404 310.543 23.2323 0 0 0
A1597  ep = 2450400.5
2.94295 0.0997003 4.6237 262.754 40.345 123.084 0 0 0
A1598  ep = 2450400.5
3.33199 0.022124 8.38067 40.3479 45.1073 349.785 0 0 0
A1599  ep = 2450400.5
3.96292 0.0298213 6.07283 321.575 220.001 182.716 0 0 0
A1600  ep = 2450400.5
3.58002 0.00262959 9.95553 182.125 102.33 132.253 0 0 0
A1601  ep = 2450400.5
2.11608 0.0942475 4.17624 6.12124 298.17 192.03 0 0 0
A1602  ep = 2450400.5
3.09637 0.0586587 2.77175 74.2309 68.807 207.225 0 0 0
A1603  ep = 2450400.5
3.00668 0.00369423 1.88948 282.115 68.7699 33.2909 0 0 0
A1604  ep = 2450400.5
3.63298 0.0449536 3.35593 248.798 64.9131 167.33 0 0 0
A1605  ep = 2450400.5
2.29854 0.0578059 1.43139 345.463 347.15 292.633 0 0 0
A1606  ep = 2450400.5
2.01037 0.0545608 5.0254 109.113 216.185 219.61 0 0 0
A1607  ep = 2450400.5
2.57703 0.0510473 0.515221 108.197 161.157 261.477 0 0 0
A1608  ep = 2450400.5
1.95143 0.0351544 7.39468 340.544 66.7664 38.8811 0 0 0
A1609  ep = 2450400.5
3.42574 0.0253374 0.449825 136.406 131.962 357.896 0 0 0
A1610  ep = 2450400.5
2.7327 0.0146167 9.63094 160.348 271.425 23.0443 0 0 0
A1611  ep = 2450400.5
2.64295 0.0727571 2.2885 140.301 113.363 235.468 0 0 0
A1612  ep = 2450400.5
1.89059 0.0663152 9.58924 90.2546 245.025 354.26 0 0 0
A1613  ep = 2450400.5
2.84734 0.0860881 4.82775 11.4228 116.304 177.834 0 0 0
A1614  ep = 2450400.5
3.39062 0.0208611 1.11795 90.714 124.133 341.167 0 0 0
A1615  ep = 2450400.5
2.11208 0.0321461 5.80149 342.512 62.9999 332.197 0 0 0
A1616  ep = 2450400.5
2.95247 0.0487122 5.05556 6.49748 50.8313 59.8557 0 0 0
A1617  ep = 2450400.5
3.12162 0.0813226 4.88497 92.8659 68.0595 71.949 0 0 0
A1618  ep = 2450400.5
2.8723 0.086738 2.05572 21.5639 350.107 312.504 0 0 0
A1619  ep = 2450400.5
2.46622 0.0136898 3.85075 274.056 248.03 213.164 0 0 0
A1620  ep = 2450400.5
3.34902 0.0803493 5.30039 62.7465 68.9707 149.6 0 0 0
A1621  ep = 2450400.5
3.27979 0.0207771 2.00276 48.0244 22.5115 241.179 0 0 0
A1622  ep = 2450400.5
3.80028 0.0886271 4.56419 113.483 303.726 211.503 0 0 0
A1623  ep = 2450400.5
3.01625 0.0646132 2.54471 195.365 266.294 60.2379 0 0 0
A1624  ep = 2450400.5
3.50096 0.0995086 2.41765 179.716 216.402 53.2423 0 0 0
A1625  ep = 2450400.5
1.75052 0.0710726 3.16988 123.728 264.262 303.217 0 0 0
A1626  ep = 2450400.5
1.54341 0.0199533 0.54809 260.435 52.13 3.65838 0 0 0
A1627  ep = 2450400.5
2.29826 0.0787023 3.49153 114.03 173.874 279.519 0 0 0
A1628  ep = 2450400.5
3.63856 0.0140169 3.82851 31.9172 271.986 24.6794 0 0 0
A1629  ep = 2450400.5
2.3277 0.0869273 6.86358 325.914 218.918 318.809 0 0 0
A1630  ep = 2450400.5
1.82871 0.0419987 5.71616 32.7886 95.0628 34.9692 0 0 0
A1631  ep = 2450400.5
3.41619 0.0497676 0.442492 138.006 231.303 255.772 0 0 0
A1632  ep = 2450400.5
3.76773 0.0307034 0.31607 63.8306 237.891 319.69 0 0 0
A1633  ep = 2450400.5
2.7134 0.0248806 3.68036 357.864 191.575 92.5856 0 0 0
A1634  ep = 2450400.5
3.02996 0.0941439 1.77315 343.102 153.835 189.316 0 0 0
A1635  ep = 2450400.5
1.57548 0.0492116 1.99186 172.502 41.1613 65.3321 0 0 0
A1636  ep = 2450400.5
3.58187 0.0270301 0.955471 168.133 32.737 175.629 0 0 0
A1637  ep = 2450400.5
2.62953 0.0534085 3.36004 285.337 51.629 169.432 0 0 0
A1638  ep = 2450400.5
3.02135 0.0712994 1.28672 236.129 199.334 78.0349 0 0 0
A1639  ep = 2450400.5
1.94243 0.081905 2.77972 138.296 40.7489 52.204 0 0 0
A1640  ep = 2450400.5
2.72924 0.0723794 7.80904 50.6892 53.2182 190.903 0 0 0
A1641  ep = 2450400.5
1.76314 0.00506895 4.93906 348.834 199.588 352.487 0 0 0
A1642  ep = 2450400.5
2.62056 0.069569 0.466578 173.65 236.698 207.623 0 0 0
A1643  ep = 2450400.5
2.32568 0.0903082 0.0964669 195.861 332.438 201.218 0 0 0
A1644  ep = 2450400.5
3.29002 0.0950691 0.258379 171.897 349.831 28.226 0 0 0
A1645  ep = 2450400.5
1.89984 0.00508134 3.02046 315.803 119.437 344.861 0 0 0
A1646  ep = 2450400.5
3.17166 0.0847563 8.99479 73.8157 132.827 100.008 0 0 0
A1647  ep = 2450400.5
2.11604 0.0468218 1.34752 66.6425 185.648 24.219 0 0 0
A1648  ep = 2450400.5
3.87633 0.0719651 7.16612 263.996 5.55438 309.527 0 0 0
A1649  ep = 2450400.5
2.7337 0.0964652 4.91046 345.012 260.007 273.2 0 0 0
A1650  ep = 2450400.5
2.69994 0.0338664 7.92989 119.345 175.669 244.444 0 0 0
A1651  ep = 2450400.5
1.70479 0.0419911 7.44365 249.652 46.8393 26.8439 0 0 0
A1652  ep = 2450400.5
3.60351 0.0267666 5.66889 327.899 358.335 32.2226 0 0 0
A1653  ep = 2450400.5
2.30674 0.03763 7.46859 31.2471 75.0958 207.671 0 0 0
A1654  ep = 2450400.5
1.85154 0.0915226 1.20036 287.814 345.755 241.811 0 0 0
A1655  ep = 2450400.5
1.93713 0.00130508 0.344955 216.002 261.703 222.232 0 0 0
A1656  ep = 2450400.5
1.78854 0.0624562 1.01013 1.79849 253.498 160.446 0 0 0
A1657  ep = 2450400.5
3.7457 0.037584 8.74015 282.814 184.375 291.724 0 0 0
A1658  ep = 2450400.5
3.55904 0.0181931 0.721225 17.3416 280.974 111.63 0 0 0
A1659  ep = 2450400.5
3.86831 0.061934 3.24267 57.3881 301.016 162.783 0 0 0
A1660  ep = 2450400.5
1.93991 0.0427052 5.45726 218.822 56.164 187.405 0 0 0
A1661  ep = 2450400.5
2.08153 0.0497315 9.36759 152.355 129.578 340.318 0 0 0
A1662  ep = 2450400.5
1.78385 0.0542967 3.65332 26.6472 358.833 236.289 0 0 0
A1663  ep = 2450400.5
2.16706 0.00885172 1.70938 209.508 295.599 167.141 0 0 0
A1664  ep = 2450400.5
3.56568 0.0867302 5.74172 346.208 284.151 188.948 0 0 0
A1665  ep = 2450400.5
1.99616 0.00555982 8.43896 61.5712 44.0162 111.677 0 0 0
A1666  ep = 2450400.5
1.87155 0.00989509 5.06694 70.5564 21.5254 326.388 0 0 0
A1667  ep = 2450400.5
3.93361 0.0941511 4.97292 308.642 352.52 68.2084 0 0 0
A1668  ep = 2450400.5
2.06046 0.064871 9.86184 16.0117 282.286 22.1802 0 0 0
A1669  ep = 2450400.5
3.25961 0.0508718 3.0224 281.902 157.894 32.9688 0 0 0
A1670  ep = 2450400.5
2.48935 0.057425 6.41292 231.313 87.3251 58.1055 0 0 0
A1671  ep = 2450400.5
2.14507 0.0688446 1.7116 154.296 292.663 149.635 0 0 0
A1672  ep = 2450400.5
2.23469 0.0482382 9.38872 84.3309 98.8158 86.3466 0 0 0
A1673  ep = 2450400.5
1.56099 0.0448275 4.1631 107.036 22.8301 197.39 0 0 0
A1674  ep = 2450400.5
3.54358 0.0889976 1.82287 96.5096 105.239 186.907 0 0 0
A1675  ep = 2450400.5
1.58645 0.0887124 5.89863 133.945 323.756 126.352 0 0 0
A1676  ep = 2450400.5
3.55817 0.0610254 6.54516 145.942 138.112 106.024 0 0 0
A1677  ep = 2450400.5
1.91989 0.00454978 7.68136 87.2651 349.834 129.981 0 0 0
A1678  ep = 2450400.5
3.67557 0.0682868 0.961959 141.134 72.6169 130.808 0 0 0
A1679  ep = 2450400.5
2.18982 0.0935062 4.58682 68.2102 262.956 13.0808 0 0 0
A1680  ep = 2450400.5
1.94202 0.00671418 9.45277 181.408 190.435 222.375 0 0 0
A1681  ep = 2450400.5
3.06181 0.0175924 3.75116 136.845 237.66 19.5693 0 0 0
A1682  ep = 2450400.5
1.92306 0.0689593 1.98128 83.4285 138.451 271.443 0 0 0
A1683  ep = 2450400.5
2.30568 0.0692493 0.737645 287.463 224.812 354.876 0 0 0
A1684  ep = 2450400.5
3.70123 0.0654873 6.44992 123.312 313.166 32.2765 0 0 0
A1685  ep = 2450400.5
1.57576 0.0614701 6.28388 139.038 271.188 126.385 0 0 0
A1686  ep = 2450400.5
3.91092 0.0126088 8.1596 222.577 31.2908 120.449 0 0 0
A1687  ep = 2450400.5
3.66504 0.0153651 6.41928 291.439 73.2521 57.7579 0 0 0
A1688  ep = 2450400.5
2.25005 0.0845644 1.7349 275.213 90.4454 113.499 0 0 0
A1689  ep = 2450400.5
3.9201 0.0312993 3.46565 284.688 253.018 233.781 0 0 0
A1690  ep = 2450400.5
2.94064 0.0354757 8.40696 194.421 109.49 155.879 0 0 0
A1691  ep = 2450400.5
3.1943 0.0794647 1.63869 219.03 112.55 203.197 0 0 0
A1692  ep = 2450400.5
3.0664 0.0764418 3.58013 179.522 358.309 218.036 0 0 0
A1693  ep = 2450400.5
4.01076 0.0561543 2.85982 2.74096 129.287 187.913 0 0 0
A1694  ep = 2450400.5
3.50098 0.0548439 1.60978 223.762 282.717 284.206 0 0 0
A1695  ep = 2450400.5
3.90189 0.0980336 1.50322 163.223 303.25 289.732 0 0 0
A1696  ep = 2450400.5
3.53126 0.0116968 5.88275 277.447 164.292 205.212 0 0 0
A1697  ep = 2450400.5
3.35732 0.0976368 9.8233 305.661 160 60.0709 0 0 0
A1698  ep = 2450400.5
3.84945 0.0527718 8.35002 172.966 340.397 288.971 0 0 0
A1699  ep = 2450400.5
2.15068 0.0355956 5.55669 300.35 120.823 280.666 0 0 0
A1700  ep = 2450400.5
3.34199 0.0188956 5.78702 138.97 219.254 306.821 0 0 0
A1701  ep = 2450400.5
2.57935 0.0283106 0.161209 323.836 315.97 25.8568 0 0 0
A1702  ep = 2450400.5
3.93875 0.00143184 5.64878 185.758 25.4906 232.359 0 0 0
A1703  ep = 2450400.5
2.32512 0.0139108 0.981628 105.054 270.618 287.348 0 0 0
A1704  ep = 2450400.5
1.66612 0.021479 7.97689 259.248 333.489 39.3362 0 0 0
A1705  ep = 2450400.5
1.80123 0.0434486 1.40724 157.226 355.498 212.746 0 0 0
A1706  ep = 2450400.5
1.63378 0.0158075 7.7678 157.831 218.217 302.71 0 0 0
A1707  ep = 2450400.5
3.24351 0.0555772 5.8572 300.517 356.268 216.32 0 0 0
A1708  ep = 2450400.5
2.21958 0.038708 1.66073 231.33 19.5962 335.821 0 0 0
A1709  ep = 2450400.5
3.61549 0.0692131 6.65165 294.363 123.624 336.712 0 0 0
A1710  ep = 2450400.5
2.47505 0.00848608 9.25476 125.105 172.993 70.9591 0 0 0
A1711  ep = 2450400.5
3.61071 0.056636 6.81768 60.8058 216.053 227.854 0 0 0
A1712  ep = 2450400.5
1.78516 0.0466955 6.11482 192.827 340.649 255.634 0 0 0
A1713  ep = 2450400.5
3.22093 0.0628663 4.93833 347.102 56.7926 250.614 0 0 0
A1714  ep = 2450400.5
1.65502 0.0597987 1.36768 237.115 248.648 252.007 0 0 0
A1715  ep = 2450400.5
3.04461 0.0365598 0.599126 134.73 359.857 90.2018 0 0 0
A1716  ep = 2450400.5
2.41807 0.0601745 7.53391 125.134 233.85 180.705 0 0 0
A1717  ep = 2450400.5
3.692 0.00744123 5.64785 188.471 311.103 227.87 0 0 0
A1718  ep = 2450400.5
1.70813 0.0137799 5.9806 77.9529 33.7931 257.298 0 0 0
A1719  ep = 2450400.5
3.68852 0.0801173 2.3173 148.17 98.5578 124.649 0 0 0
A1720  ep = 2450400.5
1.9581 0.0660806 2.16999 174.549 121.027 138.559 0 0 0
A1721  ep = 2450400.5
2.01625 0.012664 9.43998 354.279 333.157 203.202 0 0 0
A1722  ep = 2450400.5
2.29249 0.0565626 6.47479 273.453 217.638 33.2136 0 0 0
A1723  ep = 2450400.5
2.55411 0.00958951 5.70946 270.827 123.375 30.5359 0 0 0
A1724  ep = 2450400.5
2.61169 0.0588161 3.21598 36.0966 213.313 64.5384 0 0 0
A1725  ep = 2450400.5
2.51363 0.0794857 5.15425 70.4074 195.396 141.357 0 0 0
A1726  ep = 2450400.5
2.4121 0.0911505 8.67081 202.288 36.168 358.193 0 0 0
A1727  ep = 2450400.5
4.05236 0.019824 2.8181 42.7023 126.568 108.811 0 0 0
A1728  ep = 2450400.5
3.1145 0.00486591 3.81333 144.656 268.899 319.401 0 0 0
A1729  ep = 2450400.5
3.88863 0.0569974 8.55211 343.895 118.352 305.897 0 0 0
A1730  ep = 2450400.5
2.93945 0.0555798 7.29364 89.6031 311.566 318.81 0 0 0
A1731  ep = 2450400.5
3.96401 0.0854193 6.42154 181.494 147.922 284.627 0 0 0
A1732  ep = 2450400.5
3.38767 0.0337053 5.84574 112.166 103.983 264.575 0 0 0
A1733  ep = 2450400.5
2.66588 0.0817427 1.49853 61.2419 175.582 230.893 0 0 0
A1734  ep = 2450400.5
2.60059 0.0648072 3.14162 161.088 297.165 247.535 0 0 0
A1735  ep = 2450400.5
2.82423 0.0982852 9.80148 206.902 238.004 103.265 0 0 0
A1736  ep = 2450400.5
2.92543 0.0518075 2.2882 31.952 231.698 326.906 0 0 0
A1737  ep = 2450400.5
3.16156 0.0670873 5.36808 80.8753 282.146 146.988 0 0 0
A1738  ep = 2450400.5
1.71092 0.0335844 1.52173 204.906 311.924 105.105 0 0 0
A1739  ep = 2450400.5
2.07847 0.0814671 7.17269 108.219 336.75 182.4 0 0 0
A1740  ep = 2450400.5
3.31516 0.0150994 3.75207 351.851 326.781 85.4311 0 0 0
A1741  ep = 2450400.5
3.25191 0.0943848 9.25708 25.8442 177.423 112.872 0 0 0
A1742  ep = 2450400.5
2.16534 0.0626837 0.256888 267.004 302.039 243.251 0 0 0
A1743  ep = 2450400.5
3.68424 0.0883206 4.04619 324.533 323.986 285.718 0 0 0
A1744  ep = 2450400.5
2.72259 0.00173911 2.29272 25.1541 289.988 315.138 0 0 0
A1745  ep = 2450400.5
3.31128 0.0132861 7.99016 109.385 233.58 264.446 0 0 0
A1746  ep = 2450400.5
2.05362 0.0689442 1.45221 23.0799 94.784 345.069 0 0 0
A1747  ep = 2450400.5
2.51601 0.0672052 4.17957 227.809 350.877 151.648 0 0 0
A1748  ep = 2450400.5
2.00883 0.0674254 6.1794 259.952 99.8098 202.117 0 0 0
A1749  ep = 2450400.5
1.72677 0.0357385 3.57748 109.028 345.954 67.6132 0 0 0
A1750  ep = 2450400.5
1.7869 0.090375 4.32271 331.958 82.6894 244.627 0 0 0
A1751  ep = 2450400.5
2.0684 0.00878607 5.67434 109.604 167.384 120.079 0 0 0
A1752  ep = 2450400.5
2.10355 0.0539457 7.6553 291.688 28.4704 347.847 0 0 0
A1753  ep = 2450400.5
3.59597 0.0833642 6.02918 112.354 43.7306 216.411 0 0 0
A1754  ep = 2450400.5
3.69146 0.087464 4.06907 200.716 147.387 234.576 0 0 0
A1755  ep = 2450400.5
2.1707 0.0797032 5.71261 62.3651 232.995 339.133 0 0 0
A1756  ep = 2450400.5
3.97089 0.036592 4.00978 306.647 38.5605 221.886 0 0 0
A1757  ep = 2450400.5
3.15739 0.0777491 2.29033 344.113 342.193 210.746 0 0 0
A1758  ep = 2450400.5
2.20396 0.0461057 9.99319 334.951 51.8343 249.617 0 0 0
A1759  ep = 2450400.5
3.18011 0.0603079 8.95511 31.4181 89.3492 67.4388 0 0 0
A1760  ep = 2450400.5
3.56406 0.0235594 8.62137 178.048 127.85 109.222 0 0 0
A1761  ep = 2450400.5
1.8338 0.0466446 1.55351 215.387 227.904 116.293 0 0 0
A1762  ep = 2450400.5
3.34863 0.0194151 2.10265 270.529 226.551 143.551 0 0 0
A1763  ep = 2450400.5
3.46422 0.0643319 2.26074 205.872 13.4988 334.403 0 0 0
A1764  ep = 2450400.5
2.71164 0.00231759 9.51759 83.0583 312.531 57.7034 0 0 0
A1765  ep = 2450400.5
3.15096 0.0895956 1.33794 79.38 194.063 61.9348 0 0 0
A1766  ep = 2450400.5
3.50764 0.09868 3.14062 54.1425 223.97 58.462 0 0 0
A1767  ep = 2450400.5
1.57938 0.0361991 7.97552 346.012 350.542 161.311 0 0 0
A1768  ep = 2450400.5
3.90771 0.0664363 9.95673 261.146 53.0734 8.01578 0 0 0
A1769  ep = 2450400.5
3.2263 0.085242 5.62125 81.732 53.8327 286.877 0 0 0
A1770  ep = 2450400.5
3.96425 0.0869898 4.38107 53.393 251.768 354.858 0 0 0
A1771  ep = 2450400.5
3.31803 0.0246055 2.44521 321.551 41.9826 270.293 0 0 0
A1772  ep = 2450400.5
2.11058 0.0849938 9.89994 336.522 339.146 359.426 0 0 0
A1773  ep = 2450400.5
3.38519 0.0545438 1.18133 238.162 327.702 3.78474 0 0 0
A1774  ep = 2450400.5
2.98033 0.0389521 8.68328 5.83061 160.225 98.9871 0 0 0
A1775  ep = 2450400.5
1.74969 0.0894963 4.63857 213.88 242.093 208.379 0 0 0
A1776  ep = 2450400.5
3.47723 0.0885288 0.0354012 18.4015 180.417 316.284 0 0 0
A1777  ep = 2450400.5
1.61612 0.023569 7.23725 316.101 158.637 45.2884 0 0 0
A1778  ep = 2450400.5
2.14027 0.0517207 2.69871 71.0687 75.3166 250.92 0 0 0
A1779  ep = 2450400.5
2.68131 0.0775745 0.941099 338.908 356.611 149.365 0 0 0
A1780  ep = 2450400.5
2.79303 0.0796379 3.74362 334.015 176.802 191.08 0 0 0
A1781  ep = 2450400.5
1.71373 0.0791536 8.34735 192.962 79.5467 252.887 0 0 0
A1782  ep = 2450400.5
1.7808 0.0971943 3.44369 348.759 113.416 29.305 0 0 0
A1783  ep = 2450400.5
3.25257 0.0210493 0.760904 11.7043 18.006 217.196 0 0 0
A1784  ep = 2450400.5
3.29315 0.0722256 3.96264 89.2472 297.203 240.187 0 0 0
A1785  ep = 2450400.5
3.64383 0.0633681 8.2688 165.413 179.412 158.445 0 0 0
A1786  ep = 2450400.5
2.50233 0.0128387 9.80502 71.8062 178.929 347.613 0 0 0
A1787  ep = 2450400.5
2.63137 0.0726022 0.246101 349.479 177.726 67.5667 0 0 0
A1788  ep = 2450400.5
3.51424 0.0830263 7.22286 235.865 166.038 75.3912 0 0 0
A1789  ep = 2450400.5
1.96516 0.0925047 6.26911 333.171 259.29 232.654 0 0 0
A1790  ep = 2450400.5
1.62075 0.0623133 0.999302 356.762 203.113 250.433 0 0 0
A1791  ep = 2450400.5
2.34956 0.0765588 4.23826 74.6139 264.933 56.8091 0 0 0
A1792  ep = 2450400.5
1.8163 0.0793243 3.03427 61.3113 296.168 315.07 0 0 0
A1793  ep = 2450400.5
3.56318 0.0198664 7.95075 266.68 173.383 180.487 0 0 0
A1794  ep = 2450400.5
2.92821 0.0436576 2.52686 62.2349 341.364 144.123 0 0 0
A1795  ep = 2450400.5
2.75155 0.00873838 2.65895 349.902 159.752 11.241 0 0 0
A1796  ep = 2450400.5
2.33092 0.0119792 8.33902 18.592 357.958 239.735 0 0 0
A1797  ep = 2450400.5
2.98473 0.0186733 5.42244 1.8411 138.704 298.838 0 0 0
A1798  ep = 2450400.5
2.1569 0.00457592 0.074595 45.2455 155.33 109.912 0 0 0
A1799  ep = 2450400.5
2.2319 0.0101028 3.97327 252.809 359.419 309.705 0 0 0
A1800  ep = 2450400.5
1.82608 0.075228 2.56761 225.261 126.049 26.6886 0 0 0
A1801  ep = 2450400.5
2.14918 0.0885938 8.95938 134.265 217.665 174.783 0 0 0
A1802  ep = 2450400.5
2.10502 0.0367433 6.45405 233.576 327.929 142.355 0 0 0
A1803  ep = 2450400.5
3.62663 0.00806058 8.74106 19.2944 50.3129 250.273 0 0 0
A1804  ep = 2450400.5
2.60131 0.0105576 8.42293 11.0514 79.3388 247.631 0 0 0
A1805  ep = 2450400.5
3.95606 0.0984455 8.74127 223.942 303.799 27.396 0 0 0
A1806  ep = 2450400.5
2.87353 0.0475087 1.78476 299.423 49.2564 311.052 0 0 0
A1807  ep = 2450400.5
3.21125 0.0915851 9.70908 195.26 188.374 206.123 0 0 0
A1808  ep = 2450400.5
3.95873 0.0524563 6.32905 252.081 87.1026 334.833 0 0 0
A1809  ep = 2450400.5
1.99981 0.0322175 6.79574 9.15971 3.70019 203.094 0 0 0
A1810  ep = 2450400.5
3.07689 0.0741678 4.37895 239.299 354.435 262.569 0 0 0
A1811  ep = 2450400.5
1.74146 0.035168 3.68243 142.558 39.0886 196.681 0 0 0
A1812  ep = 2450400.5
2.27965 0.000543334 8.31821 67.7447 251.183 171.382 0 0 0
A1813  ep = 2450400.5
2.01134 0.0759687 5.05937 242.973 245.861 140.568 0 0 0
A1814  ep = 2450400.5
3.68296 0.0837905 0.663291 47.9088 94.5677 269.926 0 0 0
A1815  ep = 2450400.5
3.06205 0.0916847 0.442901 62.6896 128.118 290.816 0 0 0
A1816  ep = 2450400.5
2.68608 0.084507 6.09578 216.587 95.6605 321.409 0 0 0
A1817  ep = 2450400.5
2.93594 0.0634733 3.95992 140.463 150.114 198.448 0 0 0
A1818  ep = 2450400.5
2.78111 0.0773389 0.356919 323.332 81.6082 94.2935 0 0 0
A1819  ep = 2450400.5
2.52286 0.0805874 8.33271 243.283 97.2251 300.447 0 0 0
A1820  ep = 2450400.5
2.81025 0.0681044 0.305828 132.664 210.832 130.588 0 0 0
A1821  ep = 2450400.5
3.15384 0.0169173 0.291965 288.509 65.1762 204.839 0 0 0
A1822  ep = 2450400.5
3.07649 0.0348637 2.53934 228.125 131.031 342.522 0 0 0
A1823  ep = 2450400.5
2.86265 0.0501349 1.16941 172.429 172.946 315.73 0 0 0
A1824  ep = 2450400.5
3.4096 0.00662877 8.09689 113.587 90.6223 47.6235 0 0 0
A1825  ep = 2450400.5
1.84919 0.035053 2.36045 207.715 105.817 232.474 0 0 0
A1826  ep = 2450400.5
3.2504 0.0462182 3.88594 297.62 248.487 247.662 0 0 0
A1827  ep = 2450400.5
3.24911 0.0297972 8.00891 256.2 307.753 220.281 0 0 0
A1828  ep = 2450400.5
2.27688 0.0907756 3.64873 262.007 189.473 73.9621 0 0 0
A1829  ep = 2450400.5
2.68617 0.0830688 8.38011 299.711 206.34 10.9279 0 0 0
A1830  ep = 2450400.5
3.92478 0.0492422 9.13845 51.5393 124.766 27.6835 0 0 0
A1831  ep = 2450400.5
2.70245 0.00926765 8.61412 349.465 164.925 125.301 0 0 0
A1832  ep = 2450400.5
2.94672 0.079051 3.10434 125.85 334.966 170.471 0 0 0
A1833  ep = 2450400.5
1.52433 0.0304682 4.79664 164.377 254.472 46.8186 0 0 0
A1834  ep = 2450400.5
1.88831 0.0687973 3.76302 88.1964 218.265 314.417 0 0 0
A1835  ep = 2450400.5
1.61424 0.0334603 7.66858 37.9267 85.0042 170.995 0 0 0
A1836  ep = 2450400.5
3.35189 0.0147553 3.92176 315.718 177.356 303.141 0 0 0
A1837  ep = 2450400.5
4.06317 0.0965939 4.53842 70.9188 67.883 32.7267 0 0 0
A1838  ep = 2450400.5
1.93731 0.00399335 6.16299 281.997 224.593 188.37 0 0 0
A1839  ep = 2450400.5
4.08166 0.0228015 6.25317 303.445 204.497 109.894 0 0 0
A1840  ep = 2450400.5
3.77338 3.79245e-05 9.37397 98.5977 349.359 102.17 0 0 0
A1841  ep = 2450400.5
1.93743 0.0528953 2.12057 254.287 128.491 86.5722 0 0 0
A1842  ep = 2450400.5
2.80595 0.0950909 2.9313 1.23026 195.028 202.311 0 0 0
A1843  ep = 2450400.5
3.49201 0.0280608 0.174913 124.341 203.851 116.569 0 0 0
A1844  ep = 2450400.5
2.56584 0.0982163 4.21039 53.9966 1.20999 258.73 0 0 0
A1845  ep = 2450400.5
3.08056 0.0380767 5.54498 181.446 183.48 176.866 0 0 0
A1846  ep = 2450400.5
3.86933 0.0816476 5.51395 10.9319 269.776 341.968 0 0 0
A1847  ep = 2450400.5
1.62131 0.000500644 1.14331 91.0095 142.491 143.759 0 0 0
A1848  ep = 2450400.5
2.778 0.0513606 0.17839 338.074 260.931 261.877 0 0 0
A1849  ep = 2450400.5
2.70852 0.0820848 5.99734 293.201 178.585 51.5142 0 0 0
A1850  ep = 2450400.5
1.83147 0.0628485 3.94101 212.643 104.194 247.608 0 0 0
A1851  ep = 2450400.5
1.70905 0.0179886 9.3461 250.045 43.1236 81.4197 0 0 0
A1852  ep = 2450400.5
2.96725 0.0891551 4.30378 243.142 100.292 77.6712 0 0 0
A1853  ep = 2450400.5
1.95791 0.0169832 6.37469 257.315 64.5419 273.544 0 0 0
A1854  ep = 2450400.5
1.73439 0.00530183 9.07842 311.826 310.232 120.731 0 0 0
A1855  ep = 2450400.5
3.48415 0.0170005 0.268945 110.208 76.1285 74.0195 0 0 0
A1856  ep = 2450400.5
2.97964 0.0189291 9.40814 250.869 194.601 30.5817 0 0 0
A1857  ep = 2450400.5
3.21322 0.00122267 0.493886 45.4808 332.91 56.9053 0 0 0
A1858  ep = 2450400.5
1.86156 0.00340183 7.74482 89.2346 167.228 56.8332 0 0 0
A1859  ep = 2450400.5
2.51965 0.0776213 3.81049 127.793 326.469 303.586 0 0 0
A1860  ep = 2450400.5
2.29121 0.0984789 6.34748 101.168 349.758 50.5836 0 0 0
A1861  ep = 2450400.5
2.24968 0.0317645 9.65198 338.751 224.988 284.908 0 0 0
A1862  ep = 2450400.5
2.15404 0.021162 8.6968 283.781 334.337 66.6445 0 0 0
A1863  ep = 2450400.5
2.61624 0.0569641 5.96057 333.184 107.865 139.965 0 0 0
A1864  ep = 2450400.5
3.81105 0.0716598 5.85666 326.661 331.463 259.34 0 0 0
A1865  ep = 2450400.5
1.51733 0.00826869 2.71884 72.2237 275.371 187.107 0 0 0
A1866  ep = 2450400.5
2.04279 0.00273398 6.50013 281.488 61.0963 57.5337 0 0 0
A1867  ep = 2450400.5
3.2363 0.0182868 6.45465 34.2768 8.27864 235.892 0 0 0
A1868  ep = 2450400.5
3.48367 0.0528626 5.61169 34.524 158.558 288.478 0 0 0
A1869  ep = 2450400.5
3.87955 0.0679128 6.10354 160.072 43.1503 89.375 0 0 0
A1870  ep = 2450400.5
3.92937 0.0107821 8.14197 135.301 293.45 331.312 0 0 0
A1871  ep = 2450400.5
2.57079 0.0315488 4.40653 143.406 213.489 48.0691 0 0 0
A1872  ep = 2450400.5
1.92436 0.0812017 8.56139 90.9204 297.835 341.113 0 0 0
A1873  ep = 2450400.5
3.26527 0.0827321 1.79201 342.009 218.263 129.606 0 0 0
A1874  ep = 2450400.5
3.34775 0.00630055 1.93384 99.7699 315.402 50.3265 0 0 0
A1875  ep = 2450400.5
2.9133 0.0105536 5.74864 55.1193 15.2447 135.455 0 0 0
A1876  ep = 2450400.5
3.30905 0.0951075 3.71389 38.1465 139.092 214.554 0 0 0
A1877  ep = 2450400.5
3.53614 0.0609239 6.47184 88.109 236.458 156.582 0 0 0
A1878  ep = 2450400.5
3.65497 0.0152315 8.96599 185.173 103.407 51.1412 0 0 0
A1879  ep = 2450400.5
3.99747 0.0633802 5.31753 34.7292 337.957 58.4085 0 0 0
A1880  ep = 2450400.5
1.99928 0.0608156 8.28123 148.816 139.485 129.098 0 0 0
A1881  ep = 2450400.5
2.03918 0.0011664 4.03605 101.184 57.0795 185.462 0 0 0
A1882  ep = 2450400.5
2.14133 0.0893456 3.30859 203.3 351.191 252.855 0 0 0
A1883  ep = 2450400.5
2.29375 0.00846659 6.97927 123.166 318.249 96.8463 0 0 0
A1884  ep = 2450400.5
2.03366 0.0269305 5.2085 36.0412 60.4764 182.947 0 0 0
A1885  ep = 2450400.5
3.83257 0.0621062 3.18357 321.641 200 31.6582 0 0 0
A1886  ep = 2450400.5
3.74016 0.0254339 8.67703 290.993 65.6179 73.2969 0 0 0
A1887  ep = 2450400.5
1.98639 0.0707171 8.42592 144.514 33.7885 86.8594 0 0 0
A1888  ep = 2450400.5
2.87329 0.0594648 8.25463 291.145 359.477 60.1991 0 0 0
A1889  ep = 2450400.5
3.03003 0.0542249 5.58278 254.604 267.185 109.754 0 0 0
A1890  ep = 2450400.5
1.75471 0.0902421 4.99407 96.2183 327.228 220.29 0 0 0
A1891  ep = 2450400.5
3.56026 0.0505589 3.42596 142.316 268.493 64.6714 0 0 0
A1892  ep = 2450400.5
1.84366 0.0853657 1.41787 276.73 82.1071 106.231 0 0 0
A1893  ep = 2450400.5
3.69392 0.0332884 7.78149 92.4605 131.795 162.552 0 0 0
A1894  ep = 2450400.5
1.71443 0.0897048 6.68954 299.231 155.59 158.174 0 0 0
A1895  ep = 2450400.5
1.6987 0.031848 8.69452 292.157 94.9311 264.181 0 0 0
A1896  ep = 2450400.5
2.08099 0.0617612 2.20586 237.192 103.969 123.377 0 0 0
A1897  ep = 2450400.5
3.30863 0.0983818 1.02506 59.8879 71.456 112.837 0 0 0
A1898  ep = 2450400.5
2.67113 0.0954942 0.712629 17.1298 280.611 252.561 0 0 0
A1899  ep = 2450400.5
2.79549 0.0328064 5.77125 268.885 155.75 107.788 0 0 0
A1900  ep = 2450400.5
1.98261 0.0146608 6.04289 94.6131 44.1042 59.6011 0 0 0
A1901  ep = 2450400.5
1.66115 0.0901932 3.77763 88.7712 286.339 282.923 0 0 0
A1902  ep = 2450400.5
3.34226 0.0301054 5.82249 117.097 141.512 146.8 0 0 0
A1903  ep = 2450400.5
2.4736 0.0775285 5.21713 120.926 229.1 255.281 0 0 0
A1904  ep = 2450400.5
3.30137 0.0460071 2.41536 176.246 187.206 344.617 0 0 0
A1905  ep = 2450400.5
3.73554 0.0127905 8.70444 165.34 91.1254 251.695 0 0 0
A1906  ep = 2450400.5
2.79159 0.0847078 6.83254 225.18 200.818 327.378 0 0 0
A1907  ep = 2450400.5
2.34635 0.0632069 3.18301 319.801 157.311 234.65 0 0 0
A1908  ep = 2450400.5
2.40595 0.0939472 8.7004 157.331 298.248 78.7531 0 0 0
A1909  ep = 2450400.5
3.45737 0.00449036 8.69558 101.856 112.658 288.097 0 0 0
A1910  ep = 2450400.5
3.80318 0.0273027 2.76839 83.2941 145.069 56.9108 0 0 0
A1911  ep = 2450400.5
3.67021 0.0889925 3.96828 18.942 260.253 303.917 0 0 0
A1912  ep = 2450400.5
2.76127 0.0773956 1.87765 0.673081 155.756 261.787 0 0 0
A1913  ep = 2450400.5
2.1507 0.0499113 2.59476 154.098 238.39 216.022 0 0 0
A1914  ep = 2450400.5
2.32019 0.0223465 6.77851 336.044 104.385 271.66 0 0 0
A1915  ep = 2450400.5
1.96537 0.0175839 3.33118 291.593 206.037 199.029 0 0 0
A1916  ep = 2450400.5
1.99016 0.0205143 8.83766 83.2967 346.723 48.9991 0 0 0
A1917  ep = 2450400.5
4.06305 0.0560257 5.24373 78.0877 229.619 337.752 0 0 0
A1918  ep = 2450400.5
2.7171 0.0684503 9.44445 264.113 345.09 250.154 0 0 0
A1919  ep = 2450400.5
2.16062 0.0812585 2.12071 258.151 3.05822 50.5836 0 0 0
A1920  ep = 2450400.5
2.14375 0.0629536 8.60766 30.6708 358.466 280.549 0 0 0
A1921  ep = 2450400.5
2.78905 0.0623454 4.38877 278.499 177.083 230.72 0 0 0
A1922  ep = 2450400.5
3.55422 0.0417708 3.41514 312.972 263.847 79.0034 0 0 0
A1923  ep = 2450400.5
3.47387 0.0649245 2.85924 290.291 332.886 121.941 0 0 0
A1924  ep = 2450400.5
3.64106 0.0597345 5.57919 237.29 25.6666 346.944 0 0 0
A1925  ep = 2450400.5
3.42182 0.0405472 9.76731 81.7344 40.4061 161.73 0 0 0
A1926  ep = 2450400.5
3.15321 0.0348188 2.9989 171.087 219.912 355.634 0 0 0
A1927  ep = 2450400.5
3.87171 0.0288758 8.15508 146.376 40.8193 251.79 0 0 0
A1928  ep = 2450400.5
3.18639 0.0908201 4.1267 41.5581 65.5768 148.387 0 0 0
A1929  ep = 2450400.5
2.48152 0.0348303 0.929329 214.429 307.68 152.517 0 0 0
A1930  ep = 2450400.5
1.76069 0.0854931 3.82899 351.08 47.6011 149.292 0 0 0
A1931  ep = 2450400.5
3.99876 0.0953542 2.18126 224.231 84.0795 264.549 0 0 0
A1932  ep = 2450400.5
3.53615 0.0103146 3.56711 152.967 284.783 195.703 0 0 0
A1933  ep = 2450400.5
3.36662 0.088149 0.210311 44.7478 186.205 288.135 0 0 0
A1934  ep = 2450400.5
3.40448 0.0640144 7.9069 211.581 287.548 235.362 0 0 0
A1935  ep = 2450400.5
3.72603 0.0879035 7.93951 266.447 100.2 336.713 0 0 0
A1936  ep = 2450400.5
3.98461 0.0515752 5.247 193.762 275.022 309.695 0 0 0
A1937  ep = 2450400.5
3.12446 0.0495168 6.28965 132.23 245.896 108.375 0 0 0
A1938  ep = 2450400.5
3.9673 0.0350669 3.69728 224.374 67.5899 178.244 0 0 0
A1939  ep = 2450400.5
3.28844 0.00464868 0.303978 84.2991 338.489 120.218 0 0 0
A1940  ep = 2450400.5
3.2163 0.0592658 4.80739 329.904 18.4451 319.505 0 0 0
A1941  ep = 2450400.5
1.51617 0.0541544 1.72875 214.137 202.075 263.755 0 0 0
A1942  ep = 2450400.5
1.75672 0.0684801 6.45211 179.401 205.543 177.417 0 0 0
A1943  ep = 2450400.5
2.56942 0.0699357 9.0893 224.943 134.078 48.2295 0 0 0
A1944  ep = 2450400.5
3.09847 0.0250482 1.85918 98.315 73.9475 139.632 0 0 0
A1945  ep = 2450400.5
2.3176 0.0288054 5.32195 260.62 168.665 343.353 0 0 0
A1946  ep = 2450400.5
3.23051 0.0257625 8.90704 26.0136 329.662 224.061 0 0 0
A1947  ep = 2450400.5
2.51026 0.069453 0.968994 89.2898 102.728 301.877 0 0 0
A1948  ep = 2450400.5
1.94261 0.0646236 7.29679 178.973 268.363 243.069 0 0 0
A1949  ep = 2450400.5
1.90804 0.0221672 1.64145 99.3402 269.855 288.628 0 0 0
A1950  ep = 2450400.5
2.65539 0.0831069 4.78194 159.263 302.35 273.577 0 0 0
A1951  ep = 2450400.5
3.15741 0.0288771 8.38131 295.903 282.989 358.661 0 0 0
A1952  ep = 2450400.5
3.9283 0.0419252 6.37635 8.89955 127.091 247.911 0 0 0
A1953  ep = 2450400.5
2.35422 0.0165222 0.891217 61.1437 244.266 128.307 0 0 0
A1954  ep = 2450400.5
3.98373 0.0268236 7.24917 176.641 58.3086 106.678 0 0 0
A1955  ep = 2450400.5
3.10487 0.0350302 9.52684 87.2928 140.843 95.4687 0 0 0
A1956  ep = 2450400.5
3.45404 0.0489058 5.60616 195.059 74.8518 117.837 0 0 0
A1957  ep = 2450400.5
3.65992 0.0311097 9.60956 308.542 59.7618 34.5396 0 0 0
A1958  ep = 2450400.5
2.88208 0.0299431 4.53588 105.408 157.137 200.887 0 0 0
A1959  ep = 2450400.5
3.81087 0.0849878 0.903569 111.164 103.082 119.223 0 0 0
A1960  ep = 2450400.5
2.8578 0.0513758 4.73635 112.362 80.0423 263.892 0 0 0
A1961  ep = 2450400.5
3.26651 0.0256353 9.52497 235.715 152.267 206.582 0 0 0
A1962  ep = 2450400.5
3.73502 0.0481584 2.98284 344.907 320.422 82.059 0 0 0
A1963  ep = 2450400.5
2.05388 0.0249705 4.79074 214.57 280.346 126.72 0 0 0
A1964  ep = 2450400.5
2.9593 0.0169453 3.00153 84.5451 337.058 242.219 0 0 0
A1965  ep = 2450400.5
1.69253 0.0373829 1.95154 158.58 164.102 303.037 0 0 0
A1966  ep = 2450400.5
2.15151 0.044111 0.729943 41.1316 187.452 81.9078 0 0 0
A1967  ep = 2450400.5
1.85922 0.06003 9.24303 332.517 260.922 82.2477 0 0 0
A1968  ep = 2450400.5
1.85596 0.0188089 4.21651 244.429 139.833 218.918 0 0 0
A1969  ep = 2450400.5
1.87467 0.0795401 5.313 80.2465 46.5264 116.99 0 0 0
A1970  ep = 2450400.5
3.52026 0.0791631 6.93509 243.614 252.036 185.829 0 0 0
A1971  ep = 2450400.5
1.84726 0.0911709 8.08775 306.038 105.147 174.59 0 0 0
A1972  ep = 2450400.5
2.08602 0.0773608 4.03435 266.894 197.679 219.477 0 0 0
A1973  ep = 2450400.5
2.30981 0.0274006 3.22116 271.426 102.077 24.138 0 0 0
A1974  ep = 2450400.5
1.51908 0.039427 9.4928 129.193 119.653 135.214 0 0 0
A1975  ep = 2450400.5
2.71695 0.0466199 2.40339 240.531 175.29 239.756 0 0 0
A1976  ep = 2450400.5
3.2638 0.0607948 8.77456 338.806 345.862 155.381 0 0 0
A1977  ep = 2450400.5
3.85017 0.0837828 8.37521 6.87362 282.67 136.229 0 0 0
A1978  ep = 2450400.5
3.40382 0.0626374 5.46196 7.70356 191.46 126.661 0 0 0
A1979  ep = 2450400.5
3.71706 0.0708058 2.33302 340.128 50.4631 59.0572 0 0 0
A1980  ep = 2450400.5
2.75779 0.0739701 3.16216 17.6119 156.267 99.1499 0 0 0
A1981  ep = 2450400.5
2.67533 0.0244898 0.00440209 7.3518 352.706 228.808 0 0 0
A1982  ep = 2450400.5
2.32833 0.0320424 1.35989 278.915 136.45 309.024 0 0 0
A1983  ep = 2450400.5
3.01348 0.088804 2.29291 263.479 259.126 84.9827 0 0 0
A1984  ep = 2450400.5
1.99263 0.0474353 1.45388 305.68 283.172 184.672 0 0 0
A1985  ep = 2450400.5
3.30015 0.0818468 4.99807 214.585 50.207 145.337 0 0 0
A1986  ep = 2450400.5
2.20384 0.0217378 5.46372 348.196 313.538 144.441 0 0 0
A1987  ep = 2450400.5
2.10602 0.00921746 2.17876 48.2262 127.471 61.0017 0 0 0
A1988  ep = 2450400.5
3.84349 0.042207 1.73669 259.834 285.096 251.761 0 0 0
A1989  ep = 2450400.5
4.03857 0.0966903 1.73682 22.1219 284.422 250.957 0 0 0
A1990  ep = 2450400.5
2.19329 0.0639851 7.97234 148.647 112.141 161.497 0 0 0
A1991  ep = 2450400.5
1.94567 0.0901667 3.31984 107.558 346.579 38.9681 0 0 0
A1992  ep = 2450400.5
1.61964 0.0886745 5.52879 292.307 338.698 182.021 0 0 0
A1993  ep = 2450400.5
1.5704 0.087231 1.90888 148.303 166.517 272.099 0 0 0
A1994  ep = 2450400.5
2.72993 0.0365058 3.52617 102.592 204.454 168.319 0 0 0
A1995  ep = 2450400.5
3.68071 0.0313353 1.5221 164.378 303.01 262.352 0 0 0
A1996  ep = 2450400.5
3.20443 0.00254131 4.11829 316.044 6.13571 167.976 0 0 0
A1997  ep = 2450400.5
2.35683 0.00105601 3.48402 352.793 9.44879 79.5049 0 0 0
A1998  ep = 2450400.5
2.38546 0.0528683 9.58318 130.813 265.956 79.1266 0 0 0
A1999  ep = 2450400.5
1.94241 0.0792007 7.25781 58.5082 303.835 11.9509 0 0 0
A2000  ep = 2450400.5
4.05631 0.0204606 3.81265 169.997 356.052 48.3118 0 0 0
