)O+_06 Small-body initial data  (WARNING: Do not delete this line!!)
) Lines beginning with `)' are ignored.
)----------------------------------------------------------------------
 style (Cartesian, Asteroidal, Cometary) = Ast
)---------------------------------------------------------------------
A6001  ep = 2450400.5
2.57418 0.0628665 8.97084 144.886 14.9077 242.037 0 0 0
A6002  ep = 2450400.5
1.72265 0.0428035 5.98023 319.489 337.626 96.6695 0 0 0
A6003  ep = 2450400.5
3.3988 0.0377923 7.75238 118.918 245.675 308.648 0 0 0
A6004  ep = 2450400.5
2.42805 0.007458 9.46686 288.219 298.132 267.012 0 0 0
A6005  ep = 2450400.5
2.84504 0.0102522 6.09485 296.131 164.795 60.5248 0 0 0
A6006  ep = 2450400.5
1.50768 0.0722655 3.66767 191.706 157.149 1.39195 0 0 0
A6007  ep = 2450400.5
2.69416 0.0757898 5.99105 223.751 172.625 217.727 0 0 0
A6008  ep = 2450400.5
2.19899 0.08474 0.255616 107.242 114.023 72.7214 0 0 0
A6009  ep = 2450400.5
3.64316 0.0248069 3.2881 335.908 275.997 199.234 0 0 0
A6010  ep = 2450400.5
2.45955 0.0518946 8.92845 34.6915 239.609 169.023 0 0 0
A6011  ep = 2450400.5
2.03627 0.0207237 3.02977 226.478 319.612 278.15 0 0 0
A6012  ep = 2450400.5
2.03661 0.0686413 1.53829 135.282 133.216 254.47 0 0 0
A6013  ep = 2450400.5
1.99023 0.0670312 2.93956 131.076 139.062 142.774 0 0 0
A6014  ep = 2450400.5
3.78107 0.0731628 2.46991 74.7442 327.008 124.639 0 0 0
A6015  ep = 2450400.5
3.75062 0.0804234 7.76569 140.011 147.333 233.972 0 0 0
A6016  ep = 2450400.5
2.04426 0.0471651 1.04104 308.062 299.9 15.3107 0 0 0
A6017  ep = 2450400.5
3.43724 0.0388429 6.33257 251.875 104.966 232.158 0 0 0
A6018  ep = 2450400.5
1.83581 0.071629 8.68472 27.218 83.2261 255.611 0 0 0
A6019  ep = 2450400.5
1.67698 0.0487309 9.20061 310.763 303.944 285.876 0 0 0
A6020  ep = 2450400.5
3.35276 0.0581967 6.12035 197.791 302.478 209.599 0 0 0
A6021  ep = 2450400.5
3.70262 0.0547076 2.70867 265.759 95.9312 313.696 0 0 0
A6022  ep = 2450400.5
2.66025 0.0989083 9.51501 184.759 84.8787 68.471 0 0 0
A6023  ep = 2450400.5
2.94381 0.0651376 5.68054 94.6068 12.0648 291.197 0 0 0
A6024  ep = 2450400.5
2.96987 0.0989518 4.83356 46.8745 68.9812 8.55028 0 0 0
A6025  ep = 2450400.5
1.52306 0.0813066 7.20189 141.471 43.1314 285.878 0 0 0
A6026  ep = 2450400.5
3.76766 0.0870017 2.38013 57.638 27.3729 342.276 0 0 0
A6027  ep = 2450400.5
3.6477 0.0847752 8.16651 140.184 172.61 112.356 0 0 0
A6028  ep = 2450400.5
2.90364 0.0544676 1.37058 75.4779 16.9936 81.8638 0 0 0
A6029  ep = 2450400.5
2.58593 0.0295702 5.86974 192.057 331.696 150.245 0 0 0
A6030  ep = 2450400.5
2.84522 0.0156811 2.52219 24.5116 235.619 2.45355 0 0 0
A6031  ep = 2450400.5
3.6343 0.0146176 0.785255 96.374 301.529 165.67 0 0 0
A6032  ep = 2450400.5
1.53691 0.0702266 0.981376 48.929 313.156 205.463 0 0 0
A6033  ep = 2450400.5
4.00995 0.0382972 6.61828 353.7 299.966 291.895 0 0 0
A6034  ep = 2450400.5
1.92348 0.0419487 6.32478 5.05142 281.76 218.061 0 0 0
A6035  ep = 2450400.5
2.11382 0.0188843 8.87715 346.603 123.065 247.523 0 0 0
A6036  ep = 2450400.5
2.87743 0.0271136 7.98393 122.204 52.2321 340.268 0 0 0
A6037  ep = 2450400.5
2.42753 0.0869321 0.678622 137.652 157.298 279.036 0 0 0
A6038  ep = 2450400.5
3.73286 0.0735064 2.21635 296.056 354.767 232.752 0 0 0
A6039  ep = 2450400.5
1.77908 0.061841 6.61551 306.817 50.1573 201.34 0 0 0
A6040  ep = 2450400.5
3.74819 0.0940363 8.68524 164.617 34.3673 26.198 0 0 0
A6041  ep = 2450400.5
2.11377 0.013259 6.44653 34.6932 91.4297 38.5059 0 0 0
A6042  ep = 2450400.5
2.96167 0.0514475 9.7874 40.1926 354.567 9.23941 0 0 0
A6043  ep = 2450400.5
1.55152 0.0138774 4.3741 22.8854 140.154 78.2565 0 0 0
A6044  ep = 2450400.5
3.04429 0.0526602 3.60701 287.538 77.6473 30.9841 0 0 0
A6045  ep = 2450400.5
3.43598 0.0871671 4.18037 353.193 310.196 88.6335 0 0 0
A6046  ep = 2450400.5
4.02737 0.0964704 3.7721 299.625 286.483 192.53 0 0 0
A6047  ep = 2450400.5
2.33889 0.0977658 8.50542 23.1118 107.158 251.193 0 0 0
A6048  ep = 2450400.5
1.70392 0.0936795 6.71759 214.204 9.4058 110.305 0 0 0
A6049  ep = 2450400.5
2.03833 0.0554372 1.33187 5.94509 281.032 209.626 0 0 0
A6050  ep = 2450400.5
3.17855 0.02816 3.85884 171.031 283.671 15.3062 0 0 0
A6051  ep = 2450400.5
3.11335 0.0603868 1.21687 350.37 291.835 55.3999 0 0 0
A6052  ep = 2450400.5
1.77754 0.0683864 8.69843 240.959 230.437 295.403 0 0 0
A6053  ep = 2450400.5
2.1927 0.0134582 9.91279 142.811 340.619 80.5659 0 0 0
A6054  ep = 2450400.5
3.504 0.00708267 9.38418 169.042 132.753 218.562 0 0 0
A6055  ep = 2450400.5
3.03947 0.046096 8.36237 130.936 1.92842 254.649 0 0 0
A6056  ep = 2450400.5
3.11225 0.097418 7.04917 66.42 294.542 292.322 0 0 0
A6057  ep = 2450400.5
3.73766 0.0613353 5.61728 143.749 197.772 311.568 0 0 0
A6058  ep = 2450400.5
3.20838 0.0928797 8.29289 319.418 354.596 54.0929 0 0 0
A6059  ep = 2450400.5
3.79504 0.061601 0.285389 280.987 234.044 178.352 0 0 0
A6060  ep = 2450400.5
2.0049 0.0316834 0.0230053 59.798 173.063 67.6131 0 0 0
A6061  ep = 2450400.5
3.84488 0.0174344 3.19641 277.32 152.415 75.8921 0 0 0
A6062  ep = 2450400.5
3.44784 0.0822255 3.64078 179.613 317.811 201.159 0 0 0
A6063  ep = 2450400.5
2.23561 0.0254075 9.24278 335.885 303.889 208.805 0 0 0
A6064  ep = 2450400.5
2.48361 0.0841892 1.68224 200.783 11.2288 133.465 0 0 0
A6065  ep = 2450400.5
3.59805 0.0753243 6.75434 236.101 255.699 192.728 0 0 0
A6066  ep = 2450400.5
2.67533 0.000416274 7.96317 200.307 183.966 150.395 0 0 0
A6067  ep = 2450400.5
3.91048 0.0795703 1.3835 256.289 208.568 235.973 0 0 0
A6068  ep = 2450400.5
2.88795 0.0545214 7.41588 42.3066 141.597 337.491 0 0 0
A6069  ep = 2450400.5
3.17637 0.0335991 9.00068 311.359 241.749 235.205 0 0 0
A6070  ep = 2450400.5
2.34501 0.0060501 1.84025 154.681 2.57682 341.104 0 0 0
A6071  ep = 2450400.5
3.27798 0.0451164 2.71871 68.0376 28.1788 280.081 0 0 0
A6072  ep = 2450400.5
3.09222 0.0662939 4.01449 10.4788 346.327 209.255 0 0 0
A6073  ep = 2450400.5
3.77961 0.0218971 5.24448 238.335 1.5026 73.6255 0 0 0
A6074  ep = 2450400.5
3.66389 0.0278058 3.32452 349.217 61.4335 249.133 0 0 0
A6075  ep = 2450400.5
1.75605 0.0869134 0.529769 326.162 101.261 95.1519 0 0 0
A6076  ep = 2450400.5
2.29581 0.0551643 3.47133 235.681 204.344 246.125 0 0 0
A6077  ep = 2450400.5
3.78164 0.0517038 3.85028 206.245 136.082 241.89 0 0 0
A6078  ep = 2450400.5
3.57942 0.0949705 6.6898 215.318 16.934 298.833 0 0 0
A6079  ep = 2450400.5
2.93237 0.0804052 9.70409 180.765 45.1172 168.589 0 0 0
A6080  ep = 2450400.5
2.08326 0.0293958 6.55046 89.7981 38.4818 91.8572 0 0 0
A6081  ep = 2450400.5
2.77108 0.00447343 1.84881 293.221 148.37 247.041 0 0 0
A6082  ep = 2450400.5
3.84922 0.0843859 2.7378 278 66.3915 104.765 0 0 0
A6083  ep = 2450400.5
3.40789 0.0496758 2.01523 280.351 301.852 352.895 0 0 0
A6084  ep = 2450400.5
3.48551 0.0846907 7.95761 254.632 328.167 214.102 0 0 0
A6085  ep = 2450400.5
3.96323 0.0745928 2.81173 266.151 84.3017 342.813 0 0 0
A6086  ep = 2450400.5
2.71211 0.0224859 0.19837 290.078 244.049 186.381 0 0 0
A6087  ep = 2450400.5
2.02414 0.0087117 5.17605 263.952 252.342 231.32 0 0 0
A6088  ep = 2450400.5
2.04732 0.00700815 4.85998 9.33571 165.252 198.085 0 0 0
A6089  ep = 2450400.5
3.3816 0.0448227 6.35377 32.1338 211.837 353.459 0 0 0
A6090  ep = 2450400.5
3.82296 0.055664 6.45642 215.373 256.412 129.83 0 0 0
A6091  ep = 2450400.5
3.36382 0.00341664 4.23501 140.98 139.575 18.4422 0 0 0
A6092  ep = 2450400.5
4.08373 0.0617952 0.912646 157.947 218.987 65.0875 0 0 0
A6093  ep = 2450400.5
3.52566 0.0110374 0.0547375 7.84298 108.489 183.647 0 0 0
A6094  ep = 2450400.5
3.55657 0.0601936 1.74489 220.619 99.9939 285.029 0 0 0
A6095  ep = 2450400.5
3.3835 0.0156259 7.23873 169.613 231.909 325.259 0 0 0
A6096  ep = 2450400.5
1.54081 0.0185908 5.5507 169.766 143.873 38.2664 0 0 0
A6097  ep = 2450400.5
3.22805 0.0262696 2.12386 1.38272 185.703 16.7419 0 0 0
A6098  ep = 2450400.5
3.23272 0.0344425 6.74658 67.6537 98.7372 185.398 0 0 0
A6099  ep = 2450400.5
3.05654 0.0870729 5.34177 233.434 7.56488 61.1855 0 0 0
A6100  ep = 2450400.5
2.28465 0.0402388 5.92796 167.385 349.777 344.341 0 0 0
A6101  ep = 2450400.5
2.36898 0.00636239 9.32694 296.414 92.9829 155.695 0 0 0
A6102  ep = 2450400.5
2.58041 0.0332124 8.0016 120.129 315.788 55.1281 0 0 0
A6103  ep = 2450400.5
4.00016 0.0398614 3.49781 232.843 268.598 278.204 0 0 0
A6104  ep = 2450400.5
2.6136 0.0908692 0.39477 82.9779 310.599 28.0604 0 0 0
A6105  ep = 2450400.5
4.09744 0.00188672 6.10027 160.812 36.0781 29.293 0 0 0
A6106  ep = 2450400.5
3.62142 0.0624461 4.32194 2.95246 110.942 95.6871 0 0 0
A6107  ep = 2450400.5
2.65437 0.0430075 3.27483 157.363 57.8341 39.8376 0 0 0
A6108  ep = 2450400.5
3.51879 0.027371 0.240229 275.286 38.5567 265.58 0 0 0
A6109  ep = 2450400.5
2.58681 0.0550595 1.85054 161.5 169.089 167.865 0 0 0
A6110  ep = 2450400.5
3.37857 0.0395644 1.58756 207.383 44.1662 130.701 0 0 0
A6111  ep = 2450400.5
2.91164 0.0172965 0.0257838 269.293 73.2566 335.354 0 0 0
A6112  ep = 2450400.5
2.73958 0.0160928 3.72359 157.486 146.752 310.855 0 0 0
A6113  ep = 2450400.5
2.83631 0.0346014 1.45864 73.8448 216.604 134.672 0 0 0
A6114  ep = 2450400.5
3.65787 0.0861738 3.23511 353.859 200.126 263.997 0 0 0
A6115  ep = 2450400.5
3.80312 0.0828506 3.69305 269.579 288.917 41.55 0 0 0
A6116  ep = 2450400.5
2.14825 0.0716935 2.52559 153.553 195.486 176.496 0 0 0
A6117  ep = 2450400.5
3.03805 0.082699 3.21554 183.083 148.82 333.188 0 0 0
A6118  ep = 2450400.5
3.91349 0.0310732 4.47536 181.669 346.26 321.628 0 0 0
A6119  ep = 2450400.5
4.08522 0.0580331 2.61865 144.557 140.594 106.805 0 0 0
A6120  ep = 2450400.5
2.91601 0.0792354 5.10008 236.547 313.586 347.051 0 0 0
A6121  ep = 2450400.5
3.63382 0.0752921 2.34315 68.5589 90.3004 110.892 0 0 0
A6122  ep = 2450400.5
3.42315 0.0133778 0.405857 120.011 47.1339 262.838 0 0 0
A6123  ep = 2450400.5
2.16869 0.0207129 5.22035 255.305 193.49 118.67 0 0 0
A6124  ep = 2450400.5
3.10407 0.0923607 6.07015 30.3828 10.1802 2.68833 0 0 0
A6125  ep = 2450400.5
3.25308 0.0866158 7.52218 50.2388 161.803 82.5548 0 0 0
A6126  ep = 2450400.5
3.28032 0.0942192 0.421928 0.533745 174.925 251.648 0 0 0
A6127  ep = 2450400.5
3.19153 0.00455662 4.83054 295.573 292.712 132.777 0 0 0
A6128  ep = 2450400.5
3.47027 0.0472168 2.72974 209.49 128.498 250.397 0 0 0
A6129  ep = 2450400.5
4.07966 0.0491821 9.03934 101.21 52.5862 278.546 0 0 0
A6130  ep = 2450400.5
3.49556 0.0539168 0.794643 132.936 33.9844 70.224 0 0 0
A6131  ep = 2450400.5
3.41157 0.0266392 9.25831 339.93 311.069 91.3601 0 0 0
A6132  ep = 2450400.5
2.44036 0.0140871 6.61496 299.488 205.183 325.495 0 0 0
A6133  ep = 2450400.5
3.38838 0.0032795 9.18546 127.168 31.325 64.6843 0 0 0
A6134  ep = 2450400.5
2.01579 0.0746282 7.76313 122.106 276.492 279.951 0 0 0
A6135  ep = 2450400.5
4.078 0.0709644 0.990181 82.7479 33.9675 59.3131 0 0 0
A6136  ep = 2450400.5
1.86682 0.0660777 1.68457 209.64 332.204 199.711 0 0 0
A6137  ep = 2450400.5
2.01527 0.0177288 6.67834 258.013 1.56154 70.7375 0 0 0
A6138  ep = 2450400.5
2.79944 0.0588553 2.81609 284.666 25.5142 182.11 0 0 0
A6139  ep = 2450400.5
2.38477 0.0221981 1.82671 341.824 297.862 243.426 0 0 0
A6140  ep = 2450400.5
3.65823 0.0146983 3.34684 118.566 227.327 204.91 0 0 0
A6141  ep = 2450400.5
2.61293 0.0621301 4.19934 226.777 333.132 18.6272 0 0 0
A6142  ep = 2450400.5
2.16037 0.0238316 9.37287 182.219 177.025 62.2978 0 0 0
A6143  ep = 2450400.5
3.76566 0.0958393 0.709712 84.4574 95.774 161.325 0 0 0
A6144  ep = 2450400.5
1.81917 0.0927435 0.39372 114.806 278.936 44.2503 0 0 0
A6145  ep = 2450400.5
2.04042 0.0482108 5.78761 262.718 332.49 212.864 0 0 0
A6146  ep = 2450400.5
4.07241 0.0864976 0.64422 167.949 177.28 178.345 0 0 0
A6147  ep = 2450400.5
3.85877 0.0988562 2.75556 334.904 196.533 81.0545 0 0 0
A6148  ep = 2450400.5
1.78258 0.0305702 4.93035 358.706 13.4253 300.21 0 0 0
A6149  ep = 2450400.5
1.60027 0.0174072 5.62841 84.4288 321.76 26.5021 0 0 0
A6150  ep = 2450400.5
1.5122 0.0386138 7.82646 65.1761 30.118 8.43533 0 0 0
A6151  ep = 2450400.5
1.58997 0.0158046 7.27603 20.3709 284.788 124.661 0 0 0
A6152  ep = 2450400.5
1.65385 0.0202733 6.32946 68.1781 195.556 20.6048 0 0 0
A6153  ep = 2450400.5
3.28864 0.0113959 0.300782 281.649 314.047 86.0107 0 0 0
A6154  ep = 2450400.5
2.58678 0.0586732 2.20878 241.905 345.599 70.3072 0 0 0
A6155  ep = 2450400.5
3.51244 0.0825573 6.40597 123.437 314.544 27.9274 0 0 0
A6156  ep = 2450400.5
2.6893 0.0591621 0.370979 82.0284 38.653 171.569 0 0 0
A6157  ep = 2450400.5
1.65713 0.0345594 5.39634 8.759 353.366 161.927 0 0 0
A6158  ep = 2450400.5
3.60154 0.032507 9.44461 283.955 65.5033 224.37 0 0 0
A6159  ep = 2450400.5
3.23956 0.0362507 9.66188 75.2696 218.375 86.3783 0 0 0
A6160  ep = 2450400.5
3.85108 0.0951261 5.84281 99.1095 357.171 75.6155 0 0 0
A6161  ep = 2450400.5
2.80482 0.0671802 9.98206 261.762 20.3573 314.256 0 0 0
A6162  ep = 2450400.5
2.64679 0.0388535 5.11599 87.9263 175.235 101.356 0 0 0
A6163  ep = 2450400.5
3.60472 0.0282605 5.73526 59.5902 333.435 236.153 0 0 0
A6164  ep = 2450400.5
1.63526 0.0842672 7.78845 214.079 204.965 35.4145 0 0 0
A6165  ep = 2450400.5
2.30379 0.0769253 6.83816 294.318 35.2966 300.28 0 0 0
A6166  ep = 2450400.5
3.15681 0.0697281 8.20678 124.997 110.396 77.0699 0 0 0
A6167  ep = 2450400.5
3.44887 0.0164702 1.146 188.734 218.024 138.464 0 0 0
A6168  ep = 2450400.5
2.89295 0.0228331 2.56347 115.235 43.5258 268.325 0 0 0
A6169  ep = 2450400.5
3.89489 0.0528985 0.654245 291.259 339.356 311.498 0 0 0
A6170  ep = 2450400.5
2.42911 0.0646895 0.368947 9.95674 267.96 33.2167 0 0 0
A6171  ep = 2450400.5
1.83649 0.0814747 0.44901 336.335 340.431 172.436 0 0 0
A6172  ep = 2450400.5
1.97302 0.0669791 2.17403 165.871 9.28861 36.8513 0 0 0
A6173  ep = 2450400.5
3.88401 0.083778 7.568 188.741 330.057 62.0469 0 0 0
A6174  ep = 2450400.5
3.99954 0.0860576 3.69448 181.426 46.4691 166.552 0 0 0
A6175  ep = 2450400.5
1.95381 0.0496997 8.03601 254.074 247.955 21.9727 0 0 0
A6176  ep = 2450400.5
2.39781 0.0897815 0.581436 81.0303 265.029 278.853 0 0 0
A6177  ep = 2450400.5
2.5136 0.0477518 0.650989 319.218 192.925 100.597 0 0 0
A6178  ep = 2450400.5
3.75834 0.0431689 0.392796 39.2686 171.141 197.033 0 0 0
A6179  ep = 2450400.5
3.9209 0.0413606 7.47921 244.886 35.7119 180.403 0 0 0
A6180  ep = 2450400.5
1.53086 0.0973516 9.88023 111.621 339.745 239.42 0 0 0
A6181  ep = 2450400.5
2.62985 0.0633588 9.70686 298.236 217.923 127.563 0 0 0
A6182  ep = 2450400.5
3.31964 0.0458715 0.615639 134.111 21.4198 178.571 0 0 0
A6183  ep = 2450400.5
3.64027 0.0167907 3.01777 35.4741 330.445 319.823 0 0 0
A6184  ep = 2450400.5
2.77296 0.0708202 2.7593 316.357 11.7655 112.547 0 0 0
A6185  ep = 2450400.5
3.75275 0.0384569 7.45021 152.743 251.695 69.7047 0 0 0
A6186  ep = 2450400.5
4.08898 0.0557894 7.53027 324.423 90.3677 96.5978 0 0 0
A6187  ep = 2450400.5
3.45482 0.0723667 4.67584 33.3689 308.983 87.1403 0 0 0
A6188  ep = 2450400.5
1.65899 0.0423436 3.69619 70.6522 1.32554 334.223 0 0 0
A6189  ep = 2450400.5
2.4091 0.0729444 8.76125 273.142 317.147 73.4175 0 0 0
A6190  ep = 2450400.5
2.11601 0.0563013 1.56363 318.606 102.081 355.538 0 0 0
A6191  ep = 2450400.5
3.1035 0.0250319 1.1098 246.432 169.415 195 0 0 0
A6192  ep = 2450400.5
1.5911 0.0275122 2.96868 254.838 300.233 24.2701 0 0 0
A6193  ep = 2450400.5
3.68122 0.0758846 2.91681 13.6875 193.685 203.111 0 0 0
A6194  ep = 2450400.5
3.26578 0.0472353 7.83989 246.511 245.001 303.645 0 0 0
A6195  ep = 2450400.5
1.9164 0.0909738 4.95881 320.265 229.759 103.2 0 0 0
A6196  ep = 2450400.5
2.44527 0.0251162 4.28015 117.872 167.448 352.511 0 0 0
A6197  ep = 2450400.5
1.87054 0.0301604 6.05779 45.7558 238.106 208.529 0 0 0
A6198  ep = 2450400.5
2.07464 0.0964526 8.79215 111.609 292.628 80.9631 0 0 0
A6199  ep = 2450400.5
2.47729 0.087714 6.08584 156.539 103.102 14.0551 0 0 0
A6200  ep = 2450400.5
2.72381 0.0186277 9.75836 309.751 96.9278 175.739 0 0 0
A6201  ep = 2450400.5
2.33786 0.0708202 8.75391 46.7445 140.689 126.133 0 0 0
A6202  ep = 2450400.5
3.11852 0.0519821 7.63145 193.63 3.77908 219.391 0 0 0
A6203  ep = 2450400.5
2.21415 0.0254711 8.92521 111.746 71.8092 258.319 0 0 0
A6204  ep = 2450400.5
1.59269 0.0207233 6.96714 240.124 119.408 33.6987 0 0 0
A6205  ep = 2450400.5
2.90279 0.0577119 7.63586 69.5555 210.87 258.119 0 0 0
A6206  ep = 2450400.5
3.11507 0.0778726 7.04897 7.15868 229.948 321.792 0 0 0
A6207  ep = 2450400.5
1.63221 0.0604387 8.93963 193.948 25.5677 172.271 0 0 0
A6208  ep = 2450400.5
2.88123 0.0991629 5.30094 41.2059 278.36 355.354 0 0 0
A6209  ep = 2450400.5
1.70981 0.0474291 8.40908 82.6358 29.3438 0.357007 0 0 0
A6210  ep = 2450400.5
2.92331 0.0437658 4.72503 107.199 25.5223 285.099 0 0 0
A6211  ep = 2450400.5
3.07454 0.00242948 5.32213 151.3 200.364 321.508 0 0 0
A6212  ep = 2450400.5
2.81471 0.00900724 0.846349 173.309 92.6632 75.4823 0 0 0
A6213  ep = 2450400.5
2.12327 0.0254172 0.864832 126.866 36.5631 132.037 0 0 0
A6214  ep = 2450400.5
3.48465 0.0206679 2.65744 346.925 172.796 83.7164 0 0 0
A6215  ep = 2450400.5
1.85314 0.0676552 6.81141 5.07323 230.285 318.646 0 0 0
A6216  ep = 2450400.5
2.65515 0.0514319 6.16218 88.2326 300.854 106.923 0 0 0
A6217  ep = 2450400.5
1.88642 0.0241581 2.25869 191.229 228.031 354.133 0 0 0
A6218  ep = 2450400.5
1.7252 0.0929954 6.73506 1.33694 146.041 211.717 0 0 0
A6219  ep = 2450400.5
3.69478 0.00860088 4.54972 227.843 22.6196 188.721 0 0 0
A6220  ep = 2450400.5
1.66155 0.0195504 6.84056 251.138 327.009 8.99232 0 0 0
A6221  ep = 2450400.5
2.23632 0.0928038 4.53001 169.017 22.2923 69.8968 0 0 0
A6222  ep = 2450400.5
4.06325 0.0663761 0.824224 124.648 62.5763 359.139 0 0 0
A6223  ep = 2450400.5
2.68711 0.00383607 5.72778 170.344 51.3673 24.2992 0 0 0
A6224  ep = 2450400.5
2.32871 0.00497533 2.20445 296.802 303.836 131.121 0 0 0
A6225  ep = 2450400.5
3.65035 0.027498 7.58667 106.069 130.795 24.9118 0 0 0
A6226  ep = 2450400.5
3.57162 0.0617455 7.56361 63.0348 236.955 238.691 0 0 0
A6227  ep = 2450400.5
2.78193 0.00289253 6.14788 346.115 116.682 15.195 0 0 0
A6228  ep = 2450400.5
3.23922 0.0721417 6.86226 227.163 121.577 41.2074 0 0 0
A6229  ep = 2450400.5
2.63711 0.0742417 4.81014 244.391 47.5297 326.967 0 0 0
A6230  ep = 2450400.5
2.06115 0.0476539 8.18371 316.194 262.168 293.149 0 0 0
A6231  ep = 2450400.5
2.49393 0.0914492 6.87032 243.921 242.677 69.4646 0 0 0
A6232  ep = 2450400.5
1.77315 0.0432074 5.86041 22.4396 172.592 226.14 0 0 0
A6233  ep = 2450400.5
2.31913 0.0928419 0.93609 20.8632 221.595 23.0913 0 0 0
A6234  ep = 2450400.5
2.15384 0.0701738 8.11017 59.7851 146.427 187.297 0 0 0
A6235  ep = 2450400.5
2.84032 0.0638116 6.81142 275.062 2.47175 33.0564 0 0 0
A6236  ep = 2450400.5
1.68048 0.079184 5.46206 182.664 358.657 357.579 0 0 0
A6237  ep = 2450400.5
1.82548 0.0106865 1.07851 45.4892 236.35 103.178 0 0 0
A6238  ep = 2450400.5
3.28374 0.0971482 4.69119 126.84 253.436 119.696 0 0 0
A6239  ep = 2450400.5
3.00085 0.0667692 8.89222 265.942 22.8214 77.4753 0 0 0
A6240  ep = 2450400.5
2.81504 0.00108123 2.72299 221.281 83.0365 230.092 0 0 0
A6241  ep = 2450400.5
2.98056 0.0224906 7.99512 100.967 143.353 83.6645 0 0 0
A6242  ep = 2450400.5
1.74911 0.0571637 0.496457 238.411 160.019 125.486 0 0 0
A6243  ep = 2450400.5
3.29655 0.06174 6.63748 9.23463 318.477 77.7131 0 0 0
A6244  ep = 2450400.5
2.92104 0.0694088 2.53091 337.059 358.139 12.2378 0 0 0
A6245  ep = 2450400.5
3.77476 0.0677076 7.62304 15.5494 82.5895 209.709 0 0 0
A6246  ep = 2450400.5
2.22869 0.0434599 9.31286 100.543 69.8613 175.452 0 0 0
A6247  ep = 2450400.5
2.72781 0.00620441 4.77458 314.349 58.2319 32.3665 0 0 0
A6248  ep = 2450400.5
1.50387 0.0336111 6.02059 120.536 297.646 359.95 0 0 0
A6249  ep = 2450400.5
3.95439 0.011168 0.0117182 198.397 113.9 176.929 0 0 0
A6250  ep = 2450400.5
2.59106 0.0620497 0.700463 153.25 98.3974 0.355373 0 0 0
A6251  ep = 2450400.5
3.79536 0.0156074 9.13083 341.45 97.3095 213.512 0 0 0
A6252  ep = 2450400.5
2.82642 0.0482176 0.939154 180.218 357.263 176.867 0 0 0
A6253  ep = 2450400.5
2.97657 0.0417584 0.328471 27.4808 109.446 272.968 0 0 0
A6254  ep = 2450400.5
1.54932 0.0927982 2.60067 273.663 309.847 283.584 0 0 0
A6255  ep = 2450400.5
4.01154 0.0709569 1.72712 325.383 312.327 255.018 0 0 0
A6256  ep = 2450400.5
3.61636 0.0178002 6.67337 170.22 108.539 258.339 0 0 0
A6257  ep = 2450400.5
3.68077 0.0363104 7.68283 166.369 215.808 302.681 0 0 0
A6258  ep = 2450400.5
2.61217 0.052797 2.58515 276.208 3.9287 110.507 0 0 0
A6259  ep = 2450400.5
2.89055 0.0136161 2.4546 62.5639 191.667 120.431 0 0 0
A6260  ep = 2450400.5
1.87197 0.0604241 3.483 179.482 111.194 313.343 0 0 0
A6261  ep = 2450400.5
3.6898 0.0937691 5.78081 340.877 74.1885 282.902 0 0 0
A6262  ep = 2450400.5
3.7819 0.0981952 2.6647 64.539 219.21 358.449 0 0 0
A6263  ep = 2450400.5
3.14209 0.0144913 7.55734 300.234 117.051 316.829 0 0 0
A6264  ep = 2450400.5
2.96638 0.0705979 8.38563 314.214 51.14 111.898 0 0 0
A6265  ep = 2450400.5
2.02425 0.0956505 9.97873 52.4185 106.335 106.139 0 0 0
A6266  ep = 2450400.5
1.63442 0.0215716 6.53185 228.115 236.103 42.8402 0 0 0
A6267  ep = 2450400.5
3.65373 0.0618808 7.29977 24.1438 24.6062 126.641 0 0 0
A6268  ep = 2450400.5
3.07093 0.0792681 7.5873 260.551 101.352 65.9725 0 0 0
A6269  ep = 2450400.5
3.92988 0.0729491 0.549938 7.75703 158.7 43.2446 0 0 0
A6270  ep = 2450400.5
3.85272 0.0217868 1.7097 33.5417 355.558 129.307 0 0 0
A6271  ep = 2450400.5
2.30936 0.0250047 1.5402 330.886 301.01 257.918 0 0 0
A6272  ep = 2450400.5
2.76074 0.0766631 2.77328 68.1164 131.592 326.507 0 0 0
A6273  ep = 2450400.5
2.81006 0.0115369 9.01297 349.298 113.1 320.895 0 0 0
A6274  ep = 2450400.5
1.93055 0.0894572 3.06396 129.829 120.18 208.126 0 0 0
A6275  ep = 2450400.5
3.41784 0.0513574 5.6373 82.7889 322.003 313.353 0 0 0
A6276  ep = 2450400.5
3.19291 0.0637717 8.10762 273.989 273.703 7.28472 0 0 0
A6277  ep = 2450400.5
2.5597 0.022347 0.862852 81.2022 8.01771 25.6603 0 0 0
A6278  ep = 2450400.5
3.85779 0.0967263 9.79202 340.915 259.172 242 0 0 0
A6279  ep = 2450400.5
3.38812 0.0129188 4.26407 258.812 315.943 159.522 0 0 0
A6280  ep = 2450400.5
3.2501 0.0455039 0.836605 96.112 358.08 236.343 0 0 0
A6281  ep = 2450400.5
3.56363 0.0668319 8.44333 44.5015 20.4398 262.628 0 0 0
A6282  ep = 2450400.5
2.88155 0.0620942 3.1703 344.972 90.4233 57.8541 0 0 0
A6283  ep = 2450400.5
1.85343 0.0796424 2.49007 47.6283 107.01 250.008 0 0 0
A6284  ep = 2450400.5
3.42236 0.0607871 0.48533 287.697 20.6481 296.769 0 0 0
A6285  ep = 2450400.5
3.03254 0.0924105 8.43566 92.8444 45.6871 209.114 0 0 0
A6286  ep = 2450400.5
2.17576 0.00216821 1.41172 325.236 338.419 78.302 0 0 0
A6287  ep = 2450400.5
2.07217 0.0684298 6.99326 292.59 182.254 174.937 0 0 0
A6288  ep = 2450400.5
3.50384 0.0284977 4.60254 280.922 112.694 295.922 0 0 0
A6289  ep = 2450400.5
1.78911 0.0153339 6.16644 186.303 122.8 46.7287 0 0 0
A6290  ep = 2450400.5
2.52275 0.0989291 4.00962 85.3809 325.507 279.692 0 0 0
A6291  ep = 2450400.5
3.33706 0.0848511 9.92075 189.642 311.206 197.568 0 0 0
A6292  ep = 2450400.5
1.68072 0.0390003 6.77593 132.868 105.335 356.249 0 0 0
A6293  ep = 2450400.5
3.53644 0.0247137 6.63328 301.272 75.8056 61.4881 0 0 0
A6294  ep = 2450400.5
2.95503 0.0352414 0.0195546 51.2742 236.322 100.603 0 0 0
A6295  ep = 2450400.5
2.93001 0.0721674 1.16836 322.234 305.242 155.343 0 0 0
A6296  ep = 2450400.5
2.23679 0.0119461 2.77572 7.1048 232.695 27.5397 0 0 0
A6297  ep = 2450400.5
1.92761 0.056997 6.48852 222.602 131.618 167.659 0 0 0
A6298  ep = 2450400.5
2.65615 0.0601418 1.03562 119.705 334.752 243.263 0 0 0
A6299  ep = 2450400.5
3.87083 0.0825905 4.98632 163.388 348.707 208.633 0 0 0
A6300  ep = 2450400.5
1.76363 0.0957093 8.86379 110.943 181.331 124.606 0 0 0
A6301  ep = 2450400.5
3.64972 0.0244628 2.46645 131.473 217.812 341.975 0 0 0
A6302  ep = 2450400.5
3.57263 0.0694335 9.68429 1.00287 270.917 81.3923 0 0 0
A6303  ep = 2450400.5
3.26367 0.0778082 7.21695 75.6573 108.715 284.067 0 0 0
A6304  ep = 2450400.5
1.87608 0.0622054 1.86521 170.695 24.2527 60.6582 0 0 0
A6305  ep = 2450400.5
2.89344 0.0296678 8.27068 163.57 134.719 147.943 0 0 0
A6306  ep = 2450400.5
3.36103 0.0109142 8.34458 280.773 202.227 247.042 0 0 0
A6307  ep = 2450400.5
2.50662 0.0208613 7.1542 100.922 338.378 351.03 0 0 0
A6308  ep = 2450400.5
2.90229 0.0808066 7.16272 237.546 62.6416 339.095 0 0 0
A6309  ep = 2450400.5
3.70076 0.0464325 0.917292 33.6265 197.605 79.5483 0 0 0
A6310  ep = 2450400.5
2.79702 0.0497837 1.13823 99.9702 354.248 79.961 0 0 0
A6311  ep = 2450400.5
2.65964 0.0913111 6.64951 126.952 167.414 24.2765 0 0 0
A6312  ep = 2450400.5
3.05422 0.0302169 3.56215 117.126 79.2376 97.6521 0 0 0
A6313  ep = 2450400.5
3.66778 0.00379361 5.59264 284.084 158.132 53.6635 0 0 0
A6314  ep = 2450400.5
3.71935 0.0635696 7.14907 250.541 243.922 114.071 0 0 0
A6315  ep = 2450400.5
1.88914 0.0777258 0.379781 247.091 48.1164 124.292 0 0 0
A6316  ep = 2450400.5
3.92393 0.0662513 4.85048 344.546 286.247 22.1187 0 0 0
A6317  ep = 2450400.5
3.58719 0.0689303 2.11881 341.131 308.896 355.952 0 0 0
A6318  ep = 2450400.5
1.51389 0.0352896 3.12324 29.7154 65.6333 312.198 0 0 0
A6319  ep = 2450400.5
3.79723 0.0020114 3.05536 137.307 43.8235 91.2058 0 0 0
A6320  ep = 2450400.5
3.05344 0.0700943 4.74383 149.679 330.573 269.678 0 0 0
A6321  ep = 2450400.5
1.68065 0.0780054 0.366218 230.737 265.7 180.632 0 0 0
A6322  ep = 2450400.5
1.90179 0.00359433 3.09832 285.876 156.505 123.996 0 0 0
A6323  ep = 2450400.5
3.04541 0.0465867 9.82573 188.752 272.866 301.187 0 0 0
A6324  ep = 2450400.5
2.01847 0.088137 6.19218 26.0926 77.2473 279.069 0 0 0
A6325  ep = 2450400.5
3.99171 0.0408274 6.85729 8.03876 25.4998 163.471 0 0 0
A6326  ep = 2450400.5
1.73319 0.091522 9.10408 352.358 59.6527 302.068 0 0 0
A6327  ep = 2450400.5
2.37231 0.0259983 1.52879 347.495 207.947 266.947 0 0 0
A6328  ep = 2450400.5
1.89059 0.0586828 2.82194 224.519 149.049 263.096 0 0 0
A6329  ep = 2450400.5
2.97248 0.0663056 3.97852 282.39 222.798 213.148 0 0 0
A6330  ep = 2450400.5
3.56722 0.0552347 3.29582 20.493 243.79 254.577 0 0 0
A6331  ep = 2450400.5
2.39782 0.0291997 6.58718 204.679 333.71 141.308 0 0 0
A6332  ep = 2450400.5
3.87572 0.0284064 4.25661 7.27311 33.2929 341.98 0 0 0
A6333  ep = 2450400.5
1.94576 0.0973121 9.24988 46.1483 313.464 208.115 0 0 0
A6334  ep = 2450400.5
3.62146 0.0960078 3.02536 95.401 285.984 288.806 0 0 0
A6335  ep = 2450400.5
1.84601 0.0665484 6.79437 9.59817 59.5117 28.8196 0 0 0
A6336  ep = 2450400.5
3.97828 0.0111303 9.67413 47.8531 254.843 173.422 0 0 0
A6337  ep = 2450400.5
2.02332 0.06092 0.827188 299.654 120.953 320.564 0 0 0
A6338  ep = 2450400.5
2.46969 0.055581 0.502631 334.532 45.0493 136.043 0 0 0
A6339  ep = 2450400.5
2.51017 0.0100712 6.67307 181.506 251.192 116.009 0 0 0
A6340  ep = 2450400.5
2.78277 0.098149 2.90422 180.414 71.8724 321.948 0 0 0
A6341  ep = 2450400.5
2.15492 0.0598395 7.22017 183.933 65.4615 161.579 0 0 0
A6342  ep = 2450400.5
3.52289 0.0978573 7.87552 52.8256 102.277 195.457 0 0 0
A6343  ep = 2450400.5
2.07492 0.00648705 6.27924 297.401 229.998 81.7659 0 0 0
A6344  ep = 2450400.5
2.46736 0.0244216 9.54308 248.893 9.25802 67.3669 0 0 0
A6345  ep = 2450400.5
3.3861 0.00865457 5.57323 279.822 201.532 320.423 0 0 0
A6346  ep = 2450400.5
3.28351 0.0901273 8.69915 252.503 111.733 113.716 0 0 0
A6347  ep = 2450400.5
1.86302 0.0454799 2.80709 58.1334 8.40861 65.7633 0 0 0
A6348  ep = 2450400.5
3.25469 0.0910904 8.56635 189.879 31.1087 343.923 0 0 0
A6349  ep = 2450400.5
3.10304 0.0690154 4.41095 42.3014 201.852 1.57217 0 0 0
A6350  ep = 2450400.5
1.90873 0.0599702 2.19958 4.05203 33.7829 273.691 0 0 0
A6351  ep = 2450400.5
2.28382 0.0159452 3.90709 185.415 228.176 356.881 0 0 0
A6352  ep = 2450400.5
2.12804 0.0459138 9.72725 227.266 223.624 130.743 0 0 0
A6353  ep = 2450400.5
2.94325 0.0151166 7.65083 353.217 329.709 279.957 0 0 0
A6354  ep = 2450400.5
2.59382 0.0229176 9.7662 64.3697 235.149 247.507 0 0 0
A6355  ep = 2450400.5
2.48706 0.0969967 1.23571 77.1285 226.612 308.811 0 0 0
A6356  ep = 2450400.5
2.09986 0.08061 3.11783 351.219 137.641 87.9168 0 0 0
A6357  ep = 2450400.5
1.63278 0.0220997 3.28973 0.623075 200.746 332.952 0 0 0
A6358  ep = 2450400.5
2.90073 0.0776782 9.38274 285.284 322.824 101.774 0 0 0
A6359  ep = 2450400.5
1.77483 0.0135056 2.88112 301.058 271.721 196.524 0 0 0
A6360  ep = 2450400.5
3.37234 0.0718185 5.5269 304.897 231.222 252.208 0 0 0
A6361  ep = 2450400.5
2.73065 0.0835734 9.18601 238.022 101.438 120.532 0 0 0
A6362  ep = 2450400.5
1.55693 0.0322431 5.09402 237.625 200.598 70.1859 0 0 0
A6363  ep = 2450400.5
2.49823 0.0653755 3.65399 182.48 193.844 308.174 0 0 0
A6364  ep = 2450400.5
3.88937 0.0435777 5.10445 20.7284 85.2981 273.524 0 0 0
A6365  ep = 2450400.5
3.79172 0.0203941 4.63428 264.938 250.737 220.675 0 0 0
A6366  ep = 2450400.5
3.35621 0.0122321 7.85006 224.913 245.055 120.27 0 0 0
A6367  ep = 2450400.5
1.82306 0.026618 4.68975 94.5939 185.323 236.615 0 0 0
A6368  ep = 2450400.5
2.45276 0.0532091 8.8518 263.908 84.2093 13.072 0 0 0
A6369  ep = 2450400.5
1.7074 0.0209317 3.98286 349.228 86.3221 110.605 0 0 0
A6370  ep = 2450400.5
2.06904 0.0591069 4.09359 161.968 99.3043 311.787 0 0 0
A6371  ep = 2450400.5
3.34854 0.0910733 6.69757 115.482 75.6795 289.578 0 0 0
A6372  ep = 2450400.5
2.27185 0.0266028 8.13785 345.9 95.1065 75.0589 0 0 0
A6373  ep = 2450400.5
2.31125 0.00574193 2.04543 99.9706 117.86 199.352 0 0 0
A6374  ep = 2450400.5
3.13641 0.0920859 4.88194 221.19 198.126 47.5697 0 0 0
A6375  ep = 2450400.5
3.89958 0.0407037 4.0708 136.305 127.692 238.087 0 0 0
A6376  ep = 2450400.5
3.53696 0.0193884 2.61487 52.8368 295.227 50.3214 0 0 0
A6377  ep = 2450400.5
3.67778 0.0649049 3.5635 224.601 150.873 180.124 0 0 0
A6378  ep = 2450400.5
2.16949 0.0188 6.709 259.732 251.207 159.184 0 0 0
A6379  ep = 2450400.5
1.80098 0.0625235 5.33141 226.967 158.675 174.165 0 0 0
A6380  ep = 2450400.5
2.36041 0.0114016 2.26864 309.337 320.24 43.8302 0 0 0
A6381  ep = 2450400.5
1.75465 0.00707622 9.29995 261.503 198.311 259.189 0 0 0
A6382  ep = 2450400.5
2.03259 0.0617153 9.49585 300.454 295.382 233.173 0 0 0
A6383  ep = 2450400.5
2.05603 0.0229701 8.58097 44.8437 310.094 32.4347 0 0 0
A6384  ep = 2450400.5
3.53109 0.0425422 3.07341 227.493 151.689 327.009 0 0 0
A6385  ep = 2450400.5
4.02484 0.00561832 1.2711 48.4478 287.972 94.0753 0 0 0
A6386  ep = 2450400.5
4.07746 0.0622868 7.54451 317.946 291.403 253.497 0 0 0
A6387  ep = 2450400.5
1.79747 0.0232575 4.88103 3.06492 150.994 350.978 0 0 0
A6388  ep = 2450400.5
2.01418 0.0705049 1.76222 132.579 106.477 110.988 0 0 0
A6389  ep = 2450400.5
3.2155 0.0167312 7.00716 269.774 110.265 64.6191 0 0 0
A6390  ep = 2450400.5
2.86766 0.0905574 0.987594 353.196 292.108 95.4429 0 0 0
A6391  ep = 2450400.5
3.41864 0.0597584 6.59369 53.262 347.957 309.245 0 0 0
A6392  ep = 2450400.5
3.22999 0.0894957 0.549528 353.359 295.8 183.152 0 0 0
A6393  ep = 2450400.5
3.09598 0.000577249 3.0183 90.7017 203.152 92.8225 0 0 0
A6394  ep = 2450400.5
2.81105 0.022576 2.35264 149.464 41.0461 284.295 0 0 0
A6395  ep = 2450400.5
1.76843 0.0611279 1.77203 20.2407 264.594 114.387 0 0 0
A6396  ep = 2450400.5
1.97223 0.0231214 1.01253 332.426 228.781 113.551 0 0 0
A6397  ep = 2450400.5
2.30467 0.0554802 0.563214 208.106 41.0423 261.534 0 0 0
A6398  ep = 2450400.5
2.03725 0.0463143 4.04297 76.6933 339.818 33.2147 0 0 0
A6399  ep = 2450400.5
3.24227 0.0754496 6.81877 308.158 161.736 244.901 0 0 0
A6400  ep = 2450400.5
2.57275 0.0340664 1.5461 220.105 227.146 333.832 0 0 0
A6401  ep = 2450400.5
2.03609 0.0759683 0.992076 166.279 250.128 355.078 0 0 0
A6402  ep = 2450400.5
2.77319 0.0332096 5.53949 317.412 171.547 246.379 0 0 0
A6403  ep = 2450400.5
3.21605 0.0119994 2.73166 160.188 153.695 254.058 0 0 0
A6404  ep = 2450400.5
2.5044 0.0118802 8.70615 19.4707 209.911 169.917 0 0 0
A6405  ep = 2450400.5
3.16697 0.0532581 2.08836 256.016 223.843 234.391 0 0 0
A6406  ep = 2450400.5
3.39646 0.0397692 1.00582 65.3318 15.162 93.2683 0 0 0
A6407  ep = 2450400.5
3.55011 0.0886384 4.46292 157.868 208.254 320.809 0 0 0
A6408  ep = 2450400.5
2.19501 0.0759564 9.98982 142.991 9.62185 324.419 0 0 0
A6409  ep = 2450400.5
3.0781 0.0178536 8.65639 94.6975 203.913 329.632 0 0 0
A6410  ep = 2450400.5
2.62313 0.0829124 4.08111 48.8571 339.863 302.575 0 0 0
A6411  ep = 2450400.5
2.30182 0.0711162 1.49795 25.4145 250.743 27.5497 0 0 0
A6412  ep = 2450400.5
2.82639 0.0083251 9.19916 71.3742 243.842 175.709 0 0 0
A6413  ep = 2450400.5
3.83737 0.0982368 0.653526 258.758 50.3612 116.585 0 0 0
A6414  ep = 2450400.5
2.64306 0.0747581 4.58635 268.61 10.3777 101.194 0 0 0
A6415  ep = 2450400.5
3.03126 0.0389816 8.63996 104.105 41.2324 54.8009 0 0 0
A6416  ep = 2450400.5
2.22169 0.0649201 4.12891 24.4696 259.646 125.879 0 0 0
A6417  ep = 2450400.5
3.73836 0.033398 2.2016 321.124 249.634 279.573 0 0 0
A6418  ep = 2450400.5
2.01802 0.085262 6.98518 202.012 262.847 116.594 0 0 0
A6419  ep = 2450400.5
2.32155 0.0827201 6.76524 81.1656 195.13 11.6029 0 0 0
A6420  ep = 2450400.5
3.98853 0.0965253 9.00616 127.898 252.9 159.826 0 0 0
A6421  ep = 2450400.5
3.39276 0.0656316 9.70325 279.535 267.877 85.0138 0 0 0
A6422  ep = 2450400.5
3.79019 0.0391647 6.41586 212.36 94.487 83.9918 0 0 0
A6423  ep = 2450400.5
2.25374 0.0291088 6.30836 259.59 116.256 12.7259 0 0 0
A6424  ep = 2450400.5
3.80843 0.070784 1.66849 129.804 103.392 12.4036 0 0 0
A6425  ep = 2450400.5
2.48098 0.094546 9.35369 218.947 270.275 228.636 0 0 0
A6426  ep = 2450400.5
3.34456 0.0636489 1.47483 338.077 99.8452 44.7162 0 0 0
A6427  ep = 2450400.5
2.79355 0.00608154 9.12492 83.8634 260.793 211.464 0 0 0
A6428  ep = 2450400.5
3.01047 0.0537423 1.47498 279.408 321.197 218.578 0 0 0
A6429  ep = 2450400.5
3.47256 0.0122783 4.60802 137.245 10.9069 316.716 0 0 0
A6430  ep = 2450400.5
2.29598 0.00448585 7.9366 61.5187 126.489 47.8509 0 0 0
A6431  ep = 2450400.5
2.67563 0.0392058 3.32688 39.5945 228.334 217.364 0 0 0
A6432  ep = 2450400.5
1.51054 0.0732598 1.78039 337.215 279.774 168.548 0 0 0
A6433  ep = 2450400.5
2.31153 0.0857308 7.78115 135.707 33.2534 215.308 0 0 0
A6434  ep = 2450400.5
3.00778 0.0961892 2.5128 254.555 339.503 60.0263 0 0 0
A6435  ep = 2450400.5
3.1878 0.032394 2.45957 269.432 319.927 54.5277 0 0 0
A6436  ep = 2450400.5
2.07648 0.000130718 4.96985 152.769 180.28 293.624 0 0 0
A6437  ep = 2450400.5
3.66072 0.054134 4.30477 234.342 312.606 51.0173 0 0 0
A6438  ep = 2450400.5
3.82691 0.0319231 4.30986 275.887 131.507 219.492 0 0 0
A6439  ep = 2450400.5
3.41489 0.0784315 4.99051 247.007 234.914 27.1057 0 0 0
A6440  ep = 2450400.5
2.68512 0.080893 4.69217 145.181 146.166 253.202 0 0 0
A6441  ep = 2450400.5
3.67734 0.0886986 3.57603 129.976 304.554 26.1091 0 0 0
A6442  ep = 2450400.5
2.23273 0.0319814 8.11525 34.1044 41.4642 198.092 0 0 0
A6443  ep = 2450400.5
3.12913 0.0128703 7.11793 126.212 322.369 298.71 0 0 0
A6444  ep = 2450400.5
1.86616 0.0058334 5.41962 269.866 330.616 245.219 0 0 0
A6445  ep = 2450400.5
3.1097 0.0853399 0.0779802 204.956 104.953 185.956 0 0 0
A6446  ep = 2450400.5
3.39255 0.0904152 1.08882 5.16047 114.351 151.968 0 0 0
A6447  ep = 2450400.5
2.96926 0.0216715 0.332781 296.105 165.793 78.8942 0 0 0
A6448  ep = 2450400.5
2.63149 0.057503 1.52601 286.786 170.364 23.407 0 0 0
A6449  ep = 2450400.5
3.54673 0.0259405 7.82049 73.3174 277.499 321.982 0 0 0
A6450  ep = 2450400.5
3.87101 0.0599785 5.58904 103.199 307.147 60.8044 0 0 0
A6451  ep = 2450400.5
3.85053 0.0584281 3.01212 180.209 302.03 106.586 0 0 0
A6452  ep = 2450400.5
3.0083 0.0432666 4.81232 17.3444 94.4855 320.462 0 0 0
A6453  ep = 2450400.5
3.60286 0.07866 7.38952 293.002 159.375 202.07 0 0 0
A6454  ep = 2450400.5
2.21235 0.0960701 2.5051 326.596 14.2975 168.958 0 0 0
A6455  ep = 2450400.5
3.45231 0.0457767 0.691326 359.962 233.922 340.89 0 0 0
A6456  ep = 2450400.5
3.24331 0.0490839 8.52553 21.6008 19.4616 151.324 0 0 0
A6457  ep = 2450400.5
3.33512 0.057238 6.98719 339.393 22.8741 260.753 0 0 0
A6458  ep = 2450400.5
3.04754 0.0942187 4.32943 125.034 82.1492 50.628 0 0 0
A6459  ep = 2450400.5
1.58731 0.0434512 3.84844 126.965 83.1852 96.7925 0 0 0
A6460  ep = 2450400.5
2.07688 0.0503586 1.77739 221.883 143.557 292.801 0 0 0
A6461  ep = 2450400.5
2.14773 0.0740027 7.63903 51.194 279.648 205.784 0 0 0
A6462  ep = 2450400.5
3.21133 0.0970119 5.78257 77.968 280.259 334.117 0 0 0
A6463  ep = 2450400.5
2.43566 0.086492 9.7098 315.207 3.06827 177.501 0 0 0
A6464  ep = 2450400.5
2.01173 0.0712028 5.053 293.879 2.41571 174.492 0 0 0
A6465  ep = 2450400.5
3.24136 0.077085 6.68062 24.6493 49.5981 150.364 0 0 0
A6466  ep = 2450400.5
2.41354 0.0503573 6.55523 188.515 231.893 43.3456 0 0 0
A6467  ep = 2450400.5
3.67426 0.0126747 4.24052 106.595 347.12 341.334 0 0 0
A6468  ep = 2450400.5
2.16596 0.0163941 8.36439 3.16911 58.8088 274.691 0 0 0
A6469  ep = 2450400.5
4.00565 0.0960985 1.27368 243.896 329.244 326.055 0 0 0
A6470  ep = 2450400.5
2.69521 0.0734112 4.21689 284.34 255.171 142.396 0 0 0
A6471  ep = 2450400.5
2.59803 0.0109864 2.49026 304.627 219.441 115.206 0 0 0
A6472  ep = 2450400.5
3.08307 0.0721239 5.87063 331.784 272.833 131.45 0 0 0
A6473  ep = 2450400.5
2.4568 0.0414306 3.23662 86.1605 206.343 247.683 0 0 0
A6474  ep = 2450400.5
3.29401 0.0241491 5.7465 40.6801 241.811 326.267 0 0 0
A6475  ep = 2450400.5
2.52012 0.0917458 7.71585 192.525 143.123 295.909 0 0 0
A6476  ep = 2450400.5
3.91751 0.0866942 6.70022 45.4803 253.277 218.28 0 0 0
A6477  ep = 2450400.5
4.0784 0.0391976 7.94163 33.7193 169.131 110.608 0 0 0
A6478  ep = 2450400.5
2.0846 0.00153889 3.64078 52.0557 357.429 249.992 0 0 0
A6479  ep = 2450400.5
2.43602 0.0147539 6.68229 349.706 341.744 103.669 0 0 0
A6480  ep = 2450400.5
2.95174 0.0569372 0.436268 176.081 186.117 276.178 0 0 0
A6481  ep = 2450400.5
3.91812 0.0465074 1.49201 205.009 1.58573 117.651 0 0 0
A6482  ep = 2450400.5
3.95924 0.0894941 7.26556 193.731 287.406 86.2324 0 0 0
A6483  ep = 2450400.5
3.17627 0.0180323 4.69467 29.9062 347.388 90.9151 0 0 0
A6484  ep = 2450400.5
1.66892 0.0662091 1.75909 148.875 337.713 304.509 0 0 0
A6485  ep = 2450400.5
3.58612 0.0675412 0.657663 65.722 12.3775 338.71 0 0 0
A6486  ep = 2450400.5
3.40247 0.031372 4.69555 101.612 50.3395 277.192 0 0 0
A6487  ep = 2450400.5
4.02665 0.0321392 1.63364 22.0862 173.473 239.2 0 0 0
A6488  ep = 2450400.5
2.63359 0.0174443 1.86864 177.243 8.19271 304.774 0 0 0
A6489  ep = 2450400.5
1.63265 0.0631592 6.16007 261.695 171.092 358.461 0 0 0
A6490  ep = 2450400.5
2.79159 0.0823804 8.66673 133.908 88.1051 233.219 0 0 0
A6491  ep = 2450400.5
3.41021 0.03491 1.31536 294.638 225.977 202.5 0 0 0
A6492  ep = 2450400.5
3.50997 0.00397535 5.1371 117.578 312.394 31.651 0 0 0
A6493  ep = 2450400.5
3.76979 0.0437799 1.08636 52.9029 312.857 16.1184 0 0 0
A6494  ep = 2450400.5
3.83696 0.02979 7.80664 142.377 135.648 209.429 0 0 0
A6495  ep = 2450400.5
1.72613 0.0499109 0.518377 86.3898 237.582 78.8669 0 0 0
A6496  ep = 2450400.5
2.69478 0.0339916 1.96948 320.355 306.17 218.251 0 0 0
A6497  ep = 2450400.5
2.28025 0.017875 8.2559 351.453 234.754 159.439 0 0 0
A6498  ep = 2450400.5
1.62047 0.0437741 4.10547 355.132 94.6059 19.9696 0 0 0
A6499  ep = 2450400.5
3.32148 0.0184938 6.2547 219.409 124.193 31.3428 0 0 0
A6500  ep = 2450400.5
3.84603 0.0270322 2.301 267.352 171.878 80.6013 0 0 0
A6501  ep = 2450400.5
3.36965 0.0585221 5.80234 149.816 186.094 36.2044 0 0 0
A6502  ep = 2450400.5
3.6469 0.0760771 6.28392 45.3271 123.445 132.084 0 0 0
A6503  ep = 2450400.5
4.08798 0.007212 3.1202 169.591 235.546 279.633 0 0 0
A6504  ep = 2450400.5
3.36147 0.0110731 7.06418 224.367 171.681 90.6671 0 0 0
A6505  ep = 2450400.5
3.72167 0.00927649 6.09984 343.802 162.794 351.015 0 0 0
A6506  ep = 2450400.5
1.57376 0.00635962 3.86191 205.101 314.486 39.351 0 0 0
A6507  ep = 2450400.5
4.02218 0.0716659 6.8883 335.532 249.71 232.573 0 0 0
A6508  ep = 2450400.5
1.65236 0.0792533 9.10734 135.381 111.332 7.85089 0 0 0
A6509  ep = 2450400.5
1.91917 0.0659192 9.04529 10.8232 210.54 181.905 0 0 0
A6510  ep = 2450400.5
2.41923 0.0174957 0.502922 160.947 42.4593 358.759 0 0 0
A6511  ep = 2450400.5
3.12716 0.0245039 9.36481 257.65 197.707 146.323 0 0 0
A6512  ep = 2450400.5
3.08644 0.0396488 6.77946 129.76 196.44 290.774 0 0 0
A6513  ep = 2450400.5
3.10285 0.0197546 0.154976 302.961 65.7164 45.3244 0 0 0
A6514  ep = 2450400.5
2.51445 0.0213713 6.87552 236.122 133.661 172.302 0 0 0
A6515  ep = 2450400.5
1.52374 0.0187554 0.225385 37.1452 281.511 267.887 0 0 0
A6516  ep = 2450400.5
2.18124 0.00212292 3.79936 91.9416 62.7018 102.121 0 0 0
A6517  ep = 2450400.5
2.85899 0.00855749 4.2571 126.049 59.575 239.5 0 0 0
A6518  ep = 2450400.5
1.5762 0.0908955 9.81123 6.83923 37.8147 256.573 0 0 0
A6519  ep = 2450400.5
2.42789 0.0237274 7.86208 45.3151 164.28 328.203 0 0 0
A6520  ep = 2450400.5
3.70181 0.0896868 6.66815 66.5291 209.2 10.4586 0 0 0
A6521  ep = 2450400.5
3.28334 0.0190959 4.44583 294.49 16.5823 157.273 0 0 0
A6522  ep = 2450400.5
2.87685 0.0983252 7.51665 180.87 77.8839 74.3923 0 0 0
A6523  ep = 2450400.5
1.88175 0.0610958 9.37388 241.781 311.253 305.881 0 0 0
A6524  ep = 2450400.5
3.89179 0.0421889 7.69263 81.8997 305.812 50.8042 0 0 0
A6525  ep = 2450400.5
3.38081 0.0217365 4.25832 197.334 22.0619 313.755 0 0 0
A6526  ep = 2450400.5
2.97185 0.00801509 5.09607 254.881 77.489 135.963 0 0 0
A6527  ep = 2450400.5
3.56897 0.00722345 9.0447 124.184 276.477 70.8575 0 0 0
A6528  ep = 2450400.5
2.66837 0.0888084 7.03066 155.615 59.4292 36.6434 0 0 0
A6529  ep = 2450400.5
3.16103 0.0815962 8.86734 153.394 338.868 322.841 0 0 0
A6530  ep = 2450400.5
2.55566 0.0992285 6.33836 251.569 330.069 223.765 0 0 0
A6531  ep = 2450400.5
1.6001 0.0468648 2.5662 132.234 207.64 38.0089 0 0 0
A6532  ep = 2450400.5
4.06889 0.055151 1.22228 298.891 322.089 10.0072 0 0 0
A6533  ep = 2450400.5
2.73209 0.0292033 8.20627 18.3266 182.197 348.678 0 0 0
A6534  ep = 2450400.5
3.25931 0.0448899 6.64989 305.031 84.1672 31.9294 0 0 0
A6535  ep = 2450400.5
2.85595 0.0212169 1.92171 308.752 204.949 169.945 0 0 0
A6536  ep = 2450400.5
3.90678 0.0568713 2.36403 22.7859 336.659 244.513 0 0 0
A6537  ep = 2450400.5
2.51741 0.0653476 3.97087 158.635 149.183 61.7572 0 0 0
A6538  ep = 2450400.5
3.06675 0.0884866 6.94867 181.316 1.88052 220.666 0 0 0
A6539  ep = 2450400.5
2.9047 0.0699448 5.62701 234.521 115.652 9.50867 0 0 0
A6540  ep = 2450400.5
2.29373 0.0820359 0.777077 109.019 263.706 86.1895 0 0 0
A6541  ep = 2450400.5
1.54707 0.0386786 7.72 358.98 192.369 215.884 0 0 0
A6542  ep = 2450400.5
1.54956 0.0515127 1.73188 33.2312 116.6 152.901 0 0 0
A6543  ep = 2450400.5
3.4384 0.0278957 4.42296 285.871 336.202 74.4771 0 0 0
A6544  ep = 2450400.5
4.07908 0.0872977 9.12877 239.848 258.161 203.308 0 0 0
A6545  ep = 2450400.5
2.13989 0.0647241 4.18078 313.447 113.779 300.361 0 0 0
A6546  ep = 2450400.5
1.63028 0.0923482 8.96924 1.44571 121.676 198.079 0 0 0
A6547  ep = 2450400.5
1.75124 0.0338899 1.87311 81.0194 231.049 189.31 0 0 0
A6548  ep = 2450400.5
3.83811 0.0708066 4.45862 164.082 108.312 225.029 0 0 0
A6549  ep = 2450400.5
2.10651 0.0181041 4.7561 347.425 255.895 28.6904 0 0 0
A6550  ep = 2450400.5
2.35955 0.0573386 2.90157 359.638 118.559 97.7658 0 0 0
A6551  ep = 2450400.5
2.15702 0.0166066 0.0704064 359.418 233.326 297.979 0 0 0
A6552  ep = 2450400.5
2.2984 0.0367557 0.524889 11.2333 191.075 284.267 0 0 0
A6553  ep = 2450400.5
3.09702 0.0963305 0.274276 310.006 21.9247 53.1977 0 0 0
A6554  ep = 2450400.5
2.92367 0.0791722 7.46467 57.1183 141.065 279.228 0 0 0
A6555  ep = 2450400.5
3.77895 0.0397432 3.64341 167.681 96.2366 44.6463 0 0 0
A6556  ep = 2450400.5
3.41279 0.0211894 6.29654 104.408 261.896 92.8474 0 0 0
A6557  ep = 2450400.5
1.73776 0.056113 2.90902 187.009 18.8517 218.366 0 0 0
A6558  ep = 2450400.5
3.70125 0.0382366 3.42492 148.371 182.203 258.247 0 0 0
A6559  ep = 2450400.5
2.15055 0.0124188 2.22339 183.055 92.6295 43.6584 0 0 0
A6560  ep = 2450400.5
2.27196 0.077052 6.12668 127.11 330.992 191.388 0 0 0
A6561  ep = 2450400.5
3.98962 0.00817635 0.199863 224.63 59.4213 294.914 0 0 0
A6562  ep = 2450400.5
2.08599 0.0306366 4.10121 208.139 54.8156 290.731 0 0 0
A6563  ep = 2450400.5
3.33697 0.0367433 8.44509 178.408 4.91097 238.489 0 0 0
A6564  ep = 2450400.5
2.97073 0.0532558 8.70934 58.8062 243.459 224.067 0 0 0
A6565  ep = 2450400.5
1.77558 0.00627143 2.03903 253.311 356.453 33.4474 0 0 0
A6566  ep = 2450400.5
2.1707 0.0126486 3.85165 142.486 231.376 281.607 0 0 0
A6567  ep = 2450400.5
3.6482 0.0485425 6.53184 23.7864 127.005 78.694 0 0 0
A6568  ep = 2450400.5
3.14885 0.0872575 1.36292 327.581 33.0808 69.5195 0 0 0
A6569  ep = 2450400.5
2.06957 0.00818718 1.01943 249.822 341.542 13.4108 0 0 0
A6570  ep = 2450400.5
2.06598 0.0471366 4.25239 162.878 159.873 96.4977 0 0 0
A6571  ep = 2450400.5
2.77977 0.00402923 4.19232 274.514 187.546 211.931 0 0 0
A6572  ep = 2450400.5
2.22149 0.0710484 3.10067 278.319 67.396 97.0276 0 0 0
A6573  ep = 2450400.5
1.66337 0.0953243 0.150537 305.93 107.094 62.6927 0 0 0
A6574  ep = 2450400.5
2.54486 0.0852254 0.838464 311.926 78.4499 36.4582 0 0 0
A6575  ep = 2450400.5
3.11386 0.00480715 2.93786 282.749 77.5437 234.563 0 0 0
A6576  ep = 2450400.5
2.97856 0.0593807 6.11479 308.054 199.171 17.0673 0 0 0
A6577  ep = 2450400.5
2.01189 0.0894645 2.29732 247.427 290.502 225.934 0 0 0
A6578  ep = 2450400.5
1.98947 0.0730888 4.04233 330.986 279.518 267.928 0 0 0
A6579  ep = 2450400.5
1.83623 0.0253363 6.27548 127.542 285.039 243.93 0 0 0
A6580  ep = 2450400.5
3.45319 0.0840421 4.96213 24.5026 118.747 138.94 0 0 0
A6581  ep = 2450400.5
4.06665 0.0130354 7.86168 348.808 296.679 300.499 0 0 0
A6582  ep = 2450400.5
3.05654 0.00651731 7.36425 55.3362 237.789 39.9703 0 0 0
A6583  ep = 2450400.5
2.50516 0.0696615 3.01131 216.941 157.985 200.64 0 0 0
A6584  ep = 2450400.5
1.84696 0.0729392 9.89467 173.987 233.962 261.355 0 0 0
A6585  ep = 2450400.5
2.34218 0.0911981 9.66642 316.575 91.4969 93.1486 0 0 0
A6586  ep = 2450400.5
3.24297 0.0508155 7.56921 118.435 220.528 119.471 0 0 0
A6587  ep = 2450400.5
3.87237 0.014634 8.53078 16.7435 312.407 281.11 0 0 0
A6588  ep = 2450400.5
3.94218 0.0599703 7.21489 13.016 222.876 32.7107 0 0 0
A6589  ep = 2450400.5
2.98759 0.0289515 0.885515 62.0378 169.27 266.939 0 0 0
A6590  ep = 2450400.5
2.1545 0.0455462 5.95284 290.83 82.1489 159.318 0 0 0
A6591  ep = 2450400.5
2.33078 0.0301306 4.05146 142.677 304.756 200.311 0 0 0
A6592  ep = 2450400.5
1.82553 0.065661 9.64377 19.7287 73.1869 107.634 0 0 0
A6593  ep = 2450400.5
2.22913 0.0730861 5.57922 276.552 75.0825 170.157 0 0 0
A6594  ep = 2450400.5
3.83001 0.0284932 7.8505 77.8066 152.09 139.405 0 0 0
A6595  ep = 2450400.5
3.43871 0.0843415 5.26919 329.908 180.01 351.652 0 0 0
A6596  ep = 2450400.5
1.99936 0.00662346 6.20436 70.6009 295.314 175.608 0 0 0
A6597  ep = 2450400.5
2.74035 0.0888773 9.61506 284.722 133.175 220.908 0 0 0
A6598  ep = 2450400.5
3.71854 0.00035102 0.995868 67.1676 117.852 108.504 0 0 0
A6599  ep = 2450400.5
2.73491 0.0563051 2.20068 13.6128 125.735 275.829 0 0 0
A6600  ep = 2450400.5
2.10611 0.00221058 9.53141 316.176 182.439 26.0246 0 0 0
A6601  ep = 2450400.5
3.82957 0.0014483 6.41507 271.504 130.333 266.655 0 0 0
A6602  ep = 2450400.5
3.07414 0.0016413 9.85367 72.843 68.3886 160.333 0 0 0
A6603  ep = 2450400.5
3.58971 0.0524156 3.48312 317.704 213.215 55.6368 0 0 0
A6604  ep = 2450400.5
3.70044 0.0207414 5.00119 265.639 11.2831 301.485 0 0 0
A6605  ep = 2450400.5
3.14442 0.0153169 0.313436 285.206 31.4294 297.225 0 0 0
A6606  ep = 2450400.5
3.84886 0.0292469 9.5236 89.5674 339.188 262.418 0 0 0
A6607  ep = 2450400.5
3.86832 0.0784265 6.14229 163.502 351.601 92.4102 0 0 0
A6608  ep = 2450400.5
2.30804 0.0896249 9.25897 51.8721 254.316 131.46 0 0 0
A6609  ep = 2450400.5
2.55342 0.00588683 8.39915 11.0988 184.909 153.577 0 0 0
A6610  ep = 2450400.5
2.76516 0.0660995 7.33597 119.059 272.292 22.4237 0 0 0
A6611  ep = 2450400.5
3.43271 0.0455043 2.90614 21.6653 336.716 89.334 0 0 0
A6612  ep = 2450400.5
4.08428 0.0179965 4.67467 74.826 253.026 124.479 0 0 0
A6613  ep = 2450400.5
2.92863 0.0286716 7.83002 176.931 268.549 355.477 0 0 0
A6614  ep = 2450400.5
4.06515 0.00596998 2.37493 118.435 185.815 299.513 0 0 0
A6615  ep = 2450400.5
3.05666 0.0442328 2.21465 6.47947 98.2882 203.298 0 0 0
A6616  ep = 2450400.5
3.55467 0.0403914 6.57761 154.421 184.089 305.449 0 0 0
A6617  ep = 2450400.5
2.4185 0.000620077 3.21639 98.0511 137.967 148.885 0 0 0
A6618  ep = 2450400.5
3.29048 0.0575788 7.26354 285.027 185.502 48.1785 0 0 0
A6619  ep = 2450400.5
3.95738 0.0259549 9.23786 201.911 340.98 296.888 0 0 0
A6620  ep = 2450400.5
2.54836 0.080397 7.32097 177.659 205.294 191.582 0 0 0
A6621  ep = 2450400.5
3.74664 0.0505811 5.17269 303.007 139.685 211.388 0 0 0
A6622  ep = 2450400.5
2.66108 0.0176716 4.07346 67.1589 333.633 51.4675 0 0 0
A6623  ep = 2450400.5
3.68186 0.0581464 8.67056 186.216 245.6 270.55 0 0 0
A6624  ep = 2450400.5
2.58299 0.08446 7.18665 286.738 213.41 52.2957 0 0 0
A6625  ep = 2450400.5
2.97061 0.00227738 4.75972 284.753 294.341 328.853 0 0 0
A6626  ep = 2450400.5
3.4396 0.0884347 5.22689 189.189 231.743 171.676 0 0 0
A6627  ep = 2450400.5
3.08879 0.085536 9.02964 304.757 69.0979 126.691 0 0 0
A6628  ep = 2450400.5
2.8633 0.0274087 2.57796 94.4312 325.203 148.934 0 0 0
A6629  ep = 2450400.5
3.46493 0.0176517 4.71818 189.068 165.794 203.688 0 0 0
A6630  ep = 2450400.5
2.44393 0.0104811 9.56119 174.599 357.652 309.214 0 0 0
A6631  ep = 2450400.5
3.24629 0.0394447 3.47623 139.453 227.589 156.715 0 0 0
A6632  ep = 2450400.5
3.86545 0.0225142 4.96326 74.4882 8.06276 46.3199 0 0 0
A6633  ep = 2450400.5
2.73944 0.0283353 5.31708 136.063 200.168 226.971 0 0 0
A6634  ep = 2450400.5
2.44392 0.00689842 3.41709 65.8603 66.0605 53.1649 0 0 0
A6635  ep = 2450400.5
2.15482 0.0630325 3.87977 354.288 73.8023 89.7502 0 0 0
A6636  ep = 2450400.5
3.65482 0.0632966 1.2647 322.458 35.9574 70.3188 0 0 0
A6637  ep = 2450400.5
2.24887 0.0818589 8.03275 87.5902 246.435 8.85539 0 0 0
A6638  ep = 2450400.5
3.3131 0.0999336 5.83332 345.815 180.64 166.647 0 0 0
A6639  ep = 2450400.5
1.52956 0.0468833 4.6815 266.444 332.705 13.2125 0 0 0
A6640  ep = 2450400.5
3.96628 0.0116754 7.28565 170.418 47.5437 56.8949 0 0 0
A6641  ep = 2450400.5
3.02606 0.0876245 8.05393 112.287 113.388 110.637 0 0 0
A6642  ep = 2450400.5
2.33359 0.0362228 8.96248 191.009 254.025 12.0622 0 0 0
A6643  ep = 2450400.5
2.15855 0.0593691 9.16148 278.078 208.124 114.672 0 0 0
A6644  ep = 2450400.5
2.21492 0.0446145 3.35918 108.92 92.9277 196.62 0 0 0
A6645  ep = 2450400.5
1.93209 0.0255917 9.19226 141.71 5.38841 0.398747 0 0 0
A6646  ep = 2450400.5
2.05509 0.0818072 6.33242 234.577 348.613 137.814 0 0 0
A6647  ep = 2450400.5
2.02926 0.0903899 7.83715 279.569 4.5491 9.98011 0 0 0
A6648  ep = 2450400.5
3.71312 0.0121902 7.80568 269.163 75.8545 82.2574 0 0 0
A6649  ep = 2450400.5
2.3555 0.0949269 9.36274 280.86 34.7135 338.616 0 0 0
A6650  ep = 2450400.5
2.7756 0.00548177 0.32087 155.266 46.5389 255.314 0 0 0
A6651  ep = 2450400.5
1.99387 0.0926787 0.509064 273.859 228.843 219.151 0 0 0
A6652  ep = 2450400.5
3.01596 0.0448304 4.63807 104.967 87.9409 306.48 0 0 0
A6653  ep = 2450400.5
2.36315 0.0247557 9.68308 64.6564 4.21391 96.1023 0 0 0
A6654  ep = 2450400.5
3.43626 0.0464388 7.96711 183.013 183.937 329.019 0 0 0
A6655  ep = 2450400.5
1.61999 0.0655212 8.14915 14.908 65.0628 162.589 0 0 0
A6656  ep = 2450400.5
2.33216 0.0279048 2.96076 258.76 295.636 44.2738 0 0 0
A6657  ep = 2450400.5
3.02986 0.0196183 7.25172 174.922 50.9519 84.9245 0 0 0
A6658  ep = 2450400.5
2.56789 0.0297101 7.37714 286.537 328.362 304.16 0 0 0
A6659  ep = 2450400.5
3.71924 0.0749291 2.32857 176.821 262.066 171.841 0 0 0
A6660  ep = 2450400.5
3.98154 0.0966613 4.86439 334.939 71.6545 248.578 0 0 0
A6661  ep = 2450400.5
3.28548 0.0292035 4.22649 148.811 75.8677 222.241 0 0 0
A6662  ep = 2450400.5
2.56122 0.0418267 5.8218 347.365 147.913 101.821 0 0 0
A6663  ep = 2450400.5
1.57629 0.0832858 1.83736 86.2475 206.586 245.888 0 0 0
A6664  ep = 2450400.5
2.84164 0.0112906 8.60897 151.35 261.929 204.821 0 0 0
A6665  ep = 2450400.5
1.56883 0.0183985 7.24248 52.3012 5.65342 312.257 0 0 0
A6666  ep = 2450400.5
1.59185 0.0097919 4.72406 116.165 289.302 294.636 0 0 0
A6667  ep = 2450400.5
3.69696 0.0316275 4.64147 93.8979 281.181 92.8082 0 0 0
A6668  ep = 2450400.5
2.12953 0.0782538 7.11646 129.42 180.026 136.007 0 0 0
A6669  ep = 2450400.5
2.01581 0.026194 0.419519 274.909 347.499 325.44 0 0 0
A6670  ep = 2450400.5
2.03883 0.0393089 6.65462 270.646 320.186 148.132 0 0 0
A6671  ep = 2450400.5
4.01829 0.0385705 8.53589 222.594 333.126 98.4935 0 0 0
A6672  ep = 2450400.5
4.0647 0.0699528 1.97219 181.453 213.62 79.4432 0 0 0
A6673  ep = 2450400.5
2.99513 0.035405 4.51543 146.338 171.827 193.395 0 0 0
A6674  ep = 2450400.5
3.11091 0.085122 6.46149 15.1171 345.492 135.779 0 0 0
A6675  ep = 2450400.5
3.83172 0.0166898 7.05338 192.911 300.378 68.1954 0 0 0
A6676  ep = 2450400.5
3.54259 0.0970802 0.266628 155.46 98.3957 1.22322 0 0 0
A6677  ep = 2450400.5
3.71384 0.0743072 5.80426 168.234 222.905 161.033 0 0 0
A6678  ep = 2450400.5
1.76153 0.0339156 8.19909 221.328 163.942 268.939 0 0 0
A6679  ep = 2450400.5
2.50399 0.0853383 1.80918 258.691 344.062 327.209 0 0 0
A6680  ep = 2450400.5
3.5253 0.0296352 9.78134 136.798 254.574 299.273 0 0 0
A6681  ep = 2450400.5
4.00791 0.0204766 7.50287 268.259 357.396 308.334 0 0 0
A6682  ep = 2450400.5
1.68343 0.0842704 2.32152 150.868 230.808 218.717 0 0 0
A6683  ep = 2450400.5
2.54058 0.0862755 7.3261 144.094 348.236 248.619 0 0 0
A6684  ep = 2450400.5
3.91529 0.0160266 4.58388 143.117 66.3083 324.618 0 0 0
A6685  ep = 2450400.5
2.22128 0.0363006 9.04896 46.4238 72.6553 213.412 0 0 0
A6686  ep = 2450400.5
1.80096 0.00474885 4.1385 72.3471 111.817 294.187 0 0 0
A6687  ep = 2450400.5
3.78526 0.0561339 5.4237 317.513 84.561 190.303 0 0 0
A6688  ep = 2450400.5
3.64583 0.00813422 6.11838 269.555 276.371 304.863 0 0 0
A6689  ep = 2450400.5
3.07417 0.0806106 7.22119 278.499 157.898 351.235 0 0 0
A6690  ep = 2450400.5
2.13293 0.0996502 7.21694 121.497 211.622 224.686 0 0 0
A6691  ep = 2450400.5
3.98399 0.00131856 6.60987 289.404 219.877 52.7086 0 0 0
A6692  ep = 2450400.5
3.20828 0.0392622 9.79441 309.086 334.263 356.095 0 0 0
A6693  ep = 2450400.5
2.12822 0.0441136 0.165731 24.7471 227.997 37.4461 0 0 0
A6694  ep = 2450400.5
2.76298 0.0401414 7.56097 277.688 119.898 336.723 0 0 0
A6695  ep = 2450400.5
2.73413 0.0752989 3.48131 156.218 68.5087 183.403 0 0 0
A6696  ep = 2450400.5
2.78227 0.0306899 4.05118 157.695 248.314 349.355 0 0 0
A6697  ep = 2450400.5
1.76792 0.0815597 7.73761 150.971 262.576 271.792 0 0 0
A6698  ep = 2450400.5
2.42116 0.0412664 4.64452 30.1734 283.932 62.4299 0 0 0
A6699  ep = 2450400.5
3.75705 0.0778737 1.22486 70.6327 230.358 174.073 0 0 0
A6700  ep = 2450400.5
3.43008 0.0557263 7.92113 42.0498 140.28 219.61 0 0 0
A6701  ep = 2450400.5
3.70174 0.0113497 8.54085 215.661 342.47 175.756 0 0 0
A6702  ep = 2450400.5
3.05838 0.0628981 3.27745 92.0304 230.471 185.263 0 0 0
A6703  ep = 2450400.5
2.83324 0.0981345 4.46766 213.32 271.514 260.642 0 0 0
A6704  ep = 2450400.5
3.31579 0.0430345 1.80053 122.719 273.948 330.046 0 0 0
A6705  ep = 2450400.5
2.17562 0.0719047 9.02921 158.093 132.109 300.164 0 0 0
A6706  ep = 2450400.5
3.04645 0.0486335 3.83995 65.3504 355.074 296.317 0 0 0
A6707  ep = 2450400.5
3.14329 0.0513572 8.60711 239.419 173.119 120.902 0 0 0
A6708  ep = 2450400.5
3.80238 0.0630966 0.649391 200.593 248.749 85.3411 0 0 0
A6709  ep = 2450400.5
2.26659 0.005327 6.30913 138.151 41.7503 0.686067 0 0 0
A6710  ep = 2450400.5
3.27154 0.0921098 7.8888 45.6917 306.436 83.9548 0 0 0
A6711  ep = 2450400.5
2.60118 0.0582147 9.15139 62.1541 14.77 79.32 0 0 0
A6712  ep = 2450400.5
2.69046 0.0532659 7.39774 332.054 255.4 236.096 0 0 0
A6713  ep = 2450400.5
3.72304 0.0445762 6.92312 238.35 54.5934 311.198 0 0 0
A6714  ep = 2450400.5
3.45697 0.00214805 0.0221962 77.1273 101.256 248.749 0 0 0
A6715  ep = 2450400.5
2.15743 0.090255 7.15792 298.733 313.247 167.232 0 0 0
A6716  ep = 2450400.5
3.54347 0.0234834 5.84751 115.532 255.074 274.022 0 0 0
A6717  ep = 2450400.5
3.44994 0.0866156 2.48593 182.275 155.025 281.644 0 0 0
A6718  ep = 2450400.5
3.46024 0.0898698 7.42137 62.2839 259.962 126.267 0 0 0
A6719  ep = 2450400.5
2.0351 0.00603223 1.83723 28.3855 282.591 348.803 0 0 0
A6720  ep = 2450400.5
2.17128 0.0403019 9.54025 277.511 314.036 33.2411 0 0 0
A6721  ep = 2450400.5
2.32463 0.085257 0.142762 254.166 69.8468 16.8057 0 0 0
A6722  ep = 2450400.5
3.21502 0.0430584 8.82578 93.8928 216.261 21.9855 0 0 0
A6723  ep = 2450400.5
3.22377 0.012404 3.73827 139.186 277.983 354.487 0 0 0
A6724  ep = 2450400.5
1.99062 0.0641678 6.69001 289.443 136.075 109.629 0 0 0
A6725  ep = 2450400.5
2.33316 0.0904595 4.52207 101.427 107.69 56.533 0 0 0
A6726  ep = 2450400.5
3.31663 0.0984853 8.42048 334.658 216.146 259.401 0 0 0
A6727  ep = 2450400.5
2.0549 0.0750512 6.8615 224.454 322.281 290.073 0 0 0
A6728  ep = 2450400.5
2.52653 0.0750928 3.84144 17.3046 97.2086 84.7672 0 0 0
A6729  ep = 2450400.5
2.6424 0.0470833 9.29526 243.944 172.892 214.828 0 0 0
A6730  ep = 2450400.5
3.94992 0.0199145 0.0234026 269.39 246.739 175.503 0 0 0
A6731  ep = 2450400.5
2.55065 0.0389869 8.52348 245.39 295.326 175.668 0 0 0
A6732  ep = 2450400.5
1.99295 0.0198729 8.04315 162.315 87.5009 17.927 0 0 0
A6733  ep = 2450400.5
3.55855 0.0105478 3.77481 56.9047 282.55 10.74 0 0 0
A6734  ep = 2450400.5
3.13657 0.0171075 7.25413 219.373 146.026 50.6766 0 0 0
A6735  ep = 2450400.5
2.16741 0.090429 6.40895 63.3582 104.198 188.344 0 0 0
A6736  ep = 2450400.5
2.38877 0.0407587 7.31628 270.007 141.416 230.021 0 0 0
A6737  ep = 2450400.5
2.68428 0.0402073 7.64119 275.701 328.778 204.373 0 0 0
A6738  ep = 2450400.5
1.66027 0.0956634 9.14827 260.014 195.208 19.3298 0 0 0
A6739  ep = 2450400.5
3.50265 0.0495658 6.52405 148.035 227.954 352.662 0 0 0
A6740  ep = 2450400.5
1.51423 0.0324316 3.77499 319.346 22.6542 304.757 0 0 0
A6741  ep = 2450400.5
1.62639 0.000866444 1.62329 93.5731 222.262 327.366 0 0 0
A6742  ep = 2450400.5
2.72 0.0896832 7.06156 194.583 167.543 334.219 0 0 0
A6743  ep = 2450400.5
2.47894 0.031784 0.943803 47.6391 296.617 165.202 0 0 0
A6744  ep = 2450400.5
1.86993 0.0040403 0.0530661 273.946 77.5555 251.929 0 0 0
A6745  ep = 2450400.5
1.97987 0.0479913 4.90138 32.9418 42.2061 271.294 0 0 0
A6746  ep = 2450400.5
2.82985 0.0936053 7.24103 203.867 335.859 265.189 0 0 0
A6747  ep = 2450400.5
2.53146 0.052856 0.510429 264.788 284.815 347.736 0 0 0
A6748  ep = 2450400.5
1.72369 0.03348 1.987 357.361 12.9767 106.148 0 0 0
A6749  ep = 2450400.5
2.42444 0.0945919 2.0606 174.465 255.886 26.2101 0 0 0
A6750  ep = 2450400.5
3.50609 0.00298435 6.57987 308.911 2.45653 351.534 0 0 0
A6751  ep = 2450400.5
1.74064 0.0718105 3.19046 279.977 329.356 242.822 0 0 0
A6752  ep = 2450400.5
3.3971 0.063748 6.1269 34.454 136.303 224.982 0 0 0
A6753  ep = 2450400.5
3.02879 0.0561796 1.11353 255.79 247.608 217.132 0 0 0
A6754  ep = 2450400.5
3.89052 0.0762575 5.60216 74.0493 60.0695 154.247 0 0 0
A6755  ep = 2450400.5
2.9041 0.0663021 2.38847 301.038 242.878 113.314 0 0 0
A6756  ep = 2450400.5
2.69802 0.00766909 0.943928 249.745 212.609 289.104 0 0 0
A6757  ep = 2450400.5
2.35343 0.0721895 4.88598 261.584 298.606 46.1477 0 0 0
A6758  ep = 2450400.5
2.86041 0.0591795 5.30487 73.3067 248.173 218.278 0 0 0
A6759  ep = 2450400.5
3.85938 0.0536387 4.05057 145.875 245.137 277.762 0 0 0
A6760  ep = 2450400.5
2.88481 0.0185298 8.29667 182.229 89.5658 232.881 0 0 0
A6761  ep = 2450400.5
2.02993 0.0641148 7.77907 17.0904 82.4864 254.616 0 0 0
A6762  ep = 2450400.5
1.7107 0.0492708 6.94858 285.348 313.173 299.54 0 0 0
A6763  ep = 2450400.5
2.99679 0.0549224 7.80611 220.853 181.269 357.874 0 0 0
A6764  ep = 2450400.5
1.54282 0.0789356 4.69982 28.3933 331.131 218.132 0 0 0
A6765  ep = 2450400.5
2.0743 0.0740232 2.08153 166.995 230.113 92.782 0 0 0
A6766  ep = 2450400.5
2.30502 0.0797503 6.63042 351.18 174.085 32.4185 0 0 0
A6767  ep = 2450400.5
2.28168 0.0800839 5.69792 289.771 76.0175 250.38 0 0 0
A6768  ep = 2450400.5
2.74222 0.0251658 1.61776 301.601 309.639 236.223 0 0 0
A6769  ep = 2450400.5
2.9555 0.0885302 0.265528 88.2203 122.905 54.5839 0 0 0
A6770  ep = 2450400.5
3.08038 0.0916323 7.64591 306.195 246.088 49.7267 0 0 0
A6771  ep = 2450400.5
2.95404 0.0350374 6.7438 18.1424 291.484 265.671 0 0 0
A6772  ep = 2450400.5
2.64867 0.0144598 8.25494 9.84971 299.583 344.866 0 0 0
A6773  ep = 2450400.5
4.03401 0.00211973 8.26307 222.843 322.36 16.4355 0 0 0
A6774  ep = 2450400.5
3.26789 0.0762627 6.47403 314.238 68.8725 210.064 0 0 0
A6775  ep = 2450400.5
2.34583 0.06414 0.00905504 242.899 249.99 72.2436 0 0 0
A6776  ep = 2450400.5
2.15283 0.0312048 4.58994 73.848 312.004 103.248 0 0 0
A6777  ep = 2450400.5
1.97437 0.022559 3.49039 46.2409 292.945 233.185 0 0 0
A6778  ep = 2450400.5
3.66946 0.0712392 5.16906 268.014 280.496 132.402 0 0 0
A6779  ep = 2450400.5
2.32434 0.0755844 3.47348 194.682 151.878 81.2583 0 0 0
A6780  ep = 2450400.5
2.9983 0.0780672 0.748985 11.2262 113.495 279.855 0 0 0
A6781  ep = 2450400.5
4.00634 0.0848522 4.11475 110.587 138.44 305.71 0 0 0
A6782  ep = 2450400.5
1.56455 0.093022 1.21023 147.749 196.077 137.158 0 0 0
A6783  ep = 2450400.5
2.13471 0.0258432 1.46718 266.418 255.898 348.598 0 0 0
A6784  ep = 2450400.5
2.63984 0.0350169 8.28955 181.177 91.3366 26.0594 0 0 0
A6785  ep = 2450400.5
2.38699 0.0667677 3.64496 61.103 112.106 152.195 0 0 0
A6786  ep = 2450400.5
3.8037 0.00296782 7.80155 353.044 313.218 181.883 0 0 0
A6787  ep = 2450400.5
2.0146 0.0662047 0.0159849 102.906 219.997 41.6701 0 0 0
A6788  ep = 2450400.5
2.07168 0.0536657 5.59255 254.135 204.874 93.7753 0 0 0
A6789  ep = 2450400.5
3.93145 0.00650867 1.9115 291.365 81.4691 327.455 0 0 0
A6790  ep = 2450400.5
3.37736 0.00825324 6.12211 277.667 122.931 114.032 0 0 0
A6791  ep = 2450400.5
3.24637 0.0115385 1.28004 82.3294 249.782 188.293 0 0 0
A6792  ep = 2450400.5
3.9204 0.0902966 4.14765 329.602 74.1993 180.826 0 0 0
A6793  ep = 2450400.5
3.63238 0.0216412 0.233995 147.305 52.3314 158.891 0 0 0
A6794  ep = 2450400.5
3.84613 0.0630034 5.98201 68.2109 232.467 347.088 0 0 0
A6795  ep = 2450400.5
2.04833 0.0181371 9.29461 156.91 254.885 184.895 0 0 0
A6796  ep = 2450400.5
3.08496 0.063907 4.84384 172.387 151.084 126.564 0 0 0
A6797  ep = 2450400.5
1.67174 0.0105901 7.87991 127.396 94.4917 134.771 0 0 0
A6798  ep = 2450400.5
1.55782 0.0943451 4.57966 50.4057 130.547 19.5934 0 0 0
A6799  ep = 2450400.5
2.72683 0.0317396 9.47047 49.9174 38.977 281.722 0 0 0
A6800  ep = 2450400.5
3.95314 0.018765 4.83987 83.4559 194.999 77.6267 0 0 0
A6801  ep = 2450400.5
1.8782 0.089779 6.16392 151.753 88.4953 84.1642 0 0 0
A6802  ep = 2450400.5
2.12629 0.0828272 4.77521 265.333 158.302 170.25 0 0 0
A6803  ep = 2450400.5
1.76398 0.0494454 1.28681 69.9277 328.218 208.823 0 0 0
A6804  ep = 2450400.5
3.14816 0.0841046 2.453 54.1679 94.6557 132.99 0 0 0
A6805  ep = 2450400.5
3.29245 0.025713 8.57645 271.063 39.3622 283.548 0 0 0
A6806  ep = 2450400.5
3.86751 0.0921002 9.28312 77.4369 344.311 355.14 0 0 0
A6807  ep = 2450400.5
2.11267 0.0145423 4.13025 204.236 178.889 313.937 0 0 0
A6808  ep = 2450400.5
3.18267 0.0666562 5.91582 261.607 317.42 249.57 0 0 0
A6809  ep = 2450400.5
2.35748 0.000852146 1.22025 356.493 24.2783 22.5986 0 0 0
A6810  ep = 2450400.5
2.83437 0.0884952 0.381014 31.4239 50.2765 249.537 0 0 0
A6811  ep = 2450400.5
2.22813 0.00382469 4.81617 358.477 2.37122 348.511 0 0 0
A6812  ep = 2450400.5
2.65332 0.0360421 3.59882 182.509 38.7518 129.899 0 0 0
A6813  ep = 2450400.5
2.38538 0.0540234 5.72001 322.009 52.9423 215.319 0 0 0
A6814  ep = 2450400.5
3.99286 0.0138136 2.64798 210.235 102.328 75.1396 0 0 0
A6815  ep = 2450400.5
1.70855 0.0612065 5.96955 143.184 356.126 202.206 0 0 0
A6816  ep = 2450400.5
4.02913 0.0565962 3.12717 351.995 227.391 223.917 0 0 0
A6817  ep = 2450400.5
1.83212 0.0575019 7.34547 82.4828 191.49 106.182 0 0 0
A6818  ep = 2450400.5
2.53724 0.0633482 7.92362 28.8079 335.375 149.4 0 0 0
A6819  ep = 2450400.5
1.95427 0.0126856 7.07585 264.821 38.701 272.531 0 0 0
A6820  ep = 2450400.5
1.56961 0.0318623 3.10072 39.5019 124.153 323.954 0 0 0
A6821  ep = 2450400.5
2.84456 0.0595897 2.24131 152.263 90.4709 150.984 0 0 0
A6822  ep = 2450400.5
3.48157 0.0273391 9.88268 267.907 349.212 153.141 0 0 0
A6823  ep = 2450400.5
2.5529 0.0819947 2.85363 263.127 204.292 163.064 0 0 0
A6824  ep = 2450400.5
2.44862 0.084197 4.99153 313.508 65.9255 126.653 0 0 0
A6825  ep = 2450400.5
2.45238 0.058279 9.95805 112.739 153.304 238.573 0 0 0
A6826  ep = 2450400.5
2.58476 0.0590008 9.25836 354.957 9.75931 70.5515 0 0 0
A6827  ep = 2450400.5
2.52112 0.0167002 8.80652 131.526 92.37 177.378 0 0 0
A6828  ep = 2450400.5
2.65468 0.0970168 5.61164 311.751 339.358 112.648 0 0 0
A6829  ep = 2450400.5
2.64241 0.0577731 6.92817 142.003 207.408 171.553 0 0 0
A6830  ep = 2450400.5
3.23246 0.0690791 5.13155 225.25 244.078 207.523 0 0 0
A6831  ep = 2450400.5
1.52193 0.0662958 2.34312 275.102 20.7562 245.705 0 0 0
A6832  ep = 2450400.5
3.11498 0.0854707 9.05736 0.0522526 184.143 53.88 0 0 0
A6833  ep = 2450400.5
2.43629 0.0551023 0.0427265 30.6114 106.131 53.3616 0 0 0
A6834  ep = 2450400.5
4.03805 0.0532791 7.61216 200.046 345.693 141.088 0 0 0
A6835  ep = 2450400.5
4.03285 0.0902978 9.35355 91.067 10.2398 311.476 0 0 0
A6836  ep = 2450400.5
3.33904 0.0805038 2.27115 107.757 111.657 43.8553 0 0 0
A6837  ep = 2450400.5
2.37684 0.0462642 5.63167 248.941 271.623 323.578 0 0 0
A6838  ep = 2450400.5
3.20812 0.0503772 0.89239 132.624 163.843 287.17 0 0 0
A6839  ep = 2450400.5
2.11528 0.0960099 1.38334 162.788 60.757 51.6266 0 0 0
A6840  ep = 2450400.5
2.86362 0.00505087 3.89923 354.927 226.999 109.935 0 0 0
A6841  ep = 2450400.5
3.96215 0.0276572 2.3477 70.3272 290.653 252.497 0 0 0
A6842  ep = 2450400.5
1.62325 0.0994601 1.26069 329.87 0.543849 315.414 0 0 0
A6843  ep = 2450400.5
4.05987 0.0183674 0.00316265 180.852 144.823 154.521 0 0 0
A6844  ep = 2450400.5
3.88967 0.0580183 9.13126 211.562 246.445 256.991 0 0 0
A6845  ep = 2450400.5
4.05544 0.0903048 8.53476 216.311 185.201 284.779 0 0 0
A6846  ep = 2450400.5
1.62309 0.035953 3.622 135.718 214.719 52.6752 0 0 0
A6847  ep = 2450400.5
2.0078 0.0542177 0.370848 199.608 25.1129 201.801 0 0 0
A6848  ep = 2450400.5
2.34767 0.0838718 9.33003 5.6578 266.094 351.21 0 0 0
A6849  ep = 2450400.5
2.9061 0.0377534 9.21486 191.68 152.546 191.339 0 0 0
A6850  ep = 2450400.5
3.47268 0.0101665 5.69149 56.0534 16.6832 125.354 0 0 0
A6851  ep = 2450400.5
3.68882 0.0698547 3.47257 89.5121 129.935 20.5599 0 0 0
A6852  ep = 2450400.5
2.37377 0.00538942 2.80054 346.953 320.42 247.982 0 0 0
A6853  ep = 2450400.5
2.51879 0.0859954 0.251111 272.529 62.9245 107.016 0 0 0
A6854  ep = 2450400.5
2.84433 0.0242496 9.63763 196.021 62.6439 264.51 0 0 0
A6855  ep = 2450400.5
2.09479 0.0844741 5.56047 315.388 49.0403 290.398 0 0 0
A6856  ep = 2450400.5
3.0379 0.0675006 2.81956 342.706 150.79 224.606 0 0 0
A6857  ep = 2450400.5
3.47098 0.0577563 4.10645 29.0597 95.5084 237.087 0 0 0
A6858  ep = 2450400.5
1.7063 0.0851773 4.75277 330.621 336.97 59.0186 0 0 0
A6859  ep = 2450400.5
1.62924 0.0293752 8.09118 128.735 314.297 355.043 0 0 0
A6860  ep = 2450400.5
3.05237 0.00858264 4.48436 247.907 182.676 245.756 0 0 0
A6861  ep = 2450400.5
1.93681 0.00523163 4.27986 160.334 292.844 103.137 0 0 0
A6862  ep = 2450400.5
2.65979 0.0831608 3.83081 129.404 184.429 132.704 0 0 0
A6863  ep = 2450400.5
1.69973 0.0541271 9.14894 285.281 88.9417 49.3273 0 0 0
A6864  ep = 2450400.5
3.12384 0.00896018 6.93776 188.597 280.173 59.6153 0 0 0
A6865  ep = 2450400.5
3.02939 0.0103856 0.504359 185.541 221.34 313.974 0 0 0
A6866  ep = 2450400.5
2.2602 0.0904159 3.20514 307.722 312.87 155.192 0 0 0
A6867  ep = 2450400.5
1.73953 0.0244349 6.77915 130.134 104.653 343.437 0 0 0
A6868  ep = 2450400.5
2.48292 0.00816032 5.50548 97.3856 166.644 225.864 0 0 0
A6869  ep = 2450400.5
1.71235 0.0046149 3.6268 73.9988 283.93 316.476 0 0 0
A6870  ep = 2450400.5
2.71717 0.0637166 7.84584 239.606 243.692 201.31 0 0 0
A6871  ep = 2450400.5
3.75866 0.0796952 1.37282 294.29 213.571 104.565 0 0 0
A6872  ep = 2450400.5
3.21917 0.0645274 5.12105 80.2473 166.184 160.033 0 0 0
A6873  ep = 2450400.5
3.43475 0.0156862 9.37884 309.803 290.723 99.8161 0 0 0
A6874  ep = 2450400.5
3.13307 0.0762155 1.53353 146.923 356.29 11.3966 0 0 0
A6875  ep = 2450400.5
2.61769 0.0489669 2.87071 22.13 38.1978 331.45 0 0 0
A6876  ep = 2450400.5
2.99226 0.0324796 7.84168 67.0408 185.575 200.973 0 0 0
A6877  ep = 2450400.5
2.9651 0.0902171 6.79156 279.34 209.27 259.836 0 0 0
A6878  ep = 2450400.5
3.12781 0.0162043 1.45548 355.199 187.44 118.992 0 0 0
A6879  ep = 2450400.5
3.87385 0.0229956 5.87501 230.527 221.764 150.075 0 0 0
A6880  ep = 2450400.5
2.335 0.0825764 9.61836 117.931 267.586 245.719 0 0 0
A6881  ep = 2450400.5
1.80152 0.013469 8.73575 295.181 13.4274 162.433 0 0 0
A6882  ep = 2450400.5
3.32433 0.051791 9.51972 252.392 25.2142 13.4842 0 0 0
A6883  ep = 2450400.5
3.92499 0.0535254 8.01256 355.416 344.792 328.522 0 0 0
A6884  ep = 2450400.5
3.45068 0.0357206 5.55905 189.945 154.95 4.68086 0 0 0
A6885  ep = 2450400.5
2.14558 0.0740014 8.41342 79.3594 39.5673 82.629 0 0 0
A6886  ep = 2450400.5
1.50545 0.025033 4.28815 73.1662 255.115 168.052 0 0 0
A6887  ep = 2450400.5
2.52046 0.0722715 4.6675 198.041 305.696 57.3887 0 0 0
A6888  ep = 2450400.5
3.33582 0.0468064 3.74977 162.613 180.481 338.076 0 0 0
A6889  ep = 2450400.5
1.89016 0.0099764 2.73279 358.922 232.849 13.357 0 0 0
A6890  ep = 2450400.5
3.11778 0.0761465 4.93857 188.504 99.8418 337.669 0 0 0
A6891  ep = 2450400.5
3.67993 0.051243 4.40281 298.613 332.069 66.1053 0 0 0
A6892  ep = 2450400.5
3.70181 0.0373472 0.941395 146.807 273.493 321.83 0 0 0
A6893  ep = 2450400.5
2.66782 0.0580165 9.82756 267.298 198.412 307.425 0 0 0
A6894  ep = 2450400.5
1.95841 0.0104931 3.58244 86.7407 258.185 270.051 0 0 0
A6895  ep = 2450400.5
1.69465 0.0407984 8.98731 84.1158 257.021 282.864 0 0 0
A6896  ep = 2450400.5
2.67539 0.0519382 6.249 38.2417 343.099 219.146 0 0 0
A6897  ep = 2450400.5
2.93675 0.0374494 0.12901 211.745 5.14754 27.2641 0 0 0
A6898  ep = 2450400.5
3.62857 0.00704863 3.66266 83.4818 252.535 315.266 0 0 0
A6899  ep = 2450400.5
1.5827 0.0268802 2.75268 258.894 267.836 53.6266 0 0 0
A6900  ep = 2450400.5
3.9754 0.0238483 0.191525 212.965 227.08 42.3223 0 0 0
A6901  ep = 2450400.5
2.78627 0.0273136 2.59136 185.175 355.944 80.8721 0 0 0
A6902  ep = 2450400.5
3.87833 0.0164558 6.72003 166.73 154.033 216.857 0 0 0
A6903  ep = 2450400.5
2.66885 0.0555363 0.992956 181.779 138.238 291.087 0 0 0
A6904  ep = 2450400.5
3.53916 0.0844244 9.20835 47.523 213.631 358.513 0 0 0
A6905  ep = 2450400.5
3.54227 0.082485 4.25325 81.2929 268.373 274.471 0 0 0
A6906  ep = 2450400.5
2.17432 0.0114896 1.05379 338.109 70.3355 113.979 0 0 0
A6907  ep = 2450400.5
3.544 0.0170329 7.71547 182.064 190.504 62.3088 0 0 0
A6908  ep = 2450400.5
2.93439 0.0955057 4.64979 215.292 292.56 208.903 0 0 0
A6909  ep = 2450400.5
4.0792 0.0377638 3.95633 280.688 241.182 293.378 0 0 0
A6910  ep = 2450400.5
3.69332 0.0670451 2.27457 114.436 114.233 171.63 0 0 0
A6911  ep = 2450400.5
1.62052 0.039289 9.29874 149.128 352.856 176.777 0 0 0
A6912  ep = 2450400.5
3.15384 0.0762893 1.95088 106.35 270.92 173.573 0 0 0
A6913  ep = 2450400.5
3.41982 0.0974081 6.37888 10.6433 108.423 302.154 0 0 0
A6914  ep = 2450400.5
1.65732 0.0366979 0.813985 87.4387 316.216 187.636 0 0 0
A6915  ep = 2450400.5
2.87173 0.0270071 6.07573 197.173 16.6327 33.3421 0 0 0
A6916  ep = 2450400.5
1.54325 0.00176337 9.36905 211.164 133.672 55.1384 0 0 0
A6917  ep = 2450400.5
3.65591 0.0529133 6.13089 160.807 44.0155 351.719 0 0 0
A6918  ep = 2450400.5
1.99971 0.0278028 4.80995 97.6788 177.053 183.043 0 0 0
A6919  ep = 2450400.5
2.37596 0.0374543 2.94214 295.115 314.532 38.0115 0 0 0
A6920  ep = 2450400.5
3.5528 0.0960416 6.71631 137.567 85.213 287.346 0 0 0
A6921  ep = 2450400.5
3.90681 0.0584633 2.92873 41.7429 47.537 181.563 0 0 0
A6922  ep = 2450400.5
1.52863 0.0442848 9.93841 100.775 19.2154 142.191 0 0 0
A6923  ep = 2450400.5
1.98011 0.0287658 1.67295 250.295 292.333 82.9875 0 0 0
A6924  ep = 2450400.5
3.13808 0.00821667 1.97574 238.828 316.976 176.966 0 0 0
A6925  ep = 2450400.5
2.93175 0.0817505 1.81074 11.8083 71.0005 146.628 0 0 0
A6926  ep = 2450400.5
2.83247 0.0523894 2.08764 8.62094 89.3484 52.2513 0 0 0
A6927  ep = 2450400.5
3.92799 0.072967 0.570306 182.474 75.2978 43.797 0 0 0
A6928  ep = 2450400.5
3.10662 0.0687254 3.67972 252.516 26.2067 116.199 0 0 0
A6929  ep = 2450400.5
2.94875 0.00401205 8.30458 83.2847 332.222 238.596 0 0 0
A6930  ep = 2450400.5
3.15085 0.064794 3.92537 168.04 301.737 274.582 0 0 0
A6931  ep = 2450400.5
2.70592 0.00150551 5.03149 0.875945 97.0927 121.316 0 0 0
A6932  ep = 2450400.5
2.15392 0.0689066 1.13835 209.287 130.61 263.249 0 0 0
A6933  ep = 2450400.5
1.70172 0.0979135 5.3159 86.3666 208.503 166.943 0 0 0
A6934  ep = 2450400.5
3.62529 0.0983056 7.21462 352.673 352.526 43.7513 0 0 0
A6935  ep = 2450400.5
2.86594 0.0322272 6.4276 129.914 1.93132 264.273 0 0 0
A6936  ep = 2450400.5
2.02996 0.099928 5.90069 0.106862 24.4323 95.5758 0 0 0
A6937  ep = 2450400.5
3.99677 0.00764551 6.98121 316.858 339.107 90.0502 0 0 0
A6938  ep = 2450400.5
2.88356 0.0498501 0.31373 141.722 196.037 64.3327 0 0 0
A6939  ep = 2450400.5
2.69713 0.0651119 1.35027 349.471 39.6817 314.74 0 0 0
A6940  ep = 2450400.5
2.0236 0.0974558 7.39081 115.368 331.572 235.198 0 0 0
A6941  ep = 2450400.5
2.18094 0.0278726 4.54823 114.254 52.6011 358.346 0 0 0
A6942  ep = 2450400.5
2.36344 0.0915849 3.68045 228.011 11.0437 54.0806 0 0 0
A6943  ep = 2450400.5
4.05747 0.0586461 8.65087 306.989 68.6806 151.558 0 0 0
A6944  ep = 2450400.5
2.79437 0.0425461 7.72739 181.385 136.785 347.152 0 0 0
A6945  ep = 2450400.5
3.98819 0.0225441 6.9865 196.186 168.255 294.248 0 0 0
A6946  ep = 2450400.5
3.54636 0.0178853 5.97535 316.942 52.7159 330.141 0 0 0
A6947  ep = 2450400.5
1.89453 0.0707014 4.78943 350.238 303.424 107.845 0 0 0
A6948  ep = 2450400.5
2.93447 0.04828 7.42254 210.769 212.313 274.896 0 0 0
A6949  ep = 2450400.5
1.53287 0.0539397 8.65004 167.207 71.6498 98.1547 0 0 0
A6950  ep = 2450400.5
3.68983 0.0525797 2.07385 139.705 170.86 32.6098 0 0 0
A6951  ep = 2450400.5
4.07342 0.0666828 2.3752 16.9639 350.864 79.1224 0 0 0
A6952  ep = 2450400.5
2.75981 0.010204 8.99172 303.093 14.8421 321.317 0 0 0
A6953  ep = 2450400.5
2.82234 0.0244701 9.69386 121.056 244.697 259.982 0 0 0
A6954  ep = 2450400.5
1.62796 0.0325147 2.75392 203.947 88.7983 204.699 0 0 0
A6955  ep = 2450400.5
3.13178 0.0342561 7.42385 32.0108 10.5686 125.246 0 0 0
A6956  ep = 2450400.5
2.22447 0.0501107 6.10921 229.722 3.29451 220.689 0 0 0
A6957  ep = 2450400.5
1.6237 0.0941017 2.67431 263.095 356.107 17.92 0 0 0
A6958  ep = 2450400.5
3.63158 0.0467611 7.12988 208.67 205.709 259.591 0 0 0
A6959  ep = 2450400.5
2.6821 0.0574082 7.60345 29.8929 127.206 313.264 0 0 0
A6960  ep = 2450400.5
1.90333 0.0510274 1.1688 231.207 313.943 284.999 0 0 0
A6961  ep = 2450400.5
3.35634 0.0382744 0.784059 132.097 149.969 112.268 0 0 0
A6962  ep = 2450400.5
2.37352 0.0776304 2.33846 91.6426 51.7483 149.294 0 0 0
A6963  ep = 2450400.5
4.04571 0.0629386 0.0834688 320.82 130.245 98.5313 0 0 0
A6964  ep = 2450400.5
3.99941 0.0734287 1.16396 63.0577 50.8704 133.328 0 0 0
A6965  ep = 2450400.5
2.73543 0.0118156 9.84166 279.963 276.227 69.004 0 0 0
A6966  ep = 2450400.5
3.01005 0.0400128 3.95541 284.324 154.802 92.8378 0 0 0
A6967  ep = 2450400.5
1.69935 0.0315408 8.06987 345.328 57.7051 300.366 0 0 0
A6968  ep = 2450400.5
4.00266 0.0988045 9.06938 262.025 182.954 198.07 0 0 0
A6969  ep = 2450400.5
2.4673 0.00996188 6.29298 22.0077 181.925 234.574 0 0 0
A6970  ep = 2450400.5
2.89763 0.00568239 9.03991 96.9249 327.044 146.821 0 0 0
A6971  ep = 2450400.5
2.15652 0.00589215 4.2929 205.96 60.3296 51.9313 0 0 0
A6972  ep = 2450400.5
2.37682 0.0447738 3.12742 143.09 110.465 327.534 0 0 0
A6973  ep = 2450400.5
2.61571 0.0838476 0.271826 204.386 217.831 6.21251 0 0 0
A6974  ep = 2450400.5
4.02007 0.0428795 1.76287 202.039 166.634 235.606 0 0 0
A6975  ep = 2450400.5
3.77359 0.0904915 6.90973 207.62 246.591 37.9527 0 0 0
A6976  ep = 2450400.5
2.60381 0.00479926 6.61218 179.03 156.7 185.816 0 0 0
A6977  ep = 2450400.5
1.71216 0.0866725 9.0487 147.728 214.199 15.8612 0 0 0
A6978  ep = 2450400.5
2.64246 0.00481125 6.62624 223.77 16.6189 312.419 0 0 0
A6979  ep = 2450400.5
2.98179 0.0534025 3.36443 11.2729 245.243 153.793 0 0 0
A6980  ep = 2450400.5
3.36698 0.0646712 3.2912 359.141 161.113 103.733 0 0 0
A6981  ep = 2450400.5
2.08877 0.00679309 6.71397 246.711 272.094 248.996 0 0 0
A6982  ep = 2450400.5
1.55356 0.00670766 5.35682 89.7275 128.44 49.5761 0 0 0
A6983  ep = 2450400.5
2.14821 0.0229507 1.31833 287.608 327.153 56.5692 0 0 0
A6984  ep = 2450400.5
1.80401 0.0846363 4.81505 50.1404 34.3317 266.805 0 0 0
A6985  ep = 2450400.5
2.56363 0.0590058 8.1107 132.91 79.3081 94.9924 0 0 0
A6986  ep = 2450400.5
3.19837 0.0278986 6.91679 269.055 120.749 233.898 0 0 0
A6987  ep = 2450400.5
3.3237 0.00870627 1.26301 34.2794 68.1837 132.048 0 0 0
A6988  ep = 2450400.5
1.82184 0.0799249 1.98145 315.174 203.203 68.6196 0 0 0
A6989  ep = 2450400.5
2.92503 0.0151839 6.95808 298.585 89.6338 198.325 0 0 0
A6990  ep = 2450400.5
3.08508 0.0589298 8.32659 67.3069 281.14 180.211 0 0 0
A6991  ep = 2450400.5
1.76528 0.0593861 2.01396 310.55 300.799 39.0233 0 0 0
A6992  ep = 2450400.5
3.37595 0.0448328 9.04431 243.417 284.757 355.378 0 0 0
A6993  ep = 2450400.5
3.30639 0.0579768 1.15638 334.832 349.684 224.688 0 0 0
A6994  ep = 2450400.5
4.06067 0.0701083 5.10572 297.543 321.799 31.1321 0 0 0
A6995  ep = 2450400.5
2.50508 0.0721513 6.4749 341.151 286.332 50.8446 0 0 0
A6996  ep = 2450400.5
2.02013 0.0112488 4.59244 136.044 254.314 258.194 0 0 0
A6997  ep = 2450400.5
2.03788 0.0367466 6.99893 47.5743 251.717 339.648 0 0 0
A6998  ep = 2450400.5
2.9217 0.0878743 9.0283 212.239 355.57 112.228 0 0 0
A6999  ep = 2450400.5
2.22472 0.0908584 9.56578 289.037 308.026 116.922 0 0 0
A7000  ep = 2450400.5
3.21673 0.0195935 2.07775 92.7363 283.996 290.043 0 0 0
