)O+_06 Small-body initial data  (WARNING: Do not delete this line!!)
) Lines beginning with `)' are ignored.
)----------------------------------------------------------------------
 style (Cartesian, Asteroidal, Cometary) = Ast
)---------------------------------------------------------------------
A7001  ep = 2450400.5
2.52943 0.0585632 2.71817 43.5043 127.125 125.556 0 0 0
A7002  ep = 2450400.5
2.35029 0.0439562 2.71643 324.249 260.258 349.648 0 0 0
A7003  ep = 2450400.5
1.7659 0.0273579 0.0424748 108.733 159.058 258.793 0 0 0
A7004  ep = 2450400.5
1.6459 0.0798207 2.46144 234.167 187.859 170.106 0 0 0
A7005  ep = 2450400.5
2.0032 0.0481042 8.8734 2.13737 88.2578 319.854 0 0 0
A7006  ep = 2450400.5
2.58116 0.0129651 9.0431 124.478 102.472 311.565 0 0 0
A7007  ep = 2450400.5
1.59198 0.0728462 9.25904 247.096 105.116 164.962 0 0 0
A7008  ep = 2450400.5
2.55864 0.0488523 4.60437 29.8851 213.369 87.6837 0 0 0
A7009  ep = 2450400.5
2.08549 0.0823593 5.1314 149.116 179.956 281.178 0 0 0
A7010  ep = 2450400.5
2.95847 0.0407154 4.03236 117.69 182.276 261.068 0 0 0
A7011  ep = 2450400.5
3.31234 0.0853574 4.01787 297.783 162.105 51.7486 0 0 0
A7012  ep = 2450400.5
1.61514 0.0241039 8.13541 164.793 217.402 96.7068 0 0 0
A7013  ep = 2450400.5
3.52052 0.0831614 7.92993 298.389 228.393 218.477 0 0 0
A7014  ep = 2450400.5
2.30942 0.0211581 6.03788 274.102 83.0649 304.817 0 0 0
A7015  ep = 2450400.5
2.61394 0.0379231 3.73796 109.454 98.8166 106.831 0 0 0
A7016  ep = 2450400.5
3.50302 0.0096479 0.521944 345.623 152.019 252.758 0 0 0
A7017  ep = 2450400.5
2.67209 0.0619585 4.36743 241.083 36.4642 206.896 0 0 0
A7018  ep = 2450400.5
2.24186 0.00609595 4.54549 104.5 68.1757 229.611 0 0 0
A7019  ep = 2450400.5
3.067 0.082353 1.07561 155.202 233.123 96.8124 0 0 0
A7020  ep = 2450400.5
2.19403 0.0593398 8.24435 354.877 208.19 162.575 0 0 0
A7021  ep = 2450400.5
2.5279 0.0522343 5.02346 302.95 80.0193 353.425 0 0 0
A7022  ep = 2450400.5
2.06974 0.06105 3.66816 142.871 184.155 313.504 0 0 0
A7023  ep = 2450400.5
2.88232 0.0237553 5.54576 54.5646 120.301 328.007 0 0 0
A7024  ep = 2450400.5
2.95659 0.033164 4.8766 31.1741 89.7511 265.43 0 0 0
A7025  ep = 2450400.5
2.95354 0.0633898 1.92877 71.2193 359.879 23.6718 0 0 0
A7026  ep = 2450400.5
3.71486 0.0748635 7.31422 173.983 17.9545 33.118 0 0 0
A7027  ep = 2450400.5
3.65705 0.053638 6.94674 54.2594 316.914 60.6206 0 0 0
A7028  ep = 2450400.5
3.65939 0.0263236 9.19966 216.561 148.033 154.749 0 0 0
A7029  ep = 2450400.5
2.23397 0.0227573 6.82595 116.994 28.3882 10.553 0 0 0
A7030  ep = 2450400.5
3.48424 0.0528841 1.23687 163.665 276.876 336.592 0 0 0
A7031  ep = 2450400.5
3.65403 0.0224923 0.286501 246.908 111.81 136.183 0 0 0
A7032  ep = 2450400.5
2.32063 0.0914959 2.71192 30.6507 139.679 235.63 0 0 0
A7033  ep = 2450400.5
3.08979 0.0804606 6.01674 169.827 82.5823 52.3067 0 0 0
A7034  ep = 2450400.5
2.63164 0.0100478 3.72749 240.394 265.45 128.983 0 0 0
A7035  ep = 2450400.5
3.46866 0.0428928 0.989822 143.755 78.8878 216.917 0 0 0
A7036  ep = 2450400.5
2.16939 0.0503555 7.24132 358.941 297.132 304.433 0 0 0
A7037  ep = 2450400.5
2.22829 0.0789431 4.97102 199.588 296.85 273.353 0 0 0
A7038  ep = 2450400.5
2.35823 0.0399238 9.99454 336.457 257.549 338.491 0 0 0
A7039  ep = 2450400.5
2.63241 0.0278524 8.1524 28.1271 95.0278 9.87545 0 0 0
A7040  ep = 2450400.5
1.94539 0.0346027 9.66861 260.98 299.216 65.8315 0 0 0
A7041  ep = 2450400.5
1.50114 0.0838975 3.65695 331.394 41.4526 254.532 0 0 0
A7042  ep = 2450400.5
2.11351 0.0253605 2.3474 127.39 222.243 192.397 0 0 0
A7043  ep = 2450400.5
4.0683 0.0874323 3.74941 183.223 110.168 31.8797 0 0 0
A7044  ep = 2450400.5
2.59994 0.0420382 8.35589 251.476 136.599 51.6336 0 0 0
A7045  ep = 2450400.5
2.46579 0.0965556 3.10461 13.9628 164.986 239.853 0 0 0
A7046  ep = 2450400.5
3.31915 0.0550688 8.42117 245.398 343.949 260.966 0 0 0
A7047  ep = 2450400.5
2.52439 0.00835081 9.5198 148.604 242.856 348.207 0 0 0
A7048  ep = 2450400.5
3.52277 0.0375062 7.67151 72.1796 233.454 294.636 0 0 0
A7049  ep = 2450400.5
3.50761 0.0173833 7.6073 116.215 149.749 6.4017 0 0 0
A7050  ep = 2450400.5
2.88102 0.0923182 3.926 333.177 241.263 198.951 0 0 0
A7051  ep = 2450400.5
2.26098 0.00516831 8.6377 161.063 75.0113 352.668 0 0 0
A7052  ep = 2450400.5
3.95517 0.0226172 8.27815 60.8353 229.111 106.841 0 0 0
A7053  ep = 2450400.5
2.76147 0.068214 2.72259 349.928 130.647 173.474 0 0 0
A7054  ep = 2450400.5
1.97052 0.0230754 8.27615 8.05337 18.3017 290.854 0 0 0
A7055  ep = 2450400.5
1.64824 0.000954396 8.40534 50.3698 357.849 154.838 0 0 0
A7056  ep = 2450400.5
3.12723 0.00621893 0.214886 352.622 266.253 262.16 0 0 0
A7057  ep = 2450400.5
1.94538 0.0752639 3.60572 165.812 46.2346 120.986 0 0 0
A7058  ep = 2450400.5
1.76066 0.0806738 2.84577 288.925 314.602 158.995 0 0 0
A7059  ep = 2450400.5
3.426 0.000920127 9.64582 167.102 183.578 264.187 0 0 0
A7060  ep = 2450400.5
3.82882 0.0644671 2.98018 131.008 118.159 244.866 0 0 0
A7061  ep = 2450400.5
2.02352 0.0626494 3.48364 236.648 296.762 87.0376 0 0 0
A7062  ep = 2450400.5
2.82173 0.0439713 7.24867 34.8623 136.163 29.0278 0 0 0
A7063  ep = 2450400.5
3.47661 0.0137755 7.24849 253.609 119.615 273.557 0 0 0
A7064  ep = 2450400.5
3.48284 0.0972997 7.15676 164.283 346.53 211.268 0 0 0
A7065  ep = 2450400.5
3.1942 0.0246963 9.71373 326.263 242.315 322.964 0 0 0
A7066  ep = 2450400.5
3.73743 0.034203 9.49413 238.961 63.8716 184.374 0 0 0
A7067  ep = 2450400.5
2.23739 0.069168 6.07152 288.651 29.842 232.261 0 0 0
A7068  ep = 2450400.5
2.13323 0.00528195 6.73712 4.75718 14.9809 205.067 0 0 0
A7069  ep = 2450400.5
2.7797 0.0999541 4.28431 224.448 185.157 131.689 0 0 0
A7070  ep = 2450400.5
2.11219 0.0664826 7.73818 353.049 291.76 270.643 0 0 0
A7071  ep = 2450400.5
3.96499 0.0729445 7.78543 156.207 233.865 296.738 0 0 0
A7072  ep = 2450400.5
3.46261 0.0200931 7.04081 126.4 14.3244 300.318 0 0 0
A7073  ep = 2450400.5
3.54441 0.0368651 2.91933 8.5117 222.437 183.981 0 0 0
A7074  ep = 2450400.5
3.3084 0.00320631 5.88421 118.39 142.764 17.3679 0 0 0
A7075  ep = 2450400.5
2.30398 0.0685946 9.69201 182.7 137.619 246.173 0 0 0
A7076  ep = 2450400.5
2.45433 0.0963537 4.17224 269.014 170.311 319.004 0 0 0
A7077  ep = 2450400.5
1.89508 0.0918926 8.38586 313.931 43.8948 145.349 0 0 0
A7078  ep = 2450400.5
2.07654 0.0327335 7.51169 117.217 208.24 54.0778 0 0 0
A7079  ep = 2450400.5
2.67203 0.0675816 6.44422 347.321 216.16 241.979 0 0 0
A7080  ep = 2450400.5
2.30519 0.0370052 8.47151 210.565 192.597 145.085 0 0 0
A7081  ep = 2450400.5
2.11645 0.00234302 4.79108 109.522 23.155 228.805 0 0 0
A7082  ep = 2450400.5
2.21984 0.0511277 4.03154 142.968 28.4293 110.611 0 0 0
A7083  ep = 2450400.5
2.25992 0.0595726 1.37367 357.183 262.826 31.5073 0 0 0
A7084  ep = 2450400.5
2.52339 0.0427684 9.08804 154.444 11.3528 75.4716 0 0 0
A7085  ep = 2450400.5
3.08918 0.0490729 9.68885 29.655 98.7119 105.987 0 0 0
A7086  ep = 2450400.5
3.5335 0.0834575 3.70764 302.673 241.411 115.279 0 0 0
A7087  ep = 2450400.5
2.60095 0.0966477 6.5759 261.898 230.252 319.356 0 0 0
A7088  ep = 2450400.5
2.21 0.0377109 2.0648 122.237 26.8564 90.0362 0 0 0
A7089  ep = 2450400.5
1.72595 0.0343717 7.85368 200.095 265.373 84.7281 0 0 0
A7090  ep = 2450400.5
2.22132 0.060115 2.52377 290.77 282.636 5.32366 0 0 0
A7091  ep = 2450400.5
1.56864 0.0179245 5.56432 5.77373 8.72372 347.674 0 0 0
A7092  ep = 2450400.5
1.61476 0.0609054 7.36304 12.8073 349.123 218.473 0 0 0
A7093  ep = 2450400.5
2.85734 0.00735929 5.87526 190.404 121.367 318.26 0 0 0
A7094  ep = 2450400.5
2.63062 0.0453898 1.67036 341.059 206.343 318.276 0 0 0
A7095  ep = 2450400.5
3.87858 0.0616201 8.49087 335.281 282.653 68.6031 0 0 0
A7096  ep = 2450400.5
2.15102 0.0796719 4.46418 285.636 36.4904 328.59 0 0 0
A7097  ep = 2450400.5
1.68746 0.0421236 7.71593 347.278 128.844 35.4127 0 0 0
A7098  ep = 2450400.5
2.15133 0.0815628 2.25284 208.981 188.709 250.833 0 0 0
A7099  ep = 2450400.5
3.86215 0.0121429 0.863122 254.125 26.1547 135.217 0 0 0
A7100  ep = 2450400.5
3.11523 0.0399937 1.73522 103.491 183.591 207.142 0 0 0
A7101  ep = 2450400.5
2.38055 0.0235556 5.98705 9.23671 356.065 83.2556 0 0 0
A7102  ep = 2450400.5
2.86011 0.0623065 4.85656 156.318 129.703 8.3547 0 0 0
A7103  ep = 2450400.5
1.92276 0.086025 7.21494 32.6709 152.348 304.782 0 0 0
A7104  ep = 2450400.5
3.04752 0.0735966 7.37669 271.791 160.191 89.1723 0 0 0
A7105  ep = 2450400.5
1.79808 0.0912153 6.56218 249.544 66.3748 273.657 0 0 0
A7106  ep = 2450400.5
3.91313 0.0276827 8.62688 11.1156 185.599 111.799 0 0 0
A7107  ep = 2450400.5
2.44329 0.0124498 5.43395 60.6553 68.5404 169.506 0 0 0
A7108  ep = 2450400.5
3.11436 0.0717282 8.356 13.8502 9.09469 185.324 0 0 0
A7109  ep = 2450400.5
3.4815 0.0369657 5.83024 64.2677 229.573 262.106 0 0 0
A7110  ep = 2450400.5
2.81027 0.098102 6.00432 52.4238 111.754 134.301 0 0 0
A7111  ep = 2450400.5
1.69191 0.050189 3.27009 283.677 31.9431 309.292 0 0 0
A7112  ep = 2450400.5
4.0577 0.0816873 5.19017 52.2515 154.073 326.955 0 0 0
A7113  ep = 2450400.5
4.00069 0.00753518 3.43722 243.473 20.6279 284.407 0 0 0
A7114  ep = 2450400.5
3.67645 0.0472047 5.69576 4.73387 247.686 102.066 0 0 0
A7115  ep = 2450400.5
2.34324 0.0584868 0.87975 99.0001 329.552 235.285 0 0 0
A7116  ep = 2450400.5
2.33064 0.049842 8.95157 164.883 15.4973 116.358 0 0 0
A7117  ep = 2450400.5
3.19559 0.0265038 6.48896 15.2991 67.9521 78.8936 0 0 0
A7118  ep = 2450400.5
3.33268 0.0244289 8.77305 274.559 276.359 290.758 0 0 0
A7119  ep = 2450400.5
1.57135 0.0122538 5.49202 184.072 288.625 168.247 0 0 0
A7120  ep = 2450400.5
4.00904 0.00404297 2.50141 263.553 268.659 249.927 0 0 0
A7121  ep = 2450400.5
2.77992 0.0166504 0.439677 148.611 156.293 75.9543 0 0 0
A7122  ep = 2450400.5
3.39765 0.000621073 9.38375 63.1597 19.1285 330.84 0 0 0
A7123  ep = 2450400.5
3.41365 0.0715401 0.736307 47.519 309.606 232.112 0 0 0
A7124  ep = 2450400.5
2.78312 0.000918644 4.39652 334.294 88.278 149.581 0 0 0
A7125  ep = 2450400.5
3.44291 0.0206163 7.98457 232.331 19.4545 233.754 0 0 0
A7126  ep = 2450400.5
2.01436 0.081101 3.64323 10.7183 240.824 46.3779 0 0 0
A7127  ep = 2450400.5
1.9287 0.0713513 9.0132 216.619 245.131 271.252 0 0 0
A7128  ep = 2450400.5
3.2279 0.0470472 7.22874 18.5454 304.761 148.759 0 0 0
A7129  ep = 2450400.5
3.51176 0.0122389 1.99104 95.3461 62.5923 316.763 0 0 0
A7130  ep = 2450400.5
2.40818 0.0883551 0.844382 265.758 259.725 237.91 0 0 0
A7131  ep = 2450400.5
3.18204 0.00655078 2.98963 234.04 259.495 10.3703 0 0 0
A7132  ep = 2450400.5
1.65031 0.0443904 9.69192 212.511 119.138 154.234 0 0 0
A7133  ep = 2450400.5
3.52974 0.0360017 4.80906 134.867 216.068 183.39 0 0 0
A7134  ep = 2450400.5
3.69641 0.00605705 6.0091 147.069 159.765 105.077 0 0 0
A7135  ep = 2450400.5
2.33593 0.0509626 9.27863 259.314 166.782 326.78 0 0 0
A7136  ep = 2450400.5
2.10721 0.0363477 6.9654 65.0077 327.511 336.465 0 0 0
A7137  ep = 2450400.5
3.78622 0.0603863 7.13173 178.139 277.86 148.601 0 0 0
A7138  ep = 2450400.5
1.71195 0.0564763 0.967719 21.849 264.828 52.6544 0 0 0
A7139  ep = 2450400.5
3.016 0.0734244 0.435896 46.3614 56.1326 298.909 0 0 0
A7140  ep = 2450400.5
3.82868 0.0070393 9.09481 41.8232 212.807 265.865 0 0 0
A7141  ep = 2450400.5
1.87722 0.0995015 6.22525 99.9563 272.584 50.6657 0 0 0
A7142  ep = 2450400.5
1.82593 0.0837314 3.73001 175.345 78.6606 103.569 0 0 0
A7143  ep = 2450400.5
2.23841 0.0421469 9.63512 185.244 128.628 21.8511 0 0 0
A7144  ep = 2450400.5
2.05389 0.0383968 1.35065 220.588 214.616 76.8386 0 0 0
A7145  ep = 2450400.5
2.31575 0.0919053 5.51861 115.426 183.229 237.383 0 0 0
A7146  ep = 2450400.5
3.65687 0.0460668 2.44482 340.688 55.7574 220.058 0 0 0
A7147  ep = 2450400.5
3.73033 0.00641216 6.69122 25.4896 356.313 34.6877 0 0 0
A7148  ep = 2450400.5
3.02822 0.0507399 2.86092 278.38 126.276 79.4106 0 0 0
A7149  ep = 2450400.5
2.57684 0.060104 9.67887 118.439 291.481 210.59 0 0 0
A7150  ep = 2450400.5
3.38548 0.000152209 3.58176 170.159 15.5565 261.996 0 0 0
A7151  ep = 2450400.5
4.02779 0.00511142 1.07697 185.579 74.423 88.7764 0 0 0
A7152  ep = 2450400.5
2.74861 0.0554302 0.16037 155.407 114.236 340.706 0 0 0
A7153  ep = 2450400.5
3.01675 0.0389629 9.49977 343.07 228.968 199.995 0 0 0
A7154  ep = 2450400.5
1.76619 0.0343646 0.65911 270.033 164.978 231.12 0 0 0
A7155  ep = 2450400.5
2.49371 0.0145054 5.92523 332.891 164.377 339.319 0 0 0
A7156  ep = 2450400.5
2.25638 0.0873431 6.75458 332.029 230.705 219.359 0 0 0
A7157  ep = 2450400.5
3.49278 0.0780101 5.1647 202.37 92.277 263.359 0 0 0
A7158  ep = 2450400.5
2.8354 0.0759392 2.09601 53.1677 297.403 23.6247 0 0 0
A7159  ep = 2450400.5
2.45185 0.0801448 0.928953 210.584 103.521 266.501 0 0 0
A7160  ep = 2450400.5
3.64805 0.0725959 6.18956 262.027 59.7468 169.685 0 0 0
A7161  ep = 2450400.5
2.53734 0.0200308 9.57088 315.734 88.1007 115.159 0 0 0
A7162  ep = 2450400.5
3.46362 0.0669197 6.18926 70.1796 192.306 250.989 0 0 0
A7163  ep = 2450400.5
3.41989 0.023258 9.96654 194.809 151.009 132.988 0 0 0
A7164  ep = 2450400.5
4.00671 0.0848748 0.905504 286.314 297.981 60.0988 0 0 0
A7165  ep = 2450400.5
3.53379 0.0845967 7.16596 128.993 3.07322 287.828 0 0 0
A7166  ep = 2450400.5
1.64035 0.0429073 2.42698 120.275 271.737 41.7982 0 0 0
A7167  ep = 2450400.5
2.78735 0.0584493 3.57725 90.8346 19.8911 5.6791 0 0 0
A7168  ep = 2450400.5
2.55915 0.0583884 2.34212 297.084 342.217 329.906 0 0 0
A7169  ep = 2450400.5
2.31128 0.0129762 0.907531 2.80027 183.414 289.722 0 0 0
A7170  ep = 2450400.5
3.29896 0.012737 5.70486 183.002 325.415 151.855 0 0 0
A7171  ep = 2450400.5
1.83517 0.0640756 3.18978 156.279 204.635 315.155 0 0 0
A7172  ep = 2450400.5
1.97055 0.0054599 4.64478 224.913 216.571 176.175 0 0 0
A7173  ep = 2450400.5
1.69998 0.0429472 8.13132 67.4843 303.266 320.816 0 0 0
A7174  ep = 2450400.5
3.50314 0.0931843 9.47995 107.087 156.207 63.5017 0 0 0
A7175  ep = 2450400.5
2.41483 0.0120109 2.6702 126.337 4.41027 58.6804 0 0 0
A7176  ep = 2450400.5
2.89888 0.0585336 6.74049 147.941 106.704 129.521 0 0 0
A7177  ep = 2450400.5
2.32602 0.0749249 6.63197 0.902811 309.519 275.494 0 0 0
A7178  ep = 2450400.5
2.2137 0.023685 1.74445 134.1 297.378 128.853 0 0 0
A7179  ep = 2450400.5
4.01989 5.11924e-05 7.6039 32.1997 112.597 28.4047 0 0 0
A7180  ep = 2450400.5
3.09132 0.0941563 4.84814 291.986 350.88 222.208 0 0 0
A7181  ep = 2450400.5
2.09778 0.0503365 6.06096 48.3844 216.174 183.148 0 0 0
A7182  ep = 2450400.5
3.94433 0.0967712 9.33698 99.692 25.2305 122.08 0 0 0
A7183  ep = 2450400.5
4.01239 0.000597971 3.50107 306.848 217.236 196.912 0 0 0
A7184  ep = 2450400.5
2.10813 0.0567754 4.23529 307.226 221.281 50.0265 0 0 0
A7185  ep = 2450400.5
2.90214 0.0377208 3.73776 75.4303 318.181 172.293 0 0 0
A7186  ep = 2450400.5
1.94736 0.00203538 0.0859358 131.292 183.418 188.136 0 0 0
A7187  ep = 2450400.5
2.03846 0.0239844 8.05093 236.346 295.749 77.1312 0 0 0
A7188  ep = 2450400.5
3.94074 0.0644402 8.46866 296.564 186.952 230.949 0 0 0
A7189  ep = 2450400.5
2.93108 0.0470423 8.39655 265.52 174.556 267.41 0 0 0
A7190  ep = 2450400.5
1.54707 0.06229 7.07392 54.1121 222.91 358.783 0 0 0
A7191  ep = 2450400.5
3.12355 0.0847104 2.2821 239.661 218.034 118.715 0 0 0
A7192  ep = 2450400.5
2.4905 0.0758404 6.49825 236.692 27.3498 306.849 0 0 0
A7193  ep = 2450400.5
2.95776 0.0537615 0.696722 27.8497 320.896 202.588 0 0 0
A7194  ep = 2450400.5
2.86977 0.066944 9.28646 101.389 52.8806 219.457 0 0 0
A7195  ep = 2450400.5
2.5389 0.057944 2.65554 256.075 108.904 133.909 0 0 0
A7196  ep = 2450400.5
2.78887 0.0430899 9.11445 109.189 329.721 320.385 0 0 0
A7197  ep = 2450400.5
3.96943 0.0360557 7.88869 23.5367 78.9212 266.401 0 0 0
A7198  ep = 2450400.5
2.64499 0.0112075 4.63982 196.255 4.74371 348.685 0 0 0
A7199  ep = 2450400.5
1.94276 0.0777415 7.01842 302.159 118.992 11.2432 0 0 0
A7200  ep = 2450400.5
3.66927 0.0237432 2.52207 58.4296 103.078 233.539 0 0 0
A7201  ep = 2450400.5
3.24704 0.00489574 3.82702 328.76 305.583 52.8873 0 0 0
A7202  ep = 2450400.5
1.75335 0.0152038 2.30788 227.242 231.47 342.079 0 0 0
A7203  ep = 2450400.5
3.45693 0.0847492 8.80567 351.654 352.238 231.143 0 0 0
A7204  ep = 2450400.5
1.92957 0.0484788 1.82517 350.06 49.572 98.4359 0 0 0
A7205  ep = 2450400.5
2.05951 0.0397991 4.03488 54.4441 250.201 327.151 0 0 0
A7206  ep = 2450400.5
2.11663 0.0561699 2.47464 335.502 12.9523 62.707 0 0 0
A7207  ep = 2450400.5
3.14736 0.0126536 6.69736 37.4419 299.671 224.201 0 0 0
A7208  ep = 2450400.5
2.92132 0.017969 6.05419 345.845 353.634 318.607 0 0 0
A7209  ep = 2450400.5
3.67162 0.00147217 1.42819 86.4899 253.856 21.6755 0 0 0
A7210  ep = 2450400.5
1.99319 0.0832293 4.34954 123.227 92.7244 83.217 0 0 0
A7211  ep = 2450400.5
3.2811 0.0762888 0.854691 225.96 347.211 34.3945 0 0 0
A7212  ep = 2450400.5
2.17929 0.0409977 5.48764 276.628 132.813 309.663 0 0 0
A7213  ep = 2450400.5
3.68366 0.0787385 2.58404 256.793 71.3244 358.824 0 0 0
A7214  ep = 2450400.5
2.2823 0.0592539 0.799101 163.8 320.708 249.621 0 0 0
A7215  ep = 2450400.5
1.66195 0.099095 1.8906 225.76 274.357 292.362 0 0 0
A7216  ep = 2450400.5
1.70436 0.0372946 9.10067 238.746 208.892 325.902 0 0 0
A7217  ep = 2450400.5
1.94892 0.0506717 5.39952 54.3657 190.5 187.499 0 0 0
A7218  ep = 2450400.5
1.89345 0.0738913 9.91229 310.669 119.522 65.6026 0 0 0
A7219  ep = 2450400.5
3.12547 0.0281252 4.99423 57.4947 313.402 186.941 0 0 0
A7220  ep = 2450400.5
2.8239 0.0540624 1.27204 64.139 351.822 171.849 0 0 0
A7221  ep = 2450400.5
3.10636 0.0169162 6.10738 277.557 293.861 138.292 0 0 0
A7222  ep = 2450400.5
1.87076 0.0452139 8.10421 220.742 319.052 323.96 0 0 0
A7223  ep = 2450400.5
1.96693 0.0948985 3.58285 223.954 186.385 339.493 0 0 0
A7224  ep = 2450400.5
2.11243 0.0949794 5.18323 73.6809 54.111 182.933 0 0 0
A7225  ep = 2450400.5
2.95182 0.00539808 9.25562 13.85 229.038 60.5641 0 0 0
A7226  ep = 2450400.5
2.98586 0.0949703 4.66242 79.2103 122.314 32.2705 0 0 0
A7227  ep = 2450400.5
2.75354 0.0313785 2.78562 43.8321 155.226 315.66 0 0 0
A7228  ep = 2450400.5
3.26911 0.096301 5.31016 43.9063 3.78857 72.6915 0 0 0
A7229  ep = 2450400.5
3.12008 0.0710509 0.528781 280.685 213.297 70.4151 0 0 0
A7230  ep = 2450400.5
2.08004 0.0610512 8.87223 139.28 341.061 249.193 0 0 0
A7231  ep = 2450400.5
3.0299 0.0698995 4.0161 142.014 199.497 181.031 0 0 0
A7232  ep = 2450400.5
3.91795 0.0555063 3.93773 349.678 44.1586 26.9344 0 0 0
A7233  ep = 2450400.5
2.04611 0.0415348 8.74647 164.636 249.623 157.085 0 0 0
A7234  ep = 2450400.5
2.67053 0.0220937 0.282144 140.483 99.2266 329.334 0 0 0
A7235  ep = 2450400.5
2.92285 0.0952322 5.68017 345.401 123.162 28.6939 0 0 0
A7236  ep = 2450400.5
2.69803 0.00626843 0.53463 4.30388 85.1372 315.469 0 0 0
A7237  ep = 2450400.5
1.56368 0.0425208 8.46621 4.73283 328.671 3.00471 0 0 0
A7238  ep = 2450400.5
2.87059 0.076682 0.951487 117.882 232.04 306.855 0 0 0
A7239  ep = 2450400.5
2.28751 0.0474017 0.8075 329.686 354.052 173.052 0 0 0
A7240  ep = 2450400.5
3.42533 0.0883724 2.7415 250.203 256.304 323.604 0 0 0
A7241  ep = 2450400.5
4.04977 0.0563541 6.42575 82.7369 263.734 253.039 0 0 0
A7242  ep = 2450400.5
2.90875 0.0845929 6.53172 282.493 83.1491 270.379 0 0 0
A7243  ep = 2450400.5
3.13892 0.0804215 1.44361 231.585 208.363 338.945 0 0 0
A7244  ep = 2450400.5
2.21066 0.0120445 7.31598 1.14833 108.507 154.679 0 0 0
A7245  ep = 2450400.5
3.631 0.0244039 7.56866 267.335 289.537 30.0135 0 0 0
A7246  ep = 2450400.5
3.09738 0.0798979 1.44374 19.7194 291.824 12.2452 0 0 0
A7247  ep = 2450400.5
2.22752 0.0414315 4.38439 11.7446 60.5211 166.932 0 0 0
A7248  ep = 2450400.5
4.08945 0.0144217 4.84702 84.4361 144.08 253.616 0 0 0
A7249  ep = 2450400.5
3.87304 0.0834414 2.00185 72.5122 117.393 323.685 0 0 0
A7250  ep = 2450400.5
2.5782 0.0810261 5.06384 250.239 129.781 317.19 0 0 0
A7251  ep = 2450400.5
3.19199 0.087162 2.31901 237.027 35.3667 11.9501 0 0 0
A7252  ep = 2450400.5
2.34424 0.0109557 0.325603 287.653 15.2098 338.275 0 0 0
A7253  ep = 2450400.5
1.74907 0.0459709 6.32509 167.83 95.5943 137.72 0 0 0
A7254  ep = 2450400.5
3.50066 0.00487548 4.42207 119.597 348.803 292.563 0 0 0
A7255  ep = 2450400.5
1.57251 0.0706628 1.29633 137.816 221.282 307.562 0 0 0
A7256  ep = 2450400.5
2.2217 0.0133567 1.8544 344.673 128.484 329.885 0 0 0
A7257  ep = 2450400.5
3.36635 0.0250904 5.93962 188.138 91.6067 227.379 0 0 0
A7258  ep = 2450400.5
3.51542 0.052561 7.92506 124.26 356.084 230.102 0 0 0
A7259  ep = 2450400.5
1.89249 0.0926491 9.5321 121.056 339.903 240.397 0 0 0
A7260  ep = 2450400.5
3.80767 0.065668 8.8205 162.767 226.405 267.027 0 0 0
A7261  ep = 2450400.5
1.68399 0.0525476 7.6689 64.6247 259.543 18.2215 0 0 0
A7262  ep = 2450400.5
2.54117 0.00640967 0.273322 127.188 121.673 129.693 0 0 0
A7263  ep = 2450400.5
2.31734 0.00304697 0.104315 91.3678 86.4041 30.3583 0 0 0
A7264  ep = 2450400.5
2.46872 0.0685291 4.68205 162.511 342.923 317.889 0 0 0
A7265  ep = 2450400.5
1.89442 0.00614724 1.16659 66.7645 30.2622 339.373 0 0 0
A7266  ep = 2450400.5
3.24655 0.053579 3.02128 191.545 262.241 223.262 0 0 0
A7267  ep = 2450400.5
2.52314 0.0860546 2.20127 247.934 31.0106 351.847 0 0 0
A7268  ep = 2450400.5
3.37361 0.0579576 9.93566 284.374 19.778 155.841 0 0 0
A7269  ep = 2450400.5
2.22035 0.0373181 8.04599 72.1668 2.52065 262.328 0 0 0
A7270  ep = 2450400.5
2.26369 0.0292519 3.3733 86.8816 343.194 123.005 0 0 0
A7271  ep = 2450400.5
3.3998 0.0221316 5.65839 218.962 192.621 23.1945 0 0 0
A7272  ep = 2450400.5
1.53554 0.00803803 5.95091 304.749 76.7952 177.506 0 0 0
A7273  ep = 2450400.5
1.93789 0.071949 8.46226 288.47 327.129 327.553 0 0 0
A7274  ep = 2450400.5
1.66692 0.0198789 5.03953 103.184 267.631 326.224 0 0 0
A7275  ep = 2450400.5
3.46327 0.0138466 8.19255 171.315 191.211 199.804 0 0 0
A7276  ep = 2450400.5
2.88867 0.0891858 6.45951 194.726 127.169 112.971 0 0 0
A7277  ep = 2450400.5
3.27862 0.0320489 7.45185 141.237 262.734 204.83 0 0 0
A7278  ep = 2450400.5
3.80384 0.0873474 5.48528 257.364 57.9855 217.632 0 0 0
A7279  ep = 2450400.5
2.06806 0.0416622 3.16069 326.206 37.0925 165.776 0 0 0
A7280  ep = 2450400.5
3.68292 0.00322855 2.62157 74.3778 302.767 353.819 0 0 0
A7281  ep = 2450400.5
3.35052 0.0578098 7.09256 203.001 221.326 355.962 0 0 0
A7282  ep = 2450400.5
1.97073 0.0801114 5.32051 290.765 43.2569 162.953 0 0 0
A7283  ep = 2450400.5
3.40926 0.00692129 9.26201 143.376 340.351 322.103 0 0 0
A7284  ep = 2450400.5
2.5284 0.0181253 5.32422 108.692 208.274 150.754 0 0 0
A7285  ep = 2450400.5
1.70464 0.0622033 5.50034 204.374 80.6441 316.438 0 0 0
A7286  ep = 2450400.5
2.02659 0.0692242 9.51889 6.94721 99.8296 8.75791 0 0 0
A7287  ep = 2450400.5
3.04945 0.0161015 7.17106 141.423 18.4546 138.615 0 0 0
A7288  ep = 2450400.5
2.66868 0.090474 7.9584 346.853 196.065 77.428 0 0 0
A7289  ep = 2450400.5
1.92917 0.0414571 5.69827 126.887 166.757 87.8305 0 0 0
A7290  ep = 2450400.5
3.90975 0.0722325 1.11247 154.514 338.767 87.8411 0 0 0
A7291  ep = 2450400.5
3.87604 0.0618548 6.93143 2.49957 83.3761 222.406 0 0 0
A7292  ep = 2450400.5
2.70623 0.0807117 1.22273 328.92 331.011 147.184 0 0 0
A7293  ep = 2450400.5
1.53396 0.041945 4.70287 302.63 233.944 121.708 0 0 0
A7294  ep = 2450400.5
2.81926 0.0504737 7.10658 206.639 62.5069 159.336 0 0 0
A7295  ep = 2450400.5
1.97181 0.0170616 1.53859 202.178 191.306 85.2592 0 0 0
A7296  ep = 2450400.5
1.53393 0.0862842 9.78032 308.874 265.249 246.026 0 0 0
A7297  ep = 2450400.5
2.65976 0.00647861 2.85939 29.9951 114.431 223.026 0 0 0
A7298  ep = 2450400.5
1.99381 0.0430681 1.45417 249.159 125.943 324.277 0 0 0
A7299  ep = 2450400.5
3.35115 0.0100291 3.58631 319.398 184.524 9.20276 0 0 0
A7300  ep = 2450400.5
1.74251 0.0418609 7.55415 136.927 169.948 265.18 0 0 0
A7301  ep = 2450400.5
3.10718 0.0344902 0.770083 328.918 148.849 219.021 0 0 0
A7302  ep = 2450400.5
2.48756 0.0784909 4.95791 141.255 93.1533 282.529 0 0 0
A7303  ep = 2450400.5
3.01575 0.054424 5.04569 117.322 318.35 204.678 0 0 0
A7304  ep = 2450400.5
3.54557 0.0175338 9.91208 312.746 328.14 184.442 0 0 0
A7305  ep = 2450400.5
2.18124 0.0999333 1.78139 343.374 231.73 244.506 0 0 0
A7306  ep = 2450400.5
1.93255 0.0527165 9.0576 298.144 221.135 69.8636 0 0 0
A7307  ep = 2450400.5
3.58351 0.0902307 9.07097 218.123 196.13 219.44 0 0 0
A7308  ep = 2450400.5
2.34319 0.0320942 2.06538 192.872 67.366 253.068 0 0 0
A7309  ep = 2450400.5
2.74392 0.0611967 6.32911 296.286 326.982 181.466 0 0 0
A7310  ep = 2450400.5
1.78528 0.0996512 3.37792 325.543 131.111 225.347 0 0 0
A7311  ep = 2450400.5
2.43177 0.0267417 0.485225 279.518 167.281 330.053 0 0 0
A7312  ep = 2450400.5
2.64989 0.0436198 9.17169 13.6012 341.712 348.953 0 0 0
A7313  ep = 2450400.5
1.73042 0.0513516 3.65723 168.601 158.16 178.097 0 0 0
A7314  ep = 2450400.5
3.9419 0.0823059 7.1536 209.627 126.937 305.264 0 0 0
A7315  ep = 2450400.5
3.18922 0.0707534 8.53033 76.3089 217.111 257.766 0 0 0
A7316  ep = 2450400.5
2.16321 0.0928551 1.15593 325.734 278.563 261.638 0 0 0
A7317  ep = 2450400.5
3.0692 0.0696989 6.29228 123.68 24.4711 137.779 0 0 0
A7318  ep = 2450400.5
2.96512 0.0827738 9.79779 75.1133 11.8558 114.594 0 0 0
A7319  ep = 2450400.5
1.51855 0.0232419 6.27124 139.159 176.898 250.434 0 0 0
A7320  ep = 2450400.5
3.40079 0.0914794 8.94358 188.936 209.252 11.008 0 0 0
A7321  ep = 2450400.5
3.36512 0.0449757 9.05761 179.98 155.03 246.304 0 0 0
A7322  ep = 2450400.5
1.85666 0.0988769 5.24194 233.629 63.6904 114.785 0 0 0
A7323  ep = 2450400.5
3.55601 0.00586508 2.74453 168.371 170.322 194.482 0 0 0
A7324  ep = 2450400.5
3.38038 0.0645872 3.16267 65.9003 229.656 343.581 0 0 0
A7325  ep = 2450400.5
2.35945 0.0286082 3.17489 162.376 233.454 144.102 0 0 0
A7326  ep = 2450400.5
2.44569 0.0374824 7.66876 120.616 135.314 278.902 0 0 0
A7327  ep = 2450400.5
2.29098 0.0933437 8.27353 202.663 339.377 3.79237 0 0 0
A7328  ep = 2450400.5
3.8659 0.0732492 1.99158 231.552 337.429 186.936 0 0 0
A7329  ep = 2450400.5
1.96642 0.0855473 2.93632 61.8364 212.918 293.795 0 0 0
A7330  ep = 2450400.5
3.81721 0.0214134 3.95788 130.824 85.3813 279.621 0 0 0
A7331  ep = 2450400.5
2.97624 0.0813039 2.73822 193.39 79.8691 226.767 0 0 0
A7332  ep = 2450400.5
2.8457 0.0570586 9.83442 303.19 123.08 272.302 0 0 0
A7333  ep = 2450400.5
1.86801 0.0479253 3.79852 347.718 280.563 128.591 0 0 0
A7334  ep = 2450400.5
3.02159 0.0864328 2.76305 275.246 114.269 29.1806 0 0 0
A7335  ep = 2450400.5
2.66135 0.0483387 5.28783 211.39 278.072 93.5753 0 0 0
A7336  ep = 2450400.5
1.97748 0.064413 8.89466 270.367 355.132 211.429 0 0 0
A7337  ep = 2450400.5
3.43377 0.0517723 5.36887 30.2231 1.32099 230.604 0 0 0
A7338  ep = 2450400.5
1.65179 0.0819683 3.40915 240.198 125.769 312.132 0 0 0
A7339  ep = 2450400.5
2.5065 0.0757258 7.24099 159.949 137.531 113.654 0 0 0
A7340  ep = 2450400.5
2.03482 0.0898822 3.50943 28.0283 221.729 128.724 0 0 0
A7341  ep = 2450400.5
1.63688 0.00310945 9.60588 120.19 161.073 323.671 0 0 0
A7342  ep = 2450400.5
2.6759 0.0465341 6.99162 341.177 159.454 84.0119 0 0 0
A7343  ep = 2450400.5
2.04883 0.0309379 6.72921 234.408 79.7977 254.649 0 0 0
A7344  ep = 2450400.5
3.014 0.0467924 9.40394 101.007 342.026 199.205 0 0 0
A7345  ep = 2450400.5
2.48807 0.0472987 8.48507 263.691 74.9489 137.227 0 0 0
A7346  ep = 2450400.5
3.6293 0.0170138 2.51707 261.837 84.5174 346.586 0 0 0
A7347  ep = 2450400.5
3.87222 0.016105 4.76102 68.708 228.982 78.8857 0 0 0
A7348  ep = 2450400.5
1.71105 0.0674843 6.08395 303.933 199.396 323.725 0 0 0
A7349  ep = 2450400.5
3.56388 0.00284017 6.34659 32.7934 193.162 3.27799 0 0 0
A7350  ep = 2450400.5
3.69144 0.0853105 0.138492 162.746 200.435 78.4992 0 0 0
A7351  ep = 2450400.5
1.58556 0.00387565 0.380817 129.561 288.608 283.94 0 0 0
A7352  ep = 2450400.5
2.44771 0.0955885 3.5561 178.876 95.6238 81.2709 0 0 0
A7353  ep = 2450400.5
2.98485 0.0896097 7.70754 233.515 73.0652 50.7274 0 0 0
A7354  ep = 2450400.5
1.8476 0.0547418 6.45247 222.528 78.9378 198.928 0 0 0
A7355  ep = 2450400.5
1.69776 0.0641838 7.36943 259.969 218.201 328.729 0 0 0
A7356  ep = 2450400.5
3.89207 0.090884 4.87238 86.4659 162.789 321.069 0 0 0
A7357  ep = 2450400.5
3.29138 0.0117111 0.285975 122.662 135.062 343.108 0 0 0
A7358  ep = 2450400.5
3.67378 0.0632517 5.71748 263.067 134.462 331.69 0 0 0
A7359  ep = 2450400.5
3.77304 0.0923479 8.91946 169.04 0.743407 266.828 0 0 0
A7360  ep = 2450400.5
2.7468 0.0882184 1.86557 34.1062 347.626 175.342 0 0 0
A7361  ep = 2450400.5
2.30797 0.081984 9.0456 278.696 69.4699 129.91 0 0 0
A7362  ep = 2450400.5
3.76095 0.0565687 8.50627 305.212 123.229 57.5059 0 0 0
A7363  ep = 2450400.5
2.89311 0.0593913 1.89516 355.175 177.193 152.965 0 0 0
A7364  ep = 2450400.5
2.07547 0.0481241 3.21131 308.029 273.821 358.148 0 0 0
A7365  ep = 2450400.5
1.95729 0.0793166 1.74541 120.471 110.527 249.716 0 0 0
A7366  ep = 2450400.5
2.69304 0.0104796 7.31018 168.825 247.742 297.399 0 0 0
A7367  ep = 2450400.5
1.85196 0.0715818 9.75435 0.65668 198.045 115.819 0 0 0
A7368  ep = 2450400.5
3.05071 0.0535385 8.22371 316.565 62.3885 17.8487 0 0 0
A7369  ep = 2450400.5
2.12059 0.0439037 9.88735 8.77304 264.882 116.676 0 0 0
A7370  ep = 2450400.5
3.90455 0.0909921 6.04482 12.2438 318.676 71.3153 0 0 0
A7371  ep = 2450400.5
3.58091 0.0765939 0.131098 187.374 120.426 199.912 0 0 0
A7372  ep = 2450400.5
2.00719 0.0531983 6.03337 299.278 265.34 311.397 0 0 0
A7373  ep = 2450400.5
1.65212 0.0676355 4.50162 197.071 192.954 340.384 0 0 0
A7374  ep = 2450400.5
3.46322 0.0574959 9.3399 222.533 2.89102 237.654 0 0 0
A7375  ep = 2450400.5
3.13854 0.0369055 6.71105 336.81 251.846 77.2987 0 0 0
A7376  ep = 2450400.5
1.72938 0.0134909 1.41189 200.068 141.592 321.854 0 0 0
A7377  ep = 2450400.5
2.04573 0.0331667 9.32734 80.7514 275.415 153.871 0 0 0
A7378  ep = 2450400.5
2.67144 0.0669047 1.67589 169.331 339.902 329.033 0 0 0
A7379  ep = 2450400.5
2.37768 0.050964 3.51675 31.6055 132.226 178.112 0 0 0
A7380  ep = 2450400.5
1.70036 0.0414185 2.20852 158.864 49.6393 234.682 0 0 0
A7381  ep = 2450400.5
1.66364 0.0504121 9.76709 2.89176 72.3819 164.223 0 0 0
A7382  ep = 2450400.5
3.69709 0.0741023 0.375286 235.617 335.083 190.108 0 0 0
A7383  ep = 2450400.5
2.58552 0.0564815 2.84768 235.333 218.513 46.1158 0 0 0
A7384  ep = 2450400.5
3.70739 0.0790326 7.01569 74.4766 154.974 248.454 0 0 0
A7385  ep = 2450400.5
3.36031 0.0126233 1.5975 201.879 244.752 100.8 0 0 0
A7386  ep = 2450400.5
3.89736 0.0178674 7.97156 21.5971 110.519 195.229 0 0 0
A7387  ep = 2450400.5
3.26318 0.0883315 2.87512 52.1849 235.829 199.527 0 0 0
A7388  ep = 2450400.5
2.82037 0.0234378 4.18529 177.276 32.0962 275.12 0 0 0
A7389  ep = 2450400.5
3.79746 0.0867982 0.171816 346.557 297.391 90.7279 0 0 0
A7390  ep = 2450400.5
3.22503 0.0499689 4.27371 175.756 275.961 283.57 0 0 0
A7391  ep = 2450400.5
2.28576 0.0174445 0.894769 264.453 187.57 46.8091 0 0 0
A7392  ep = 2450400.5
3.12405 0.0761526 4.97192 334.097 57.2312 358.157 0 0 0
A7393  ep = 2450400.5
1.91098 0.0271117 2.67077 294.413 11.0839 163.825 0 0 0
A7394  ep = 2450400.5
3.06115 0.0417192 2.75191 332.284 211.875 33.0005 0 0 0
A7395  ep = 2450400.5
3.10757 0.0211751 1.90496 302.534 24.8836 101.954 0 0 0
A7396  ep = 2450400.5
2.34207 0.099629 4.65404 126.463 148.067 173.954 0 0 0
A7397  ep = 2450400.5
4.05031 0.0376923 4.9424 174.693 350.572 208.163 0 0 0
A7398  ep = 2450400.5
1.73838 0.0691452 0.240677 119.713 173.467 220.909 0 0 0
A7399  ep = 2450400.5
3.91985 0.096617 9.41503 162.636 12.8804 198.195 0 0 0
A7400  ep = 2450400.5
2.20858 0.0399794 5.33512 10.5185 283.928 45.064 0 0 0
A7401  ep = 2450400.5
2.91036 0.0420456 6.60706 258.077 260.966 110.468 0 0 0
A7402  ep = 2450400.5
3.07158 0.0923902 4.01392 179.664 290.654 89.9256 0 0 0
A7403  ep = 2450400.5
2.71135 0.0612391 0.457352 334.102 233.316 102.609 0 0 0
A7404  ep = 2450400.5
3.59312 0.0921686 5.77077 340.752 223.988 160.839 0 0 0
A7405  ep = 2450400.5
2.20801 0.048029 3.23359 131.629 55.7191 79.4348 0 0 0
A7406  ep = 2450400.5
3.04166 0.00979209 5.75584 93.6779 298.87 73.684 0 0 0
A7407  ep = 2450400.5
1.67033 0.0471726 3.29348 313.071 315.576 180.767 0 0 0
A7408  ep = 2450400.5
3.45889 0.0219515 2.38041 326.829 166.084 300.076 0 0 0
A7409  ep = 2450400.5
2.69943 0.0607668 1.07987 249.176 33.7711 212.433 0 0 0
A7410  ep = 2450400.5
2.46472 0.0783624 8.36079 334.433 92.3803 351.358 0 0 0
A7411  ep = 2450400.5
1.64283 0.0377349 9.10402 217.166 359.159 214.951 0 0 0
A7412  ep = 2450400.5
3.31819 0.0299918 0.720969 311.9 312.761 23.7928 0 0 0
A7413  ep = 2450400.5
2.74509 0.0930022 2.88695 4.08386 316.256 317.791 0 0 0
A7414  ep = 2450400.5
3.30528 0.041591 8.20116 189.424 124.748 65.5689 0 0 0
A7415  ep = 2450400.5
2.09008 0.0823159 6.8275 130.494 109.194 60.1665 0 0 0
A7416  ep = 2450400.5
4.08204 0.0762527 1.79692 140.329 340.714 179.921 0 0 0
A7417  ep = 2450400.5
3.90127 0.0612779 5.98265 157.084 16.2627 123.434 0 0 0
A7418  ep = 2450400.5
2.84681 0.0271228 8.52546 217.762 115.264 177.458 0 0 0
A7419  ep = 2450400.5
3.7234 0.0739516 8.04376 29.1825 208.227 286.317 0 0 0
A7420  ep = 2450400.5
3.38101 0.0609127 6.58978 338.164 309.723 305.481 0 0 0
A7421  ep = 2450400.5
3.17248 0.0106729 5.7945 45.41 336.224 265.912 0 0 0
A7422  ep = 2450400.5
1.9873 0.0972475 3.38009 217.096 152.096 282.353 0 0 0
A7423  ep = 2450400.5
2.58088 0.0196718 4.24752 96.303 215.335 86.0414 0 0 0
A7424  ep = 2450400.5
1.80128 0.00220136 1.98236 90.4813 4.41779 155.625 0 0 0
A7425  ep = 2450400.5
2.41388 0.0536423 1.66095 295.534 273.654 329.771 0 0 0
A7426  ep = 2450400.5
2.13057 0.00104649 8.88389 271.262 290.056 159.045 0 0 0
A7427  ep = 2450400.5
2.5181 0.0994932 9.82825 62.4063 20.6323 136.202 0 0 0
A7428  ep = 2450400.5
2.77958 0.0363874 6.62727 127.303 43.2455 95.2184 0 0 0
A7429  ep = 2450400.5
2.3241 0.063467 4.90212 146.359 292.359 112.992 0 0 0
A7430  ep = 2450400.5
2.3996 0.0130757 9.63495 119.389 248.822 30.8856 0 0 0
A7431  ep = 2450400.5
3.6966 0.087012 0.108124 120.493 91.584 311.304 0 0 0
A7432  ep = 2450400.5
2.58987 0.0579799 5.67641 150.783 138.936 216.615 0 0 0
A7433  ep = 2450400.5
1.58965 0.0880124 2.24598 308.721 151.258 332.646 0 0 0
A7434  ep = 2450400.5
1.90439 0.00211589 0.616906 135.556 324.031 243.338 0 0 0
A7435  ep = 2450400.5
3.19803 0.00641054 1.41952 318.895 211.765 322.487 0 0 0
A7436  ep = 2450400.5
2.5742 0.0849277 6.80214 298.175 247.204 256.16 0 0 0
A7437  ep = 2450400.5
3.04407 0.0748539 4.68753 190.683 123.883 347.036 0 0 0
A7438  ep = 2450400.5
2.93698 0.078008 3.81205 249.55 306.318 337.576 0 0 0
A7439  ep = 2450400.5
1.70085 0.061529 6.17137 12.3113 127.407 196.53 0 0 0
A7440  ep = 2450400.5
3.78031 0.0160199 0.469165 27.495 263.738 343.006 0 0 0
A7441  ep = 2450400.5
2.79371 0.0705901 1.07677 16.0471 353.746 142.297 0 0 0
A7442  ep = 2450400.5
2.53122 0.0219572 1.34292 200.682 214.864 73.7172 0 0 0
A7443  ep = 2450400.5
2.93001 0.0460162 7.94414 298.923 174.36 261.172 0 0 0
A7444  ep = 2450400.5
1.8967 0.0880847 6.39284 276.917 184.387 146.866 0 0 0
A7445  ep = 2450400.5
3.35251 0.0465159 4.92346 167.978 297.246 320.158 0 0 0
A7446  ep = 2450400.5
2.15814 0.0373443 2.44829 357.138 286.961 224.737 0 0 0
A7447  ep = 2450400.5
1.91847 0.064827 9.47962 288.047 125.122 213.393 0 0 0
A7448  ep = 2450400.5
2.4964 0.0303416 2.52008 328.15 77.8447 73.5951 0 0 0
A7449  ep = 2450400.5
3.53172 0.0591916 5.33612 47.1121 212.582 67.2379 0 0 0
A7450  ep = 2450400.5
3.66558 0.071891 3.72078 335.525 93.7488 48.1191 0 0 0
A7451  ep = 2450400.5
2.63248 0.0732097 3.35371 253.698 221.691 39.4682 0 0 0
A7452  ep = 2450400.5
1.83348 0.00199688 2.61509 215.812 108.466 150.647 0 0 0
A7453  ep = 2450400.5
2.77011 0.0722175 9.59451 50.1252 237.63 333.271 0 0 0
A7454  ep = 2450400.5
2.20198 0.0262161 5.14088 66.6836 3.99226 234.684 0 0 0
A7455  ep = 2450400.5
1.68684 0.0795915 1.94538 193.338 115.331 138.543 0 0 0
A7456  ep = 2450400.5
2.9427 0.0934878 9.48899 189.512 98.0277 89.8808 0 0 0
A7457  ep = 2450400.5
3.83866 0.027483 0.0643765 48.0747 75.5042 210.279 0 0 0
A7458  ep = 2450400.5
2.56735 0.0800917 8.01639 139.066 195.117 94.7038 0 0 0
A7459  ep = 2450400.5
1.54564 0.0471158 0.757146 29.0527 332.09 192.466 0 0 0
A7460  ep = 2450400.5
2.91686 0.0233504 9.49952 282.936 183.612 260.391 0 0 0
A7461  ep = 2450400.5
3.90408 0.00384399 6.05973 137.547 347.425 152.681 0 0 0
A7462  ep = 2450400.5
1.96142 0.0621799 0.57457 61.6999 168.336 120.482 0 0 0
A7463  ep = 2450400.5
3.62315 0.03165 2.41511 175.872 208.093 7.35785 0 0 0
A7464  ep = 2450400.5
2.15683 0.0362743 0.627999 100.089 354.098 79.8492 0 0 0
A7465  ep = 2450400.5
3.40432 0.0147431 7.87638 7.0447 65.3019 199.265 0 0 0
A7466  ep = 2450400.5
2.34399 0.0615498 7.66666 119.671 19.386 180.844 0 0 0
A7467  ep = 2450400.5
1.72201 0.0710867 3.53788 285.963 258.047 195.366 0 0 0
A7468  ep = 2450400.5
3.21904 0.0272613 3.80154 257.815 185.928 300.875 0 0 0
A7469  ep = 2450400.5
2.66048 0.0557704 8.32416 179.169 304.072 235.489 0 0 0
A7470  ep = 2450400.5
1.79661 0.0847188 8.69643 143.121 3.53216 203.335 0 0 0
A7471  ep = 2450400.5
3.95284 0.0194642 7.35626 343.591 330.019 264.286 0 0 0
A7472  ep = 2450400.5
1.98156 0.0715717 1.05314 48.239 147.496 312.825 0 0 0
A7473  ep = 2450400.5
1.80006 0.0971131 6.80641 322.353 349.693 263.049 0 0 0
A7474  ep = 2450400.5
2.48526 0.0936092 3.89198 99.5843 146.241 236.078 0 0 0
A7475  ep = 2450400.5
4.00034 0.0933252 0.172621 149.011 321.072 334.104 0 0 0
A7476  ep = 2450400.5
2.27266 0.0357269 1.62036 354.072 166.449 55.3072 0 0 0
A7477  ep = 2450400.5
2.17258 0.0689738 9.4288 65.6141 204.151 44.5646 0 0 0
A7478  ep = 2450400.5
3.8476 0.0124307 5.23274 305.166 300.29 39.8932 0 0 0
A7479  ep = 2450400.5
2.24603 0.031492 9.85444 86.3543 101.543 335.068 0 0 0
A7480  ep = 2450400.5
2.41389 0.0255279 0.470624 311.266 116.305 170.191 0 0 0
A7481  ep = 2450400.5
1.74904 0.0932286 1.92938 293.19 122.776 53.3081 0 0 0
A7482  ep = 2450400.5
2.86787 0.0587041 5.39154 116.351 248.653 335.099 0 0 0
A7483  ep = 2450400.5
1.5771 0.0467168 7.69505 18.5266 88.2834 35.5696 0 0 0
A7484  ep = 2450400.5
3.79615 0.0722027 6.11306 281.391 101.384 71.2107 0 0 0
A7485  ep = 2450400.5
3.32647 0.0215992 9.18108 221.19 356.882 89.5533 0 0 0
A7486  ep = 2450400.5
2.26619 0.0912356 0.971743 250.758 215.955 295.691 0 0 0
A7487  ep = 2450400.5
2.07163 0.0340387 3.88878 111.49 313.018 139.522 0 0 0
A7488  ep = 2450400.5
3.96478 0.0842931 9.13698 296.041 96.2945 298.626 0 0 0
A7489  ep = 2450400.5
4.04858 0.0494561 6.07931 181.481 101.496 128.593 0 0 0
A7490  ep = 2450400.5
3.44187 0.0472359 5.94295 310.322 160.48 227.129 0 0 0
A7491  ep = 2450400.5
1.87176 0.00614151 2.20436 30.357 93.1287 48.3783 0 0 0
A7492  ep = 2450400.5
1.73247 0.0781906 3.49238 90.5968 261.886 269.211 0 0 0
A7493  ep = 2450400.5
3.82639 0.0828095 2.788 104.36 64.5061 133.979 0 0 0
A7494  ep = 2450400.5
3.83602 0.0120505 5.32942 62.2371 222.07 223.533 0 0 0
A7495  ep = 2450400.5
3.06938 0.0364012 0.944407 207.859 157.576 142.624 0 0 0
A7496  ep = 2450400.5
2.24952 0.0333318 0.0694099 205.892 178.179 327.546 0 0 0
A7497  ep = 2450400.5
2.41511 0.090961 8.81443 297.94 299.733 166.257 0 0 0
A7498  ep = 2450400.5
2.755 0.0177046 3.6114 302.729 116.198 25.1908 0 0 0
A7499  ep = 2450400.5
2.13933 0.0267994 6.17602 76.4068 223.928 62.7784 0 0 0
A7500  ep = 2450400.5
3.08341 0.0529093 5.47016 335.584 191.674 230.025 0 0 0
A7501  ep = 2450400.5
2.07995 0.0498638 7.60215 200.963 236.644 53.1315 0 0 0
A7502  ep = 2450400.5
3.34244 0.016377 4.4885 257.682 39.627 268.629 0 0 0
A7503  ep = 2450400.5
4.06906 0.0904088 8.01418 151.994 216.081 276.272 0 0 0
A7504  ep = 2450400.5
1.77977 0.0546455 0.270732 113.008 47.6598 87.8562 0 0 0
A7505  ep = 2450400.5
2.19534 0.087036 9.13258 115.35 76.0873 127.492 0 0 0
A7506  ep = 2450400.5
2.25374 0.0126174 3.59968 336.979 216.594 154.846 0 0 0
A7507  ep = 2450400.5
4.0021 0.0581304 5.9812 295.826 261.393 103.749 0 0 0
A7508  ep = 2450400.5
1.99694 0.0176218 4.69696 234.827 246.121 76.9911 0 0 0
A7509  ep = 2450400.5
2.37594 0.0474502 2.96263 196.721 279.242 285.871 0 0 0
A7510  ep = 2450400.5
2.27459 0.059113 2.12268 225.512 162.868 3.68328 0 0 0
A7511  ep = 2450400.5
1.9819 0.0581125 3.976 243.716 80.7653 191.322 0 0 0
A7512  ep = 2450400.5
3.13099 0.0653993 2.65556 8.19246 98.003 309.756 0 0 0
A7513  ep = 2450400.5
3.95599 0.0817074 1.56918 191.583 273.729 26.3268 0 0 0
A7514  ep = 2450400.5
3.49197 0.087214 9.06514 38.8422 143.943 174.297 0 0 0
A7515  ep = 2450400.5
2.34298 0.0734696 5.02913 186.712 61.2996 173.16 0 0 0
A7516  ep = 2450400.5
3.388 0.00493306 2.09967 37.2909 307.737 162.018 0 0 0
A7517  ep = 2450400.5
2.12182 0.0464403 1.22752 8.02474 69.2337 105.382 0 0 0
A7518  ep = 2450400.5
2.30334 0.0367541 9.2604 339.307 56.7389 266.441 0 0 0
A7519  ep = 2450400.5
2.95428 0.0894099 9.1174 154.676 110.236 192.045 0 0 0
A7520  ep = 2450400.5
3.05709 0.099468 0.588004 104.754 262.203 321.946 0 0 0
A7521  ep = 2450400.5
3.45915 0.0156813 4.55046 12.5136 34.5075 245.426 0 0 0
A7522  ep = 2450400.5
1.93221 0.0739182 5.43661 56.2831 344.336 230.484 0 0 0
A7523  ep = 2450400.5
2.84672 0.0369321 1.18235 8.19813 337.162 105.452 0 0 0
A7524  ep = 2450400.5
3.91759 0.0473804 8.21825 23.5294 193.669 131.92 0 0 0
A7525  ep = 2450400.5
3.7701 0.0537576 9.04646 68.6259 312.397 282.839 0 0 0
A7526  ep = 2450400.5
3.08534 0.0216155 9.92349 211.828 240.718 44.2691 0 0 0
A7527  ep = 2450400.5
2.80257 0.0341321 7.58501 74.0333 192.08 278.181 0 0 0
A7528  ep = 2450400.5
2.99271 0.0619435 8.8383 116.446 262.068 282.193 0 0 0
A7529  ep = 2450400.5
2.44711 0.0473633 1.34951 298.91 150.904 6.81008 0 0 0
A7530  ep = 2450400.5
1.61808 0.0180656 4.28792 19.8506 342.084 13.1969 0 0 0
A7531  ep = 2450400.5
3.05199 0.0446424 5.04671 227.172 124.537 83.5228 0 0 0
A7532  ep = 2450400.5
2.7214 0.0990208 3.43415 341.33 59.0222 219.15 0 0 0
A7533  ep = 2450400.5
1.57076 0.0853755 2.06472 0.46872 220.587 237.5 0 0 0
A7534  ep = 2450400.5
1.78171 0.0900818 0.0455517 15.9236 345.865 154.657 0 0 0
A7535  ep = 2450400.5
3.60464 0.0569172 1.07085 284.237 191.877 9.52221 0 0 0
A7536  ep = 2450400.5
2.67065 0.0736732 9.25785 298.656 258.206 108.354 0 0 0
A7537  ep = 2450400.5
3.96214 0.0251291 1.44289 156.847 298.346 293.821 0 0 0
A7538  ep = 2450400.5
2.63933 0.0265698 3.57804 247.413 3.45761 177.846 0 0 0
A7539  ep = 2450400.5
2.25856 0.073586 9.59764 287.367 291.206 291.225 0 0 0
A7540  ep = 2450400.5
3.63318 0.0878835 2.57534 205.743 261.67 315.538 0 0 0
A7541  ep = 2450400.5
1.74527 0.0764241 7.60005 323.906 296.864 226.622 0 0 0
A7542  ep = 2450400.5
2.92182 0.0557987 2.09074 136.546 83.6961 352.636 0 0 0
A7543  ep = 2450400.5
1.64799 0.066889 5.0286 155.564 284.786 31.0509 0 0 0
A7544  ep = 2450400.5
4.06536 0.0287463 3.3931 254.484 155.837 188.671 0 0 0
A7545  ep = 2450400.5
2.63821 0.0182038 0.520781 187.451 178.808 136.834 0 0 0
A7546  ep = 2450400.5
1.88738 0.0169527 7.24618 338.726 279.63 322.866 0 0 0
A7547  ep = 2450400.5
2.51067 0.000524818 0.206156 33.1112 169.217 319.702 0 0 0
A7548  ep = 2450400.5
1.62641 0.01441 5.89143 216.823 24.465 120.484 0 0 0
A7549  ep = 2450400.5
2.41688 0.0441933 6.57612 131.399 275.265 352.831 0 0 0
A7550  ep = 2450400.5
2.68153 0.0970733 6.106 321.457 11.6127 346.648 0 0 0
A7551  ep = 2450400.5
2.09474 0.0535486 1.91453 5.29419 246.955 94.4147 0 0 0
A7552  ep = 2450400.5
3.8046 0.0118804 8.74247 43.4794 97.9509 119.204 0 0 0
A7553  ep = 2450400.5
2.98222 0.0821767 0.430948 105.652 101.11 275.544 0 0 0
A7554  ep = 2450400.5
2.1088 0.00415826 0.879044 322.505 255.439 2.66828 0 0 0
A7555  ep = 2450400.5
3.65543 0.0680669 5.99876 178.98 260.567 78.5553 0 0 0
A7556  ep = 2450400.5
1.80064 0.080184 0.526966 44.8952 0.408085 196.418 0 0 0
A7557  ep = 2450400.5
3.76888 0.0508836 8.01039 85.9651 263.633 137.819 0 0 0
A7558  ep = 2450400.5
3.24869 0.0320455 3.88501 268.01 284.001 74.5294 0 0 0
A7559  ep = 2450400.5
3.40305 0.0968508 6.7157 232.41 11.3896 167.076 0 0 0
A7560  ep = 2450400.5
3.13967 0.0180826 3.14355 330.831 114.465 7.50711 0 0 0
A7561  ep = 2450400.5
1.99994 0.0829631 9.60128 167.836 37.3831 49.6491 0 0 0
A7562  ep = 2450400.5
3.81009 0.0930076 6.78151 214.528 352.084 310.037 0 0 0
A7563  ep = 2450400.5
2.47757 0.0976235 4.58152 108.828 145.686 236.658 0 0 0
A7564  ep = 2450400.5
3.89788 0.0644943 6.54925 87.1726 195.336 206.748 0 0 0
A7565  ep = 2450400.5
1.66173 0.00568429 9.35874 174.019 71.3831 127.277 0 0 0
A7566  ep = 2450400.5
1.78305 0.0830209 8.32384 352.726 158.532 211.329 0 0 0
A7567  ep = 2450400.5
1.50772 0.0657904 2.39104 3.83841 187.099 220.355 0 0 0
A7568  ep = 2450400.5
3.38608 0.0354892 3.66336 336.725 277.014 47.1711 0 0 0
A7569  ep = 2450400.5
1.88545 0.0527753 9.9421 229.02 49.304 125.991 0 0 0
A7570  ep = 2450400.5
3.42088 0.00194979 6.70189 311.049 231.176 232.071 0 0 0
A7571  ep = 2450400.5
1.68914 0.0968432 0.4371 24.4125 263.673 98.3498 0 0 0
A7572  ep = 2450400.5
2.80656 0.00629245 6.57143 91.751 119.814 120.847 0 0 0
A7573  ep = 2450400.5
2.88629 0.0255153 4.35351 61.4702 133.439 270.152 0 0 0
A7574  ep = 2450400.5
3.62473 0.0602058 5.78369 5.82776 274.99 28.3398 0 0 0
A7575  ep = 2450400.5
2.81441 0.0981453 5.28132 48.786 140.928 111.667 0 0 0
A7576  ep = 2450400.5
2.21105 0.0224568 2.32207 92.6259 92.0945 77.7628 0 0 0
A7577  ep = 2450400.5
2.57532 0.045108 9.30768 329.443 143.508 62.3134 0 0 0
A7578  ep = 2450400.5
2.38462 0.0306384 2.39793 199.404 163.62 98.3335 0 0 0
A7579  ep = 2450400.5
2.65892 0.0593114 1.46759 49.2137 304.969 266.269 0 0 0
A7580  ep = 2450400.5
2.10292 0.0471066 1.21238 285.674 18.493 150.8 0 0 0
A7581  ep = 2450400.5
2.83893 0.0139435 6.47587 71.8354 16.2754 308.468 0 0 0
A7582  ep = 2450400.5
3.34875 0.083632 6.02959 84.5937 128.3 348.709 0 0 0
A7583  ep = 2450400.5
1.76089 0.0662642 0.0277425 147.924 207.961 231.743 0 0 0
A7584  ep = 2450400.5
3.13011 0.0433253 0.675857 282.954 263.371 220.557 0 0 0
A7585  ep = 2450400.5
1.6786 0.0580354 7.00254 23.7535 352.359 151.391 0 0 0
A7586  ep = 2450400.5
3.56574 0.0460723 1.37743 16.8854 34.8997 349.035 0 0 0
A7587  ep = 2450400.5
3.11988 0.0988389 8.85383 197.408 134.154 93.6515 0 0 0
A7588  ep = 2450400.5
1.80927 0.0924945 5.55799 191.646 331.192 39.007 0 0 0
A7589  ep = 2450400.5
3.26292 0.0326653 7.05396 310.581 286.333 31.2301 0 0 0
A7590  ep = 2450400.5
3.52685 0.0469392 1.06968 333.097 18.3738 220.911 0 0 0
A7591  ep = 2450400.5
3.12052 0.0922026 3.49305 144.605 300.885 54.6988 0 0 0
A7592  ep = 2450400.5
3.50522 0.0129716 2.13429 87.9944 214.011 273.714 0 0 0
A7593  ep = 2450400.5
3.81406 0.0122114 8.3673 317.278 175.036 85.2743 0 0 0
A7594  ep = 2450400.5
1.88458 0.0691191 2.84593 223.901 125.148 303.899 0 0 0
A7595  ep = 2450400.5
2.45653 0.0614772 6.4788 12.1032 182.557 272.11 0 0 0
A7596  ep = 2450400.5
2.20687 0.0839777 9.13187 294.012 254.387 20.8003 0 0 0
A7597  ep = 2450400.5
3.15222 0.0435988 1.65593 196.334 333.546 299.618 0 0 0
A7598  ep = 2450400.5
2.31067 0.00917004 5.20831 246.21 104.988 175.294 0 0 0
A7599  ep = 2450400.5
1.59083 0.00713339 2.90921 111.251 37.1218 209.851 0 0 0
A7600  ep = 2450400.5
2.23546 0.0768908 3.03397 342.299 170.458 193.052 0 0 0
A7601  ep = 2450400.5
1.91162 0.0633316 6.13831 120.941 114.909 325.786 0 0 0
A7602  ep = 2450400.5
3.51499 0.0339503 1.02202 157.021 160.759 323.839 0 0 0
A7603  ep = 2450400.5
3.21938 0.0151567 4.38125 271.86 34.9516 138.775 0 0 0
A7604  ep = 2450400.5
1.58483 0.0724888 6.19046 3.64038 24.0559 327.335 0 0 0
A7605  ep = 2450400.5
1.62531 0.097199 5.24015 11.6906 84.0069 142.847 0 0 0
A7606  ep = 2450400.5
2.48525 0.0724992 5.93909 295.026 33.1742 125.42 0 0 0
A7607  ep = 2450400.5
2.46267 0.00741597 4.40133 72.0681 209.862 240.838 0 0 0
A7608  ep = 2450400.5
1.97857 0.079505 9.40232 89.7058 90.324 129.625 0 0 0
A7609  ep = 2450400.5
2.39679 0.0326182 9.14377 191.726 254.158 196.766 0 0 0
A7610  ep = 2450400.5
2.85651 0.00846521 6.74826 241.719 207.091 114.277 0 0 0
A7611  ep = 2450400.5
4.00264 0.0873916 0.910345 198.268 101.05 24.9888 0 0 0
A7612  ep = 2450400.5
3.12574 0.0693029 8.73304 74.5517 129.492 192.547 0 0 0
A7613  ep = 2450400.5
1.61121 0.0437677 7.04548 344.459 110.677 223.341 0 0 0
A7614  ep = 2450400.5
2.90039 0.0970779 6.87443 27.5661 198.364 198.723 0 0 0
A7615  ep = 2450400.5
2.68696 0.0853975 7.75687 302.569 132.261 230.127 0 0 0
A7616  ep = 2450400.5
2.61624 0.0690388 6.35499 147.559 184.639 41.3302 0 0 0
A7617  ep = 2450400.5
2.89808 0.0403637 0.924955 171.391 40.9577 220.131 0 0 0
A7618  ep = 2450400.5
3.77366 0.051386 7.44994 18.1472 93.4289 344.311 0 0 0
A7619  ep = 2450400.5
2.03215 0.0781884 9.12412 123.1 206.589 56.6204 0 0 0
A7620  ep = 2450400.5
3.62305 0.0413963 8.48083 234.805 111.137 73.3783 0 0 0
A7621  ep = 2450400.5
2.54073 0.0747975 5.21937 12.7435 223.332 306.541 0 0 0
A7622  ep = 2450400.5
3.76902 0.0787281 0.831704 242.006 54.2072 193.487 0 0 0
A7623  ep = 2450400.5
3.78365 0.0620579 3.06898 33.3971 89.0765 211.577 0 0 0
A7624  ep = 2450400.5
3.56488 0.0329344 8.27765 118.729 138.685 185.617 0 0 0
A7625  ep = 2450400.5
2.21663 0.0902905 3.12921 57.6816 172.199 347.91 0 0 0
A7626  ep = 2450400.5
3.5679 0.0507039 1.81274 29.3653 236.418 30.5664 0 0 0
A7627  ep = 2450400.5
1.71089 0.0113066 1.30362 258.285 113.82 324.471 0 0 0
A7628  ep = 2450400.5
3.03854 0.0483273 0.377047 131.617 100.549 348.773 0 0 0
A7629  ep = 2450400.5
3.64159 0.0689876 1.7381 60.8097 52.1816 53.8784 0 0 0
A7630  ep = 2450400.5
3.80018 0.0931806 2.86339 289.255 91.337 301.374 0 0 0
A7631  ep = 2450400.5
2.42011 0.0804317 2.15873 333.225 97.7044 7.63137 0 0 0
A7632  ep = 2450400.5
2.72872 0.0540432 0.0387745 134.69 230.357 293.542 0 0 0
A7633  ep = 2450400.5
3.95446 0.0810593 0.641138 283.504 45.1649 126.548 0 0 0
A7634  ep = 2450400.5
3.09253 0.0893968 8.92598 119.408 280.746 204.317 0 0 0
A7635  ep = 2450400.5
3.66698 0.0495473 8.40674 232.391 342.501 34.4155 0 0 0
A7636  ep = 2450400.5
2.75704 0.0317301 4.87821 169.526 11.5481 328.589 0 0 0
A7637  ep = 2450400.5
2.45797 0.0456989 4.61781 159.829 106.554 112.446 0 0 0
A7638  ep = 2450400.5
1.95867 0.0363006 2.04389 181.792 250.422 149.927 0 0 0
A7639  ep = 2450400.5
2.17397 0.0291617 2.21483 316.736 21.1014 287.828 0 0 0
A7640  ep = 2450400.5
1.87335 0.0756538 7.13581 85.1076 21.9202 142.993 0 0 0
A7641  ep = 2450400.5
2.09954 0.066477 6.79176 28.9644 213.816 295.679 0 0 0
A7642  ep = 2450400.5
3.68852 0.0973721 5.3218 222.505 264.81 11.8198 0 0 0
A7643  ep = 2450400.5
2.83714 0.0966084 5.97607 160.286 346.763 239.525 0 0 0
A7644  ep = 2450400.5
3.89125 0.0194594 0.539066 143.061 284.128 162.122 0 0 0
A7645  ep = 2450400.5
2.24734 0.0346296 3.19265 77.3921 28.8503 237.019 0 0 0
A7646  ep = 2450400.5
1.59837 0.0733435 7.83732 12.1791 256.476 94.3357 0 0 0
A7647  ep = 2450400.5
2.90676 0.0555186 3.0076 134.64 329.241 124.012 0 0 0
A7648  ep = 2450400.5
2.28374 0.074379 3.87206 262.061 300.552 129.055 0 0 0
A7649  ep = 2450400.5
2.70445 0.0747265 9.29079 29.6249 296.549 30.348 0 0 0
A7650  ep = 2450400.5
3.11418 0.0945369 0.809967 339.82 81.0684 321.273 0 0 0
A7651  ep = 2450400.5
1.70243 0.00937858 2.25817 184.264 10.8329 328.409 0 0 0
A7652  ep = 2450400.5
3.35221 0.0047231 9.8112 87.0972 222.418 262.654 0 0 0
A7653  ep = 2450400.5
3.66067 0.0496351 3.17871 22.9677 355.884 115.294 0 0 0
A7654  ep = 2450400.5
3.77189 0.0578169 5.29062 46.0637 355.335 35.5521 0 0 0
A7655  ep = 2450400.5
3.66454 0.0299136 0.57875 9.0639 103.762 24.3912 0 0 0
A7656  ep = 2450400.5
3.23602 0.0808628 9.6038 66.3361 356.284 152.768 0 0 0
A7657  ep = 2450400.5
3.68472 0.0943289 0.866395 129.641 189.736 273.072 0 0 0
A7658  ep = 2450400.5
2.46553 0.0459603 9.54992 13.9421 7.395 306.154 0 0 0
A7659  ep = 2450400.5
1.72118 0.0215676 2.85837 197.01 201.884 1.50984 0 0 0
A7660  ep = 2450400.5
2.78058 0.0149455 0.8971 303.266 51.853 302.154 0 0 0
A7661  ep = 2450400.5
2.66589 0.0218711 3.87398 6.38787 263.696 319.359 0 0 0
A7662  ep = 2450400.5
2.13409 0.00624193 0.0816133 243.01 14.3655 73.2114 0 0 0
A7663  ep = 2450400.5
3.17642 0.0533253 6.38301 129.104 335.48 346.97 0 0 0
A7664  ep = 2450400.5
3.57133 0.00155993 5.1768 242.585 44.9288 101.126 0 0 0
A7665  ep = 2450400.5
3.98655 0.0454165 3.15452 207.662 340.529 286.772 0 0 0
A7666  ep = 2450400.5
2.80939 0.0974998 3.79532 23.0518 175.59 95.015 0 0 0
A7667  ep = 2450400.5
3.15191 0.0827235 2.33901 60.8586 47.8946 75.5848 0 0 0
A7668  ep = 2450400.5
1.65306 0.00226384 5.48323 55.8102 276.203 164.798 0 0 0
A7669  ep = 2450400.5
4.02418 0.0656308 1.56826 134.099 331.175 73.5413 0 0 0
A7670  ep = 2450400.5
2.00651 0.0762852 6.25169 87.0815 108.561 345.701 0 0 0
A7671  ep = 2450400.5
4.03007 0.0111224 2.34445 202.776 37.2875 206.683 0 0 0
A7672  ep = 2450400.5
1.75674 0.00314129 1.95632 223.479 147.666 250.394 0 0 0
A7673  ep = 2450400.5
3.84618 0.0186665 0.286435 301.973 140.007 6.26465 0 0 0
A7674  ep = 2450400.5
2.23967 0.0406223 7.38661 141.801 19.5618 256.846 0 0 0
A7675  ep = 2450400.5
3.69575 0.0992904 6.74095 154.251 44.8302 32.1043 0 0 0
A7676  ep = 2450400.5
3.68315 0.0308487 9.74488 56.4806 140.776 143.215 0 0 0
A7677  ep = 2450400.5
3.13663 0.0905763 0.154393 81.2884 10.7807 201.2 0 0 0
A7678  ep = 2450400.5
2.8102 0.0278232 6.24425 108.606 235.177 30.7382 0 0 0
A7679  ep = 2450400.5
3.11111 0.0304668 5.55978 172.738 155.804 149.06 0 0 0
A7680  ep = 2450400.5
2.66188 0.03811 8.14594 86.906 274.419 302.439 0 0 0
A7681  ep = 2450400.5
2.70076 0.0845236 5.87946 234.532 310.779 37.1908 0 0 0
A7682  ep = 2450400.5
3.40227 0.0270153 2.45572 321.037 272.349 267.531 0 0 0
A7683  ep = 2450400.5
2.16131 0.0404949 4.98027 271.126 308.589 6.52877 0 0 0
A7684  ep = 2450400.5
1.54119 0.0674502 0.354027 147.609 268.518 142.95 0 0 0
A7685  ep = 2450400.5
2.65241 0.0427829 9.5141 266.76 53.2049 239.597 0 0 0
A7686  ep = 2450400.5
1.78554 0.038222 0.972944 133.491 271.826 254.31 0 0 0
A7687  ep = 2450400.5
4.07382 0.0643703 7.71699 216.148 137.84 291.153 0 0 0
A7688  ep = 2450400.5
2.09219 0.030947 5.26248 287.802 159.76 286.207 0 0 0
A7689  ep = 2450400.5
2.65217 0.0743427 6.78481 220.064 357.12 307.364 0 0 0
A7690  ep = 2450400.5
3.79085 0.0816921 3.98901 94.8868 151.625 342.799 0 0 0
A7691  ep = 2450400.5
3.09078 0.00577399 5.43385 14.2125 245.972 195.382 0 0 0
A7692  ep = 2450400.5
3.99464 0.0567203 7.97645 277.95 129.59 260.74 0 0 0
A7693  ep = 2450400.5
1.78187 0.0763738 8.15116 149.98 296.787 309.03 0 0 0
A7694  ep = 2450400.5
1.60057 0.0341752 4.82102 7.5348 107.62 103.128 0 0 0
A7695  ep = 2450400.5
1.71206 0.0368215 6.59459 169.713 257.916 104.689 0 0 0
A7696  ep = 2450400.5
2.40569 0.052023 3.50451 248.179 91.7048 144.597 0 0 0
A7697  ep = 2450400.5
3.31968 0.0670584 4.50707 302.876 269.218 87.2947 0 0 0
A7698  ep = 2450400.5
3.8945 0.00934111 7.96105 227.955 139.715 166.169 0 0 0
A7699  ep = 2450400.5
3.42619 0.0125176 2.83999 271.273 264.053 101.671 0 0 0
A7700  ep = 2450400.5
2.50138 0.0108273 3.74066 250.553 26.4227 63.3058 0 0 0
A7701  ep = 2450400.5
3.88559 0.055054 3.9175 310.744 194.644 14.2996 0 0 0
A7702  ep = 2450400.5
3.04497 0.00482397 9.76472 289.369 20.9388 21.8901 0 0 0
A7703  ep = 2450400.5
1.95296 0.0391185 8.64526 96.7253 327.216 69.5685 0 0 0
A7704  ep = 2450400.5
2.83479 0.06659 1.77795 321.806 320.176 40.3892 0 0 0
A7705  ep = 2450400.5
2.82185 0.0251055 5.48421 299.852 193.751 325.042 0 0 0
A7706  ep = 2450400.5
1.68641 0.0929376 8.02464 190.39 124.214 9.00316 0 0 0
A7707  ep = 2450400.5
1.58587 0.0169903 7.55499 94.1541 157.169 200.343 0 0 0
A7708  ep = 2450400.5
2.00132 0.0846888 0.646163 188.318 119.694 109.962 0 0 0
A7709  ep = 2450400.5
2.39741 0.0402206 5.88252 348.464 170.725 62.1048 0 0 0
A7710  ep = 2450400.5
2.28047 0.0828661 8.30661 102.687 304.807 321.77 0 0 0
A7711  ep = 2450400.5
3.42791 0.0551198 3.98712 3.66766 74.1575 103.252 0 0 0
A7712  ep = 2450400.5
3.76687 0.0264746 4.59242 98.8517 332.261 153.618 0 0 0
A7713  ep = 2450400.5
2.25356 0.0703516 6.99753 8.65628 188.552 111.418 0 0 0
A7714  ep = 2450400.5
1.99282 0.052214 1.61132 83.1412 234.159 317.913 0 0 0
A7715  ep = 2450400.5
2.42272 0.0374756 1.51826 285.122 260.465 240.249 0 0 0
A7716  ep = 2450400.5
2.53458 0.016783 6.71149 315.901 96.3309 131.7 0 0 0
A7717  ep = 2450400.5
3.20821 0.0944214 7.39748 220.157 256.877 242.043 0 0 0
A7718  ep = 2450400.5
3.29387 0.045829 3.48597 121.774 210.122 202.866 0 0 0
A7719  ep = 2450400.5
2.88737 0.0961871 1.16287 187.93 85.4146 155.567 0 0 0
A7720  ep = 2450400.5
1.67024 0.00429095 5.18035 268.671 181.477 327.726 0 0 0
A7721  ep = 2450400.5
3.30199 0.0399924 8.52026 14.0357 129.606 221.015 0 0 0
A7722  ep = 2450400.5
3.9675 0.000569281 0.679117 12.3194 313.817 201.971 0 0 0
A7723  ep = 2450400.5
3.72375 0.0801779 9.4978 108.795 111.516 286.051 0 0 0
A7724  ep = 2450400.5
2.79195 0.00837785 7.0646 40.637 40.9214 287.203 0 0 0
A7725  ep = 2450400.5
4.03053 0.0713175 7.34023 80.8344 147.201 356.821 0 0 0
A7726  ep = 2450400.5
3.19024 0.0839098 7.7132 331.847 81.9872 188.705 0 0 0
A7727  ep = 2450400.5
2.6961 0.0904931 4.16909 76.6247 342.964 120.964 0 0 0
A7728  ep = 2450400.5
1.92334 0.0245892 5.71505 115.434 203.927 144.202 0 0 0
A7729  ep = 2450400.5
2.67307 0.0601724 2.17329 59.3521 240.001 103.983 0 0 0
A7730  ep = 2450400.5
4.07222 0.00656857 2.98026 330.457 200.577 16.1531 0 0 0
A7731  ep = 2450400.5
2.75151 0.00247584 3.11485 303.275 266.235 217.88 0 0 0
A7732  ep = 2450400.5
2.9253 0.0492131 1.24743 123.794 151.675 259.574 0 0 0
A7733  ep = 2450400.5
4.00601 0.0530642 5.4971 231.085 78.0968 15.0129 0 0 0
A7734  ep = 2450400.5
2.84589 0.0914924 6.1212 152.072 92.4735 71.7961 0 0 0
A7735  ep = 2450400.5
1.8348 0.0775296 8.39368 95.8711 145.263 148.513 0 0 0
A7736  ep = 2450400.5
1.86969 0.0499935 0.409885 320.124 33.1834 201.273 0 0 0
A7737  ep = 2450400.5
4.00187 0.0954382 8.29208 90.5372 192.884 142.239 0 0 0
A7738  ep = 2450400.5
1.71184 0.0645827 2.41586 191.529 336.94 200.49 0 0 0
A7739  ep = 2450400.5
3.57865 0.0994501 4.57523 74.9744 134.39 62.027 0 0 0
A7740  ep = 2450400.5
3.94913 0.0265079 4.1792 55.9105 210.359 304.994 0 0 0
A7741  ep = 2450400.5
1.87919 0.0210014 9.69999 14.6462 17.2673 145.699 0 0 0
A7742  ep = 2450400.5
2.72249 0.00419044 0.287034 328.761 107.469 319.31 0 0 0
A7743  ep = 2450400.5
3.08221 0.0897791 6.17025 298.282 345.971 185.176 0 0 0
A7744  ep = 2450400.5
1.99779 0.0697951 6.46364 60.2669 340.3 80.4704 0 0 0
A7745  ep = 2450400.5
2.7725 0.0406805 3.17994 351.631 16.5252 6.95042 0 0 0
A7746  ep = 2450400.5
2.68739 0.0903064 7.80433 189.381 319.835 75.1835 0 0 0
A7747  ep = 2450400.5
3.19308 0.0968644 5.00346 34.4238 344.712 325.876 0 0 0
A7748  ep = 2450400.5
1.98925 0.0207105 0.820938 92.7432 50.247 28.7947 0 0 0
A7749  ep = 2450400.5
3.89129 0.0278585 7.17501 328.03 16.4606 11.8191 0 0 0
A7750  ep = 2450400.5
3.49448 0.0970086 2.24109 122.903 259.692 164.242 0 0 0
A7751  ep = 2450400.5
2.07742 0.0865518 3.76919 291.84 132.454 264.887 0 0 0
A7752  ep = 2450400.5
1.74018 0.0901966 3.3501 313.278 206.131 78.0484 0 0 0
A7753  ep = 2450400.5
2.15716 0.0944015 3.05244 202.908 39.9627 31.8914 0 0 0
A7754  ep = 2450400.5
3.93424 0.0369359 4.81205 309.447 226.081 160.615 0 0 0
A7755  ep = 2450400.5
2.42711 0.0667456 0.940129 302.167 6.81677 28.3084 0 0 0
A7756  ep = 2450400.5
2.82969 0.058324 8.51817 263.368 223.8 288.731 0 0 0
A7757  ep = 2450400.5
3.58904 0.0921573 1.8708 338.226 35.7497 165.053 0 0 0
A7758  ep = 2450400.5
2.81605 0.0598448 6.11802 249.731 184.052 79.5846 0 0 0
A7759  ep = 2450400.5
3.7204 0.00335558 8.9727 304.013 133.6 314.283 0 0 0
A7760  ep = 2450400.5
3.31721 0.0751622 7.5133 181.302 202.628 289.756 0 0 0
A7761  ep = 2450400.5
3.33724 0.0294098 9.90174 343.061 349.276 5.51831 0 0 0
A7762  ep = 2450400.5
3.12085 0.0683723 8.33973 254.383 192.579 298.144 0 0 0
A7763  ep = 2450400.5
2.52121 0.066197 3.726 100.503 57.1041 318.494 0 0 0
A7764  ep = 2450400.5
3.36229 0.0423233 8.26961 156.752 343.51 272.914 0 0 0
A7765  ep = 2450400.5
3.93237 0.0939407 0.607608 344.16 276.959 101.913 0 0 0
A7766  ep = 2450400.5
1.64982 0.0962548 6.55225 286.62 247.199 258.622 0 0 0
A7767  ep = 2450400.5
2.1992 0.0509193 8.01114 227.012 322.921 64.5726 0 0 0
A7768  ep = 2450400.5
2.78584 0.0552368 6.657 198.679 148.998 84.686 0 0 0
A7769  ep = 2450400.5
3.64412 0.00186934 2.18042 180.09 123.343 228.982 0 0 0
A7770  ep = 2450400.5
3.07692 0.0436396 3.50068 238.859 141.453 203.663 0 0 0
A7771  ep = 2450400.5
2.28608 0.0640093 2.04686 158.112 354.757 262.63 0 0 0
A7772  ep = 2450400.5
3.56871 0.0855444 4.44543 314.759 6.69113 277.062 0 0 0
A7773  ep = 2450400.5
2.7999 0.0405696 7.52596 108.968 268.536 215.143 0 0 0
A7774  ep = 2450400.5
2.3211 0.00349373 1.19049 312.318 84.2143 125.312 0 0 0
A7775  ep = 2450400.5
2.82772 0.0849724 0.316837 251.271 246.519 294.272 0 0 0
A7776  ep = 2450400.5
3.18749 0.00903136 5.9002 289.22 35.2402 82.3703 0 0 0
A7777  ep = 2450400.5
3.99978 0.0359257 2.04074 100.32 308.491 132.498 0 0 0
A7778  ep = 2450400.5
4.02579 0.0615591 6.24505 183.374 146.219 220.567 0 0 0
A7779  ep = 2450400.5
2.50349 0.0647044 4.86827 132.25 183.579 301.774 0 0 0
A7780  ep = 2450400.5
4.05269 0.0804536 4.83451 346.599 238.829 164.841 0 0 0
A7781  ep = 2450400.5
2.04366 0.00224312 6.00057 60.9979 234.11 80.4139 0 0 0
A7782  ep = 2450400.5
1.91654 0.00668458 8.47685 254.855 66.8857 145.925 0 0 0
A7783  ep = 2450400.5
3.87924 0.0773579 1.53538 43.2769 197.104 56.1472 0 0 0
A7784  ep = 2450400.5
3.15357 0.0114168 8.82738 201.185 306.628 256.55 0 0 0
A7785  ep = 2450400.5
1.54036 0.00500548 6.27119 219.154 7.14844 12.523 0 0 0
A7786  ep = 2450400.5
1.8164 0.0594303 8.45286 205.364 331.796 63.5546 0 0 0
A7787  ep = 2450400.5
3.62152 0.00904119 4.55331 237.443 188.934 292.275 0 0 0
A7788  ep = 2450400.5
3.02451 0.0818571 5.72509 157.745 175.355 70.5315 0 0 0
A7789  ep = 2450400.5
1.80821 0.00653468 2.28306 246.319 329.199 7.07177 0 0 0
A7790  ep = 2450400.5
2.07095 0.0898586 9.54165 357.509 166.993 225.185 0 0 0
A7791  ep = 2450400.5
3.86769 0.03364 4.86777 20.1364 267.707 143.563 0 0 0
A7792  ep = 2450400.5
2.28835 0.00258992 1.2882 323.417 121.724 87.6624 0 0 0
A7793  ep = 2450400.5
2.43217 0.0221649 7.25238 352.933 288.397 310.899 0 0 0
A7794  ep = 2450400.5
2.79317 0.0792291 8.03584 234.58 226.365 140.877 0 0 0
A7795  ep = 2450400.5
2.22926 0.0756922 2.58546 111.409 31.1385 29.0852 0 0 0
A7796  ep = 2450400.5
2.14885 0.00935784 7.77298 51.3915 209.656 183.83 0 0 0
A7797  ep = 2450400.5
3.83184 0.0586598 6.94831 125.687 288.036 42.5519 0 0 0
A7798  ep = 2450400.5
1.9336 0.084381 2.92283 120.062 161.806 83.9619 0 0 0
A7799  ep = 2450400.5
1.59386 0.00419271 3.66899 312.323 233.641 194.275 0 0 0
A7800  ep = 2450400.5
1.5176 0.0330542 1.42753 201.77 161.673 132.345 0 0 0
A7801  ep = 2450400.5
2.25324 0.072064 6.79256 294.521 253.732 351.768 0 0 0
A7802  ep = 2450400.5
2.52841 0.0147101 4.32311 98.4879 205.514 95.3346 0 0 0
A7803  ep = 2450400.5
3.46556 0.0264896 2.10511 244.718 326.847 92.5269 0 0 0
A7804  ep = 2450400.5
1.76113 0.0963005 4.22087 25.2052 41.4472 65.9594 0 0 0
A7805  ep = 2450400.5
2.02738 0.0335307 9.50739 340.252 116.947 335.587 0 0 0
A7806  ep = 2450400.5
2.22064 0.0238672 6.3615 26.8331 314.056 204.18 0 0 0
A7807  ep = 2450400.5
1.81499 0.00530661 4.88185 69.0017 195.518 96.19 0 0 0
A7808  ep = 2450400.5
4.01528 0.0342774 6.99545 193.278 102.561 307.292 0 0 0
A7809  ep = 2450400.5
3.80322 0.0215623 6.98336 347.824 97.4409 51.8277 0 0 0
A7810  ep = 2450400.5
3.08381 0.0850188 4.10787 88.0348 89.312 84.4816 0 0 0
A7811  ep = 2450400.5
2.28002 0.0241259 7.83719 134.799 230.445 126.293 0 0 0
A7812  ep = 2450400.5
3.24822 0.00957435 6.16033 239.617 142.758 121.634 0 0 0
A7813  ep = 2450400.5
3.9525 0.0150027 7.51121 154.734 26.4467 67.9369 0 0 0
A7814  ep = 2450400.5
3.35323 0.0758251 0.930835 203.633 6.65591 100.004 0 0 0
A7815  ep = 2450400.5
3.80971 0.0831601 1.71411 204.573 207.336 208.221 0 0 0
A7816  ep = 2450400.5
1.71102 0.0141794 4.13142 227.777 327.582 308.54 0 0 0
A7817  ep = 2450400.5
2.62169 0.0125448 4.40236 112.885 26.6489 251.235 0 0 0
A7818  ep = 2450400.5
2.66727 0.0045055 7.24008 31.5028 84.409 353.195 0 0 0
A7819  ep = 2450400.5
2.08496 0.0979315 9.34406 230.667 351.737 275.352 0 0 0
A7820  ep = 2450400.5
3.43284 0.0310062 8.21214 342.093 306.216 288.98 0 0 0
A7821  ep = 2450400.5
3.72991 0.0783926 3.44642 15.0607 229.261 60.2794 0 0 0
A7822  ep = 2450400.5
2.20242 0.0711816 4.4985 226.365 142.052 65.2861 0 0 0
A7823  ep = 2450400.5
2.87202 0.00158188 1.86633 68.0685 11.191 302.087 0 0 0
A7824  ep = 2450400.5
2.53754 0.00911992 4.78473 16.9125 229.881 138.844 0 0 0
A7825  ep = 2450400.5
2.30101 0.00379661 9.09585 280.239 109.467 116.491 0 0 0
A7826  ep = 2450400.5
2.61206 0.0752425 3.00233 27.0321 178.674 32.8923 0 0 0
A7827  ep = 2450400.5
1.82667 0.0314228 3.2374 81.3723 178.158 348.627 0 0 0
A7828  ep = 2450400.5
2.19037 0.0864067 3.37583 8.32652 100.471 297.427 0 0 0
A7829  ep = 2450400.5
3.10731 0.0173519 1.33628 230.564 130.211 311.135 0 0 0
A7830  ep = 2450400.5
2.12207 0.0706207 5.22781 70.024 256.494 57.417 0 0 0
A7831  ep = 2450400.5
1.65017 0.0864403 7.01944 266.836 280.992 183.394 0 0 0
A7832  ep = 2450400.5
3.94653 0.0201906 5.43264 156.388 354.206 2.25542 0 0 0
A7833  ep = 2450400.5
3.73929 0.0101582 0.294467 70.9922 307.666 142.796 0 0 0
A7834  ep = 2450400.5
1.76931 0.0800984 2.13368 240.282 182.968 89.7932 0 0 0
A7835  ep = 2450400.5
2.08397 0.0533114 1.05231 60.0833 112.864 157.036 0 0 0
A7836  ep = 2450400.5
3.89348 0.0269149 9.5864 105.568 158.338 231.401 0 0 0
A7837  ep = 2450400.5
3.5356 0.016698 8.42566 310.504 308.318 75.0454 0 0 0
A7838  ep = 2450400.5
2.05369 0.0608571 8.25272 24.3684 285.557 158.031 0 0 0
A7839  ep = 2450400.5
2.94664 0.0623001 0.77583 110.29 45.9408 305.058 0 0 0
A7840  ep = 2450400.5
3.24067 0.0825373 3.04695 250.677 42.108 79.7544 0 0 0
A7841  ep = 2450400.5
1.93663 0.0665661 2.77003 308.298 62.943 311.653 0 0 0
A7842  ep = 2450400.5
2.41524 0.0303164 4.28241 137.336 351.164 248.77 0 0 0
A7843  ep = 2450400.5
1.50921 0.0876285 7.72993 332.941 90.6253 270.069 0 0 0
A7844  ep = 2450400.5
1.64729 0.0942035 7.78766 30.094 179.333 75.948 0 0 0
A7845  ep = 2450400.5
3.49358 0.0464806 7.99328 190.98 316.453 230.653 0 0 0
A7846  ep = 2450400.5
1.7234 0.0329793 7.83309 321.262 261.119 184.69 0 0 0
A7847  ep = 2450400.5
2.41878 0.0288979 9.86472 241.009 34.7605 306.608 0 0 0
A7848  ep = 2450400.5
2.92768 0.0208416 6.85115 72.4965 16.7606 196.274 0 0 0
A7849  ep = 2450400.5
3.72389 0.0825097 7.39932 158.746 15.0134 338.638 0 0 0
A7850  ep = 2450400.5
2.52109 0.0641459 7.99339 223.892 227.191 94.1391 0 0 0
A7851  ep = 2450400.5
2.13534 0.024621 9.05151 272.457 342.464 56.8563 0 0 0
A7852  ep = 2450400.5
4.00317 0.0794273 1.34308 200.553 123.256 338.038 0 0 0
A7853  ep = 2450400.5
2.85292 0.0160245 3.23805 308.429 182.39 79.8106 0 0 0
A7854  ep = 2450400.5
3.4717 0.0173206 9.07831 104.751 115.263 214.245 0 0 0
A7855  ep = 2450400.5
3.91966 0.0809401 3.6025 59.6373 246.93 201.512 0 0 0
A7856  ep = 2450400.5
3.57502 0.0174763 9.24693 220.976 157.371 323.881 0 0 0
A7857  ep = 2450400.5
1.64274 0.0537257 5.68416 240.595 130.662 28.8441 0 0 0
A7858  ep = 2450400.5
1.71851 0.0699747 4.64084 228.47 195.393 191.795 0 0 0
A7859  ep = 2450400.5
3.77425 0.0557291 7.39313 137.851 146.94 47.8234 0 0 0
A7860  ep = 2450400.5
2.38868 0.0740288 8.02283 150.67 213.159 74.0261 0 0 0
A7861  ep = 2450400.5
1.91663 0.0633888 2.75465 104.756 255.341 89.9762 0 0 0
A7862  ep = 2450400.5
3.80181 0.0177135 6.11255 24.1193 194.683 54.6775 0 0 0
A7863  ep = 2450400.5
2.94504 0.0650971 5.87209 0.579593 275.133 268.344 0 0 0
A7864  ep = 2450400.5
1.89247 0.0342733 9.31309 303.316 315.184 117.613 0 0 0
A7865  ep = 2450400.5
3.98748 0.0819993 5.62813 85.5851 273.47 134.646 0 0 0
A7866  ep = 2450400.5
3.30965 0.0197715 2.00131 204.282 114.169 144.746 0 0 0
A7867  ep = 2450400.5
1.50875 0.038244 9.67616 311.017 188.833 339.458 0 0 0
A7868  ep = 2450400.5
1.98414 0.0135324 0.396463 312.237 77.9182 110.398 0 0 0
A7869  ep = 2450400.5
3.96142 0.00232694 1.08918 69.8962 40.9216 43.5916 0 0 0
A7870  ep = 2450400.5
3.62433 0.0797631 7.78136 243.702 199.57 237.784 0 0 0
A7871  ep = 2450400.5
1.66574 0.0924643 6.48311 305.22 302.334 291.725 0 0 0
A7872  ep = 2450400.5
1.76543 0.0860306 7.16499 298.357 331.496 219.575 0 0 0
A7873  ep = 2450400.5
1.51752 0.0436654 2.84951 198.534 113.027 168.663 0 0 0
A7874  ep = 2450400.5
1.84413 0.093848 4.02583 224.589 31.0848 72.2345 0 0 0
A7875  ep = 2450400.5
1.66906 0.0708181 0.39166 181.797 293.024 92.626 0 0 0
A7876  ep = 2450400.5
2.24451 0.00589781 1.24572 62.1297 221.077 345.378 0 0 0
A7877  ep = 2450400.5
3.37614 0.0478595 4.74919 347.324 48.9823 62.5782 0 0 0
A7878  ep = 2450400.5
3.24217 0.0179809 2.05421 251.03 276.769 199.812 0 0 0
A7879  ep = 2450400.5
1.58712 0.0969439 8.35819 32.211 314.939 107.68 0 0 0
A7880  ep = 2450400.5
2.07306 0.0948084 9.45224 342.763 204.944 304.795 0 0 0
A7881  ep = 2450400.5
3.88118 0.0752412 1.78294 290.904 40.143 186.138 0 0 0
A7882  ep = 2450400.5
3.98399 0.0431978 3.24694 85.602 344.832 262.469 0 0 0
A7883  ep = 2450400.5
3.87675 0.0682402 9.13312 58.0409 276.025 35.3261 0 0 0
A7884  ep = 2450400.5
3.78562 0.0415781 1.03714 61.2853 309.008 227.591 0 0 0
A7885  ep = 2450400.5
1.59598 0.0348226 8.64238 270.201 86.5011 245.595 0 0 0
A7886  ep = 2450400.5
1.57535 0.0694249 9.2395 183.727 352.888 67.6738 0 0 0
A7887  ep = 2450400.5
3.07137 0.0993564 2.83817 116.438 72.8809 231.936 0 0 0
A7888  ep = 2450400.5
2.70516 0.069175 4.24589 128.496 333.164 304.447 0 0 0
A7889  ep = 2450400.5
3.23562 0.0770469 5.26488 323.386 59.8603 90.1169 0 0 0
A7890  ep = 2450400.5
2.94519 0.0134003 9.18547 188.756 142.014 67.2358 0 0 0
A7891  ep = 2450400.5
1.81985 0.00159176 1.52716 240.318 204.194 170.378 0 0 0
A7892  ep = 2450400.5
3.42636 0.0129906 4.32721 135.298 111.061 121.506 0 0 0
A7893  ep = 2450400.5
4.09893 0.0329971 2.82403 11.9034 99.5122 88.3547 0 0 0
A7894  ep = 2450400.5
2.80497 0.00894297 9.04575 57.5626 18.4909 326.642 0 0 0
A7895  ep = 2450400.5
2.74221 0.00326797 1.24714 203.42 155.994 80.3324 0 0 0
A7896  ep = 2450400.5
4.08019 0.0598487 1.76398 152.372 232.528 310.459 0 0 0
A7897  ep = 2450400.5
2.49402 0.0447872 3.39082 136.416 338.348 11.9776 0 0 0
A7898  ep = 2450400.5
3.78979 0.0258151 8.74377 65.7161 331.551 302.996 0 0 0
A7899  ep = 2450400.5
1.54852 0.0989656 8.15655 18.8682 18.2887 179.098 0 0 0
A7900  ep = 2450400.5
2.88576 0.0982196 6.77237 230.992 259.094 144.816 0 0 0
A7901  ep = 2450400.5
2.86069 0.0210284 3.24022 230.406 256.197 344.222 0 0 0
A7902  ep = 2450400.5
3.2671 0.0792273 0.733294 158.145 250.182 195.274 0 0 0
A7903  ep = 2450400.5
1.83746 0.0982062 5.52084 2.6752 196.952 287.785 0 0 0
A7904  ep = 2450400.5
2.1126 0.0136455 1.39695 145.569 288.644 1.05934 0 0 0
A7905  ep = 2450400.5
2.16929 0.09589 9.2253 309.407 336.625 17.8786 0 0 0
A7906  ep = 2450400.5
3.00015 0.0623609 8.00401 335.063 264.517 338.055 0 0 0
A7907  ep = 2450400.5
2.70492 0.0936307 3.51916 279.405 232.414 116.188 0 0 0
A7908  ep = 2450400.5
1.9954 0.0272078 0.806754 302.663 257.805 62.8744 0 0 0
A7909  ep = 2450400.5
1.7087 0.0291449 1.37936 106.194 133.13 18.7051 0 0 0
A7910  ep = 2450400.5
3.8234 0.010437 5.14246 329.736 27.1293 312.964 0 0 0
A7911  ep = 2450400.5
3.31404 0.0416217 3.36036 231.497 7.17271 218.756 0 0 0
A7912  ep = 2450400.5
3.71518 0.0460657 9.2553 132.706 296.799 203.872 0 0 0
A7913  ep = 2450400.5
3.95981 0.0227523 6.97324 86.5276 204.799 344.901 0 0 0
A7914  ep = 2450400.5
2.82699 0.098768 7.92966 273.45 114.851 328.992 0 0 0
A7915  ep = 2450400.5
2.05961 0.0310758 1.91287 144.518 10.014 267.516 0 0 0
A7916  ep = 2450400.5
3.11347 0.0329994 5.20694 181.894 68.1493 20.0125 0 0 0
A7917  ep = 2450400.5
3.26849 0.00490576 7.51031 28.5968 222.628 304.196 0 0 0
A7918  ep = 2450400.5
2.60161 0.0914645 5.44104 314.845 163.198 269.163 0 0 0
A7919  ep = 2450400.5
3.58428 0.0975965 4.03673 165.306 291.685 6.75533 0 0 0
A7920  ep = 2450400.5
3.47448 0.0406524 7.45553 259.211 265.984 265.327 0 0 0
A7921  ep = 2450400.5
3.37411 0.0723481 6.55308 142.823 102.725 145.15 0 0 0
A7922  ep = 2450400.5
3.67588 0.056051 1.48607 359.242 110.83 62.616 0 0 0
A7923  ep = 2450400.5
4.08896 0.0670121 6.72484 183.168 17.7879 252.01 0 0 0
A7924  ep = 2450400.5
2.46337 0.0768729 1.03281 97.8372 142.271 70.9469 0 0 0
A7925  ep = 2450400.5
3.92216 0.0111922 5.07957 351.331 288.065 116.933 0 0 0
A7926  ep = 2450400.5
2.04955 0.0427298 6.59284 211.52 166.429 5.58003 0 0 0
A7927  ep = 2450400.5
2.85042 0.0514596 1.80867 261.846 199.165 272.17 0 0 0
A7928  ep = 2450400.5
2.35847 0.0919315 6.92401 21.617 290.645 164.421 0 0 0
A7929  ep = 2450400.5
3.16934 0.071207 5.76532 253.053 171.759 353.305 0 0 0
A7930  ep = 2450400.5
3.08304 0.0595935 1.88114 234.265 39.7909 31.0225 0 0 0
A7931  ep = 2450400.5
2.00063 0.0718732 7.72935 81.2809 17.7915 331.491 0 0 0
A7932  ep = 2450400.5
1.5495 0.0903065 6.80861 78.6973 310.259 137.917 0 0 0
A7933  ep = 2450400.5
1.76822 0.0744281 1.12421 320.335 44.4578 102.087 0 0 0
A7934  ep = 2450400.5
2.55195 0.0871779 6.99116 107.597 250.552 305.346 0 0 0
A7935  ep = 2450400.5
2.83678 0.0840372 6.1381 259.574 328.217 135.659 0 0 0
A7936  ep = 2450400.5
2.62738 0.0580117 3.03128 28.7453 208.075 3.96457 0 0 0
A7937  ep = 2450400.5
3.3042 0.0453061 2.6025 98.2705 292.898 180.814 0 0 0
A7938  ep = 2450400.5
3.96488 0.00919103 2.73674 22.5579 260.237 331.842 0 0 0
A7939  ep = 2450400.5
3.76445 0.0705462 0.706834 203.627 236.493 173.323 0 0 0
A7940  ep = 2450400.5
3.98324 0.09274 8.81739 190.786 338.489 59.9318 0 0 0
A7941  ep = 2450400.5
3.77262 0.0831729 8.86198 140.897 170.977 332.146 0 0 0
A7942  ep = 2450400.5
2.81664 0.045194 4.76057 243.747 37.5032 180.23 0 0 0
A7943  ep = 2450400.5
1.52487 0.0117061 4.44379 165.729 221.512 5.68421 0 0 0
A7944  ep = 2450400.5
1.76158 0.0761367 4.29582 118.947 179.999 75.0037 0 0 0
A7945  ep = 2450400.5
2.87175 0.0302495 6.03255 336.578 237.554 328.428 0 0 0
A7946  ep = 2450400.5
3.47656 0.0485039 5.05422 338.952 190.676 161.465 0 0 0
A7947  ep = 2450400.5
2.24211 0.0832416 8.42053 20.2406 176.993 256.022 0 0 0
A7948  ep = 2450400.5
3.93213 0.0350885 5.32857 7.88711 188.465 356.052 0 0 0
A7949  ep = 2450400.5
1.7239 0.00881836 6.10147 158.315 234.03 14.7445 0 0 0
A7950  ep = 2450400.5
3.60357 0.0127233 4.40707 61.3021 295.085 327.744 0 0 0
A7951  ep = 2450400.5
2.19007 0.0159229 7.16907 63.9564 153.421 107.478 0 0 0
A7952  ep = 2450400.5
3.54102 0.0249288 0.786317 224.43 332.389 105.824 0 0 0
A7953  ep = 2450400.5
3.6206 0.0247146 2.77569 87.2668 179.038 238.512 0 0 0
A7954  ep = 2450400.5
2.55622 0.0900181 2.34837 124.746 21.6791 307.464 0 0 0
A7955  ep = 2450400.5
3.44628 0.0944132 3.0211 357.627 132.766 88.5412 0 0 0
A7956  ep = 2450400.5
2.83146 0.0865433 2.3257 100.75 19.3974 285.025 0 0 0
A7957  ep = 2450400.5
2.1623 0.0673221 7.83261 75.7574 257.203 343.842 0 0 0
A7958  ep = 2450400.5
3.6296 0.0061168 3.05024 328.386 313.271 335.802 0 0 0
A7959  ep = 2450400.5
2.97473 0.0282828 7.48741 155.916 323.835 20.4706 0 0 0
A7960  ep = 2450400.5
2.94267 0.0151412 5.77809 290.951 62.1097 246.077 0 0 0
A7961  ep = 2450400.5
3.0901 0.0564886 5.03328 19.4724 204.356 310.811 0 0 0
A7962  ep = 2450400.5
1.96132 0.0753041 6.36306 237.737 273.197 234.637 0 0 0
A7963  ep = 2450400.5
4.03253 0.0184957 2.57732 164.727 158.457 330.663 0 0 0
A7964  ep = 2450400.5
2.37646 0.0751206 0.518009 263.709 198.944 341.807 0 0 0
A7965  ep = 2450400.5
3.41674 0.0302217 4.35422 121.163 239.946 152.802 0 0 0
A7966  ep = 2450400.5
3.86053 0.0365688 9.12658 102.954 85.4403 112.758 0 0 0
A7967  ep = 2450400.5
2.65971 0.0551703 2.469 356.469 220.848 10.137 0 0 0
A7968  ep = 2450400.5
3.09097 0.0444366 4.45231 6.32464 56.6144 309.217 0 0 0
A7969  ep = 2450400.5
3.29365 0.0301213 2.48735 80.4421 160.158 168.351 0 0 0
A7970  ep = 2450400.5
1.99942 0.0681051 3.42329 226.544 176.136 69.681 0 0 0
A7971  ep = 2450400.5
4.06502 0.0583939 0.269986 11.3846 213.503 107.375 0 0 0
A7972  ep = 2450400.5
2.65526 0.0985563 5.35435 315.566 92.0799 337.396 0 0 0
A7973  ep = 2450400.5
2.91411 0.0839829 4.0087 127.01 289.497 189.491 0 0 0
A7974  ep = 2450400.5
2.80434 0.0474742 7.98859 38.6549 354.037 120.092 0 0 0
A7975  ep = 2450400.5
1.57827 0.0474824 5.36205 333.589 251.892 200.999 0 0 0
A7976  ep = 2450400.5
2.77443 0.0741355 0.95897 211.456 263.205 249.855 0 0 0
A7977  ep = 2450400.5
3.20979 0.020449 6.86125 136.633 97.4669 304.348 0 0 0
A7978  ep = 2450400.5
3.96753 0.0348096 7.45665 114.014 359.865 96.1156 0 0 0
A7979  ep = 2450400.5
2.13637 0.0066381 5.66497 19.1586 176.8 219.389 0 0 0
A7980  ep = 2450400.5
3.85105 0.0558434 9.60302 81.1594 143.386 198.21 0 0 0
A7981  ep = 2450400.5
1.85117 0.0657504 7.66341 112.192 175.522 195.286 0 0 0
A7982  ep = 2450400.5
2.14334 0.0496156 6.90105 43.7255 344.563 291.15 0 0 0
A7983  ep = 2450400.5
3.47502 0.00586227 3.27225 17.3676 261.483 246.575 0 0 0
A7984  ep = 2450400.5
3.33599 0.0947518 9.92765 140.909 237.142 308.109 0 0 0
A7985  ep = 2450400.5
3.98613 0.0709634 5.81055 75.0946 111.894 270.545 0 0 0
A7986  ep = 2450400.5
2.31357 0.08019 6.52545 39.0222 95.8522 206.37 0 0 0
A7987  ep = 2450400.5
2.96393 0.00676932 1.72025 3.11574 171.767 76.5515 0 0 0
A7988  ep = 2450400.5
1.71133 0.0408452 8.8569 199.891 258.199 187.261 0 0 0
A7989  ep = 2450400.5
2.15598 0.0295344 2.83827 353.259 332.297 288.841 0 0 0
A7990  ep = 2450400.5
2.44577 0.0628082 4.16887 51.8684 103.769 150.996 0 0 0
A7991  ep = 2450400.5
3.33057 0.0845279 5.60573 24.1946 53.5128 302.837 0 0 0
A7992  ep = 2450400.5
3.75014 0.049594 4.25622 220.26 164.467 167.907 0 0 0
A7993  ep = 2450400.5
1.98726 0.0539111 9.83478 39.7208 178.747 333.437 0 0 0
A7994  ep = 2450400.5
2.10387 0.0654099 7.43735 263.834 107.989 139.216 0 0 0
A7995  ep = 2450400.5
3.65152 0.0201048 9.01694 296.477 309.454 229.942 0 0 0
A7996  ep = 2450400.5
2.62565 0.00756364 6.22141 138.206 36.4452 54.358 0 0 0
A7997  ep = 2450400.5
3.45567 0.0840498 3.24926 21.3539 168.647 296.898 0 0 0
A7998  ep = 2450400.5
3.15356 0.0882018 7.07823 177.538 37.1724 21.5426 0 0 0
A7999  ep = 2450400.5
3.93092 0.0705448 7.46293 229.943 316.335 113.225 0 0 0
A8000  ep = 2450400.5
3.09858 0.0524498 3.24185 82.4121 94.2091 221.583 0 0 0
