)O+_06 Small-body initial data  (WARNING: Do not delete this line!!)
) Lines beginning with `)' are ignored.
)----------------------------------------------------------------------
 style (Cartesian, Asteroidal, Cometary) = Ast
)---------------------------------------------------------------------
A9001  ep = 2450400.5
1.60525 0.0655975 7.97985 236.63 31.7944 243.427 0 0 0
A9002  ep = 2450400.5
2.76652 0.0871424 0.0300427 209.935 283.197 31.8265 0 0 0
A9003  ep = 2450400.5
3.46405 0.0429509 5.75057 183 316.941 267.174 0 0 0
A9004  ep = 2450400.5
2.83349 0.0721521 8.60274 247.964 327.085 157.318 0 0 0
A9005  ep = 2450400.5
3.97732 0.0751709 1.96663 97.9434 6.90583 334.8 0 0 0
A9006  ep = 2450400.5
1.64192 0.0479381 7.96378 306.998 18.0125 212.048 0 0 0
A9007  ep = 2450400.5
3.52383 0.0316091 7.53538 172.036 261.184 130.976 0 0 0
A9008  ep = 2450400.5
2.36846 0.0395534 0.743798 223.614 29.2621 119.789 0 0 0
A9009  ep = 2450400.5
3.00279 0.0341722 4.31438 254.424 132.933 235.695 0 0 0
A9010  ep = 2450400.5
3.45923 0.0361229 7.17575 111.687 41.774 171.347 0 0 0
A9011  ep = 2450400.5
3.37345 0.0288695 2.10153 270.565 285.358 216.879 0 0 0
A9012  ep = 2450400.5
3.77604 0.0113145 5.63347 29.9853 286.096 182.245 0 0 0
A9013  ep = 2450400.5
2.83091 0.0939054 6.67594 18.8415 230.408 16.4224 0 0 0
A9014  ep = 2450400.5
2.11987 0.0357278 3.76383 223.073 60.6054 285.682 0 0 0
A9015  ep = 2450400.5
3.355 0.0666321 0.850315 102.355 280.085 328.68 0 0 0
A9016  ep = 2450400.5
2.3549 0.0436857 5.25119 49.0984 266.577 154.276 0 0 0
A9017  ep = 2450400.5
2.27186 0.0431946 9.71604 126.115 115.566 289.197 0 0 0
A9018  ep = 2450400.5
2.6602 0.0342495 8.31232 220.921 241.834 118.782 0 0 0
A9019  ep = 2450400.5
4.09919 0.0625997 2.13406 324.599 11.9689 7.39469 0 0 0
A9020  ep = 2450400.5
3.09257 0.0481338 2.85329 82.5371 331.453 245.202 0 0 0
A9021  ep = 2450400.5
3.70182 0.0296028 9.33911 262.769 308.687 82.8108 0 0 0
A9022  ep = 2450400.5
3.98689 0.098164 8.42081 283.816 206.243 100.239 0 0 0
A9023  ep = 2450400.5
2.01494 0.0167368 4.95146 104.089 329.829 269.834 0 0 0
A9024  ep = 2450400.5
1.6621 0.0694326 8.5315 312.32 299.702 178.94 0 0 0
A9025  ep = 2450400.5
2.66702 0.0343292 5.70603 48.3779 286.776 24.9151 0 0 0
A9026  ep = 2450400.5
2.75839 0.0590824 0.978316 119.822 118.103 40.7396 0 0 0
A9027  ep = 2450400.5
2.02364 0.0770045 8.15388 62.1683 194.212 331.614 0 0 0
A9028  ep = 2450400.5
2.62733 0.00639059 6.06689 28.7097 78.067 137.702 0 0 0
A9029  ep = 2450400.5
2.29705 0.076333 9.29434 340.312 63.3537 258.442 0 0 0
A9030  ep = 2450400.5
1.65213 0.00964075 1.32104 50.2754 2.6162 147.091 0 0 0
A9031  ep = 2450400.5
3.11978 0.0069109 2.51501 334.912 104.581 272.851 0 0 0
A9032  ep = 2450400.5
2.43021 0.0274803 3.61912 90.1768 250.311 341.817 0 0 0
A9033  ep = 2450400.5
1.60072 0.0107228 2.18939 152.414 25.7386 128.943 0 0 0
A9034  ep = 2450400.5
1.67249 0.00781002 0.630411 187.986 36.0549 61.4935 0 0 0
A9035  ep = 2450400.5
2.60891 0.0843456 6.97323 80.6519 37.6851 145.692 0 0 0
A9036  ep = 2450400.5
2.14544 0.0146121 8.86236 193.639 249.084 58.1219 0 0 0
A9037  ep = 2450400.5
2.58843 0.0437687 1.20353 42.1525 244.378 232.36 0 0 0
A9038  ep = 2450400.5
2.74991 0.000805986 2.46209 335.026 253.64 226.023 0 0 0
A9039  ep = 2450400.5
3.41157 0.00469235 5.64387 315.95 247.448 242.588 0 0 0
A9040  ep = 2450400.5
1.56451 0.0119477 0.0464508 81.0041 78.1792 182.907 0 0 0
A9041  ep = 2450400.5
2.14888 0.0673835 5.13966 136.52 323.007 286.955 0 0 0
A9042  ep = 2450400.5
1.51377 0.0327751 8.51239 112.689 179.6 208.581 0 0 0
A9043  ep = 2450400.5
1.66564 0.00511351 0.427868 154.143 115.042 119.022 0 0 0
A9044  ep = 2450400.5
4.00297 0.0869947 8.19341 161.447 242.344 3.85394 0 0 0
A9045  ep = 2450400.5
2.88847 0.0844188 2.26755 343.963 52.2141 258.327 0 0 0
A9046  ep = 2450400.5
4.00062 0.0423617 6.73058 307.414 38.6422 24.0794 0 0 0
A9047  ep = 2450400.5
2.13579 0.0853916 7.76053 335.233 17.3279 1.11207 0 0 0
A9048  ep = 2450400.5
2.78729 0.0958413 8.05374 194.356 296.156 71.3126 0 0 0
A9049  ep = 2450400.5
2.54703 0.080349 8.25344 246.115 19.3673 340.333 0 0 0
A9050  ep = 2450400.5
3.50135 0.0195306 4.50453 8.59178 11.3103 141.989 0 0 0
A9051  ep = 2450400.5
2.74685 0.0249997 5.70434 160.482 284.936 20.5064 0 0 0
A9052  ep = 2450400.5
3.2253 0.0361253 6.58532 171.78 284.082 16.333 0 0 0
A9053  ep = 2450400.5
3.99225 0.0102917 9.71853 235.828 148.158 81.7478 0 0 0
A9054  ep = 2450400.5
3.6524 0.0646224 2.08535 169.784 89.5902 304.065 0 0 0
A9055  ep = 2450400.5
3.35704 0.0146044 7.56933 275.306 121.945 241.646 0 0 0
A9056  ep = 2450400.5
3.77866 0.0292699 1.39998 190.372 5.73504 306.523 0 0 0
A9057  ep = 2450400.5
3.94258 0.0876602 4.04697 157.306 5.36721 252.005 0 0 0
A9058  ep = 2450400.5
3.64301 0.066593 8.28543 115.522 110.402 14.9033 0 0 0
A9059  ep = 2450400.5
2.4387 0.0676266 7.00002 351.612 174.101 91.2156 0 0 0
A9060  ep = 2450400.5
1.93762 0.0332364 5.03709 93.3896 184.493 185.649 0 0 0
A9061  ep = 2450400.5
2.51948 0.0409371 7.29645 317.846 20.0941 208.998 0 0 0
A9062  ep = 2450400.5
3.93356 0.0853732 0.680432 204.736 133.651 179.515 0 0 0
A9063  ep = 2450400.5
3.96959 0.0181809 0.66285 156.364 356.526 256.661 0 0 0
A9064  ep = 2450400.5
1.51709 0.0655449 9.13973 69.7501 278.217 289.122 0 0 0
A9065  ep = 2450400.5
3.63954 0.058511 4.93791 144.494 105.152 58.0477 0 0 0
A9066  ep = 2450400.5
1.93991 0.0361863 0.838102 109.421 263.146 18.1916 0 0 0
A9067  ep = 2450400.5
1.66279 0.0329491 6.74843 146.33 63.3021 159.603 0 0 0
A9068  ep = 2450400.5
2.50877 0.0367412 8.09692 298.55 32.2276 43.6623 0 0 0
A9069  ep = 2450400.5
1.65233 0.0497308 5.25259 182.734 248.563 162.997 0 0 0
A9070  ep = 2450400.5
2.52317 0.0979939 0.829736 316.61 254.889 34.1639 0 0 0
A9071  ep = 2450400.5
2.92038 0.0963509 7.69762 215.085 148.175 270.03 0 0 0
A9072  ep = 2450400.5
2.64384 0.0818939 1.8994 99.3398 122.756 109.5 0 0 0
A9073  ep = 2450400.5
2.37126 0.0432167 5.42857 160.567 317.098 129.375 0 0 0
A9074  ep = 2450400.5
1.58137 0.0472681 3.35573 252.008 58.5636 255.561 0 0 0
A9075  ep = 2450400.5
2.97657 0.0342509 3.55258 162.248 35.2559 193.004 0 0 0
A9076  ep = 2450400.5
1.81955 0.0756274 0.697269 150.928 243.235 170.721 0 0 0
A9077  ep = 2450400.5
2.78093 0.0594852 8.68284 328.967 23.641 230.34 0 0 0
A9078  ep = 2450400.5
2.31578 0.097904 1.73253 247.343 110.298 304.252 0 0 0
A9079  ep = 2450400.5
1.92618 0.0552994 0.166402 185.862 235.967 182.091 0 0 0
A9080  ep = 2450400.5
2.76451 0.0894886 8.35375 130.177 265.827 222.252 0 0 0
A9081  ep = 2450400.5
2.88323 0.0731709 5.83636 158.655 164.504 285.393 0 0 0
A9082  ep = 2450400.5
3.50659 0.0349454 6.26717 67.1289 292.338 152.037 0 0 0
A9083  ep = 2450400.5
2.36472 0.0553366 6.418 250.57 32.5105 172.718 0 0 0
A9084  ep = 2450400.5
1.90264 0.0368858 4.39934 131.929 279.455 313.463 0 0 0
A9085  ep = 2450400.5
1.51348 0.0209876 5.3818 69.8386 265.546 196.99 0 0 0
A9086  ep = 2450400.5
2.76849 0.0959548 4.11879 126.432 225.212 295.092 0 0 0
A9087  ep = 2450400.5
2.95024 0.0631259 1.57463 316.845 346.098 253.13 0 0 0
A9088  ep = 2450400.5
3.77157 0.0580114 1.96811 97.2547 65.1106 98.2675 0 0 0
A9089  ep = 2450400.5
2.20779 0.0481123 5.23899 314.688 318.682 96.4812 0 0 0
A9090  ep = 2450400.5
2.81812 0.0400547 8.98825 199.311 177.704 85.5063 0 0 0
A9091  ep = 2450400.5
2.78857 0.0734196 7.63827 297.845 221.16 30.3568 0 0 0
A9092  ep = 2450400.5
3.45617 0.0665699 9.40653 327.412 117.304 187.651 0 0 0
A9093  ep = 2450400.5
1.55404 0.037662 8.8577 10.9823 239.091 254.841 0 0 0
A9094  ep = 2450400.5
3.58786 0.00406636 6.43336 292.155 9.85397 73.0482 0 0 0
A9095  ep = 2450400.5
2.30947 0.0456651 6.93416 333.399 86.9291 327.846 0 0 0
A9096  ep = 2450400.5
2.36071 0.0634798 5.04441 297.937 251.137 290.373 0 0 0
A9097  ep = 2450400.5
2.20477 0.0272765 6.36418 70.955 104.634 271.023 0 0 0
A9098  ep = 2450400.5
2.41079 0.0930838 2.59906 313.833 134.766 331.84 0 0 0
A9099  ep = 2450400.5
2.28512 0.0940913 9.92169 102.35 51.2778 301.843 0 0 0
A9100  ep = 2450400.5
1.77938 0.0135935 6.66087 111.707 206.674 84.1651 0 0 0
A9101  ep = 2450400.5
4.06642 0.0133931 8.97181 189.772 251.2 251.886 0 0 0
A9102  ep = 2450400.5
2.28831 0.0198255 5.07209 259.117 112.996 216.597 0 0 0
A9103  ep = 2450400.5
3.00006 0.0225082 5.95227 137.66 212.789 331.237 0 0 0
A9104  ep = 2450400.5
2.18661 0.00915809 4.20008 18.3956 136.981 103.74 0 0 0
A9105  ep = 2450400.5
2.49168 0.0205254 4.70697 311.117 116.112 257.512 0 0 0
A9106  ep = 2450400.5
2.65099 0.0264462 3.80537 304.567 204.451 331.449 0 0 0
A9107  ep = 2450400.5
2.85185 0.0973305 4.33764 336.383 20.7204 304.769 0 0 0
A9108  ep = 2450400.5
3.4628 0.0259725 6.18997 38.9944 115.315 258.164 0 0 0
A9109  ep = 2450400.5
2.83194 0.0171101 2.69593 162.294 186.737 336.345 0 0 0
A9110  ep = 2450400.5
2.70547 0.0859687 5.75135 250.005 44.9341 236.761 0 0 0
A9111  ep = 2450400.5
2.58866 0.070838 7.7355 342.437 292.425 137.579 0 0 0
A9112  ep = 2450400.5
1.63237 0.0155776 4.12847 13.4633 257.073 263.146 0 0 0
A9113  ep = 2450400.5
1.95406 0.0854798 8.58698 163.334 346.836 76.5151 0 0 0
A9114  ep = 2450400.5
3.16971 0.0177006 4.93358 190.019 233.826 157.798 0 0 0
A9115  ep = 2450400.5
3.30357 0.0868937 7.22001 56.1829 184.062 128.078 0 0 0
A9116  ep = 2450400.5
2.20479 0.0631142 6.60771 323.871 181.568 255.924 0 0 0
A9117  ep = 2450400.5
2.53755 0.0391754 0.201146 289.245 217.554 182.386 0 0 0
A9118  ep = 2450400.5
3.23617 0.0333486 4.89641 331.869 214.697 145.767 0 0 0
A9119  ep = 2450400.5
2.11803 0.00571059 6.77934 319.596 187.433 177.676 0 0 0
A9120  ep = 2450400.5
3.79549 0.0310515 7.82731 14.4054 36.7296 3.09744 0 0 0
A9121  ep = 2450400.5
3.82497 0.0476155 0.735512 305.68 252.511 194.76 0 0 0
A9122  ep = 2450400.5
3.43009 0.0868334 8.08546 163.717 8.97945 162.875 0 0 0
A9123  ep = 2450400.5
2.98576 0.0586951 7.88153 18.6153 2.07517 353.358 0 0 0
A9124  ep = 2450400.5
2.06977 0.0844255 9.38662 2.70103 113.003 241.095 0 0 0
A9125  ep = 2450400.5
2.12946 0.0126012 5.88378 183.82 57.7068 94.4237 0 0 0
A9126  ep = 2450400.5
3.56334 0.0690374 9.11177 19.6121 275.832 114.325 0 0 0
A9127  ep = 2450400.5
2.30957 0.0810019 9.99307 260.465 112.894 94.6385 0 0 0
A9128  ep = 2450400.5
3.93808 0.0338914 8.12148 306.154 275.417 271.271 0 0 0
A9129  ep = 2450400.5
2.96289 0.0819492 3.20459 113.31 286.494 108.384 0 0 0
A9130  ep = 2450400.5
3.55016 0.0761207 3.6018 10.2159 40.2619 241.165 0 0 0
A9131  ep = 2450400.5
2.92704 0.0636133 9.49116 356.517 70.5883 224.661 0 0 0
A9132  ep = 2450400.5
3.79198 0.0513197 5.30558 223.949 162.521 167.13 0 0 0
A9133  ep = 2450400.5
2.09748 0.0252978 7.79663 342.322 217.534 358.267 0 0 0
A9134  ep = 2450400.5
2.58533 0.0616625 7.62334 55.8798 348.214 225.197 0 0 0
A9135  ep = 2450400.5
3.45822 0.0196517 5.86128 64.5483 294.935 54.2473 0 0 0
A9136  ep = 2450400.5
1.62536 0.0178146 9.10065 37.1662 256.035 6.85058 0 0 0
A9137  ep = 2450400.5
3.46442 0.0578249 3.63243 32.085 311.212 89.2574 0 0 0
A9138  ep = 2450400.5
3.67473 0.0963317 7.47691 23.3831 330.801 119.23 0 0 0
A9139  ep = 2450400.5
1.58691 0.00440099 4.67396 266.225 219.533 310.542 0 0 0
A9140  ep = 2450400.5
2.45367 0.0725576 6.7605 167.968 264.706 7.32013 0 0 0
A9141  ep = 2450400.5
3.81673 0.0308863 0.059074 82.5204 249.392 7.1055 0 0 0
A9142  ep = 2450400.5
1.98336 0.0647958 8.23339 26.6428 207.325 63.0695 0 0 0
A9143  ep = 2450400.5
4.09527 0.0122817 6.18223 164.496 91.9735 171.285 0 0 0
A9144  ep = 2450400.5
1.79702 0.0315934 7.90311 111.031 26.9804 191.319 0 0 0
A9145  ep = 2450400.5
1.5704 0.0991306 8.87713 339.872 288.607 164.635 0 0 0
A9146  ep = 2450400.5
2.75252 0.00150552 5.03316 6.57548 16.1049 158.383 0 0 0
A9147  ep = 2450400.5
2.75851 0.0129392 3.68507 260.966 329.896 42.288 0 0 0
A9148  ep = 2450400.5
2.81513 0.0741893 7.99638 246.39 311.312 27.1078 0 0 0
A9149  ep = 2450400.5
3.00995 0.00650561 1.39709 249.938 209.744 210.306 0 0 0
A9150  ep = 2450400.5
3.58319 0.0257983 6.9228 299.311 137.797 81.046 0 0 0
A9151  ep = 2450400.5
2.51644 0.0140692 4.6117 218.524 287.215 292.782 0 0 0
A9152  ep = 2450400.5
2.02834 0.0386084 4.91148 261.602 24.7675 239.402 0 0 0
A9153  ep = 2450400.5
1.98087 0.0978585 7.0767 110.416 178.592 346.785 0 0 0
A9154  ep = 2450400.5
3.06833 0.0369274 8.3965 21.1121 127.471 282.656 0 0 0
A9155  ep = 2450400.5
2.08619 0.0646701 2.10091 342.109 53.9428 304.937 0 0 0
A9156  ep = 2450400.5
3.91516 0.0553872 6.92779 339.86 223.049 193.365 0 0 0
A9157  ep = 2450400.5
3.82923 0.0614759 9.24785 195.946 288.129 161.871 0 0 0
A9158  ep = 2450400.5
2.76578 0.06838 5.63449 243.705 96.46 150.017 0 0 0
A9159  ep = 2450400.5
2.6014 0.0711661 1.89293 237.975 125.585 341.051 0 0 0
A9160  ep = 2450400.5
2.4747 0.0353675 4.2095 253.218 197.813 31.1836 0 0 0
A9161  ep = 2450400.5
3.10583 0.0382065 7.36504 317.685 318.127 11.1025 0 0 0
A9162  ep = 2450400.5
2.47614 0.0511555 9.70877 52.5983 196.45 71.6502 0 0 0
A9163  ep = 2450400.5
1.98267 0.0688976 9.62517 116.531 260.261 249.454 0 0 0
A9164  ep = 2450400.5
3.09951 0.0065617 7.82469 52.576 118.962 123.968 0 0 0
A9165  ep = 2450400.5
3.95789 0.0559515 2.7681 177.668 221.472 14.235 0 0 0
A9166  ep = 2450400.5
3.60208 0.0814378 4.25714 227.406 277.967 258.853 0 0 0
A9167  ep = 2450400.5
3.22506 0.00836743 6.31419 332.973 165.332 223.393 0 0 0
A9168  ep = 2450400.5
2.31358 0.0172532 2.75212 67.5744 217.574 27.0757 0 0 0
A9169  ep = 2450400.5
2.52276 0.000134189 1.55316 353.545 84.4876 210.953 0 0 0
A9170  ep = 2450400.5
2.71818 0.0697273 0.0706138 162.22 52.7785 119.541 0 0 0
A9171  ep = 2450400.5
2.61206 0.0862154 5.21408 244.771 315.524 164.905 0 0 0
A9172  ep = 2450400.5
2.06991 0.0602057 4.77685 80.4287 43.3517 254.223 0 0 0
A9173  ep = 2450400.5
3.10935 0.0800637 6.31141 59.57 44.97 143.939 0 0 0
A9174  ep = 2450400.5
3.79094 0.0985218 2.55649 277.076 124.717 98.1794 0 0 0
A9175  ep = 2450400.5
2.98511 0.08988 3.12728 78.576 170.237 142.582 0 0 0
A9176  ep = 2450400.5
3.27268 0.000815278 6.02385 327.068 315.342 297.776 0 0 0
A9177  ep = 2450400.5
2.25113 0.018174 9.50852 196.624 70.6209 249.956 0 0 0
A9178  ep = 2450400.5
1.7316 0.0167036 2.38018 340.64 357.676 139.701 0 0 0
A9179  ep = 2450400.5
3.28895 0.0700057 8.85213 234.852 64.9171 239.112 0 0 0
A9180  ep = 2450400.5
3.33077 0.0750591 1.18952 12.3427 204.889 289.839 0 0 0
A9181  ep = 2450400.5
4.07654 0.0105683 1.21002 264.482 37.4754 345.892 0 0 0
A9182  ep = 2450400.5
2.58744 0.0273517 6.00613 20.7432 173.618 223.286 0 0 0
A9183  ep = 2450400.5
3.25373 0.0603612 6.9037 248.232 165.548 127.736 0 0 0
A9184  ep = 2450400.5
4.09392 0.0620942 6.18045 292.992 246.422 336.871 0 0 0
A9185  ep = 2450400.5
2.90087 0.0198618 0.173102 23.4683 216.032 164.992 0 0 0
A9186  ep = 2450400.5
2.35208 0.0718521 0.175423 90.9265 348.32 253.719 0 0 0
A9187  ep = 2450400.5
3.32564 0.0790121 5.56422 173.752 88.9583 179.543 0 0 0
A9188  ep = 2450400.5
3.1242 0.00266238 6.46649 325.124 226.446 340.814 0 0 0
A9189  ep = 2450400.5
4.03884 0.0697344 6.25347 35.142 25.6205 351.723 0 0 0
A9190  ep = 2450400.5
2.96554 0.0471669 4.33915 158.069 39.0045 309.24 0 0 0
A9191  ep = 2450400.5
2.58941 0.0370523 7.38212 195.467 276.008 295.042 0 0 0
A9192  ep = 2450400.5
2.7895 0.073378 7.64156 171.732 313.512 154.846 0 0 0
A9193  ep = 2450400.5
1.78303 0.0666906 3.69395 13.2163 37.6765 67.1872 0 0 0
A9194  ep = 2450400.5
3.22498 0.0243367 3.26379 72.4269 220.106 292.994 0 0 0
A9195  ep = 2450400.5
2.71114 0.0724499 6.66107 257.232 302.005 228.953 0 0 0
A9196  ep = 2450400.5
1.85878 0.0399171 5.87025 333.73 154.405 133.343 0 0 0
A9197  ep = 2450400.5
3.67108 0.0956846 0.705136 128.476 162 240.791 0 0 0
A9198  ep = 2450400.5
2.69881 0.0451819 3.7215 260.092 238.86 235.273 0 0 0
A9199  ep = 2450400.5
2.2771 0.023675 4.06068 52.1707 86.8347 5.67449 0 0 0
A9200  ep = 2450400.5
2.19114 0.0363561 5.36562 86.3559 349.897 84.217 0 0 0
A9201  ep = 2450400.5
3.70618 0.0960547 1.91486 153.436 282.522 169.884 0 0 0
A9202  ep = 2450400.5
3.07073 0.0842956 0.567337 20.2668 352.099 339.516 0 0 0
A9203  ep = 2450400.5
2.5068 0.00526883 7.53266 82.6505 307.9 259.963 0 0 0
A9204  ep = 2450400.5
1.73027 0.0981397 6.34711 238.445 68.1012 163.092 0 0 0
A9205  ep = 2450400.5
3.63698 0.0732085 8.14799 57.8568 114.372 286.853 0 0 0
A9206  ep = 2450400.5
1.84815 0.028436 4.23634 288.049 320.767 16.2929 0 0 0
A9207  ep = 2450400.5
2.75506 0.0214658 6.75447 329.782 92.2404 20.3117 0 0 0
A9208  ep = 2450400.5
3.50863 0.042277 1.48867 202.719 79.9862 170.392 0 0 0
A9209  ep = 2450400.5
3.37002 0.00844367 1.12812 79.1882 150.876 119.461 0 0 0
A9210  ep = 2450400.5
2.69504 0.0303459 9.23153 222.696 77.5177 8.13892 0 0 0
A9211  ep = 2450400.5
1.78088 0.0167517 9.46405 338.133 168.488 257.132 0 0 0
A9212  ep = 2450400.5
3.33882 0.0968287 7.00242 338.42 124.712 254.381 0 0 0
A9213  ep = 2450400.5
2.55214 0.0536432 9.81689 172.97 132.041 150.135 0 0 0
A9214  ep = 2450400.5
2.19238 0.0791215 0.950742 122.357 2.16024 158.649 0 0 0
A9215  ep = 2450400.5
1.88762 0.0991279 4.42705 187.521 296.229 340.194 0 0 0
A9216  ep = 2450400.5
2.77482 0.0577583 8.43644 255.403 359.106 261.676 0 0 0
A9217  ep = 2450400.5
3.83337 0.0587453 0.319535 318.249 257.605 138.558 0 0 0
A9218  ep = 2450400.5
3.71389 0.0218116 1.87196 276.342 19.4942 220.81 0 0 0
A9219  ep = 2450400.5
3.91794 0.0509133 7.00636 74.1337 116.664 115.844 0 0 0
A9220  ep = 2450400.5
2.46795 0.0638625 1.36495 323.186 345.179 156.682 0 0 0
A9221  ep = 2450400.5
2.27906 0.0702989 8.13362 286.737 217.362 5.09728 0 0 0
A9222  ep = 2450400.5
2.26246 0.0574238 3.21081 296.806 345.611 152.178 0 0 0
A9223  ep = 2450400.5
3.20392 0.000838263 6.88685 223.788 86.8575 241.434 0 0 0
A9224  ep = 2450400.5
2.705 0.077749 8.28263 287.353 271.482 52.5011 0 0 0
A9225  ep = 2450400.5
1.78104 0.085614 0.138989 288.05 358.474 282.506 0 0 0
A9226  ep = 2450400.5
1.9669 0.00744302 6.94775 265.511 69.2104 218.573 0 0 0
A9227  ep = 2450400.5
3.55391 0.0705225 7.72162 160.375 133.285 148.016 0 0 0
A9228  ep = 2450400.5
3.24474 0.0191375 1.43934 294.56 306.329 117.542 0 0 0
A9229  ep = 2450400.5
2.59707 0.0920162 1.15665 117.92 262.972 343.361 0 0 0
A9230  ep = 2450400.5
3.03159 0.0976684 5.12985 188.515 286.834 132.967 0 0 0
A9231  ep = 2450400.5
1.68056 0.0116169 0.450984 263.237 70.0366 163.348 0 0 0
A9232  ep = 2450400.5
4.08671 0.0864659 8.32429 170.765 181.947 51.0499 0 0 0
A9233  ep = 2450400.5
1.62261 0.0280334 4.57086 156.375 291.737 250.445 0 0 0
A9234  ep = 2450400.5
1.68103 0.064105 2.1228 23.3585 16.087 208.753 0 0 0
A9235  ep = 2450400.5
2.92952 0.0482057 2.93942 294.991 2.84035 206.404 0 0 0
A9236  ep = 2450400.5
2.03476 0.0995591 3.89174 294.691 161.989 108.318 0 0 0
A9237  ep = 2450400.5
3.4062 0.0803651 6.96032 188.061 333.973 347.513 0 0 0
A9238  ep = 2450400.5
1.71135 0.0908341 0.486886 67.9439 224.127 304.538 0 0 0
A9239  ep = 2450400.5
4.03901 0.066666 7.55723 192.956 311.16 232.191 0 0 0
A9240  ep = 2450400.5
2.95812 0.0618284 8.50734 304.923 294.712 345.025 0 0 0
A9241  ep = 2450400.5
3.03394 0.0752754 7.53593 308.997 240.086 306.553 0 0 0
A9242  ep = 2450400.5
3.54061 0.0945702 6.41023 322.031 344.591 245.66 0 0 0
A9243  ep = 2450400.5
4.07648 0.0990861 2.39562 80.7874 81.6924 182.946 0 0 0
A9244  ep = 2450400.5
2.18422 0.0189606 8.7047 289.816 176.091 5.40206 0 0 0
A9245  ep = 2450400.5
3.55534 0.0312175 7.72841 139.446 189.324 172.719 0 0 0
A9246  ep = 2450400.5
2.90663 0.0127222 4.22568 85.6376 116.139 259.391 0 0 0
A9247  ep = 2450400.5
2.13728 0.0731579 6.65581 357.679 79.5597 69.0576 0 0 0
A9248  ep = 2450400.5
1.91813 0.0894855 4.82037 98.9187 134.207 186.115 0 0 0
A9249  ep = 2450400.5
3.19213 0.0742064 4.86445 216.028 135.259 297.172 0 0 0
A9250  ep = 2450400.5
3.94827 0.0287723 1.76186 106.931 300.837 325.446 0 0 0
A9251  ep = 2450400.5
3.68491 0.0876714 9.93383 243.949 74.7532 34.0382 0 0 0
A9252  ep = 2450400.5
3.56529 0.0511308 9.54624 331.352 188.867 138.501 0 0 0
A9253  ep = 2450400.5
3.39626 0.0274043 8.83352 254.009 306.917 117.097 0 0 0
A9254  ep = 2450400.5
3.38706 0.0130821 1.70742 356.254 349.515 55.5505 0 0 0
A9255  ep = 2450400.5
1.91587 0.0959005 2.99057 171.21 308.407 62.98 0 0 0
A9256  ep = 2450400.5
2.0512 0.0963464 0.940407 2.51477 211.412 99.4166 0 0 0
A9257  ep = 2450400.5
2.03728 0.0609439 8.84598 313.453 123.733 181.692 0 0 0
A9258  ep = 2450400.5
3.27525 0.0954805 5.4031 31.0217 26.1307 354.883 0 0 0
A9259  ep = 2450400.5
4.06759 0.086643 7.09269 305.68 167.477 123.046 0 0 0
A9260  ep = 2450400.5
2.91065 0.089155 6.28629 39.1196 195.09 84.5735 0 0 0
A9261  ep = 2450400.5
3.71295 0.0214272 0.268745 128.141 32.9652 223.344 0 0 0
A9262  ep = 2450400.5
3.21852 0.048415 8.10231 136.742 206.377 9.88949 0 0 0
A9263  ep = 2450400.5
2.0741 0.0164158 2.00623 102.994 2.38742 302.962 0 0 0
A9264  ep = 2450400.5
3.00217 0.0982703 0.294092 7.33618 137.635 141.252 0 0 0
A9265  ep = 2450400.5
2.33338 0.0841328 9.19318 137.377 126.19 236.361 0 0 0
A9266  ep = 2450400.5
2.70868 0.0809897 6.93227 300.249 97.2891 129.085 0 0 0
A9267  ep = 2450400.5
2.07121 0.0112121 1.41049 344.223 301.399 141.263 0 0 0
A9268  ep = 2450400.5
1.63776 0.00619836 8.75904 21.5137 206.421 204.951 0 0 0
A9269  ep = 2450400.5
3.10723 0.00412944 0.034803 66.0127 223.698 1.74444 0 0 0
A9270  ep = 2450400.5
2.63489 0.0700777 3.96344 347.088 71.217 118.655 0 0 0
A9271  ep = 2450400.5
2.21551 0.0107317 8.68375 156.939 64.7822 103.595 0 0 0
A9272  ep = 2450400.5
1.84892 0.0581274 0.473077 284.15 13.4801 158.377 0 0 0
A9273  ep = 2450400.5
3.67779 0.0303837 4.58901 276.233 69.3361 254.186 0 0 0
A9274  ep = 2450400.5
2.65759 0.0885082 7.57727 118.901 199.484 237.291 0 0 0
A9275  ep = 2450400.5
3.74413 0.0158236 9.47733 98.1719 263.899 30.791 0 0 0
A9276  ep = 2450400.5
4.05569 0.0892509 0.40229 359.554 26.1234 149.471 0 0 0
A9277  ep = 2450400.5
3.43748 0.0624222 5.30678 56.754 81.3657 301.388 0 0 0
A9278  ep = 2450400.5
3.21928 0.0359261 3.09346 296.833 7.74394 207.437 0 0 0
A9279  ep = 2450400.5
2.44568 0.0269087 4.55314 155.286 178.809 219.43 0 0 0
A9280  ep = 2450400.5
3.29126 0.0997709 5.49462 263.817 210.166 198.605 0 0 0
A9281  ep = 2450400.5
3.25162 0.00363434 1.82316 58.7719 90.8853 36.2703 0 0 0
A9282  ep = 2450400.5
3.19931 0.0159958 7.42109 7.97621 274.876 184.884 0 0 0
A9283  ep = 2450400.5
2.47843 0.0081557 0.728461 213.378 155.448 262.18 0 0 0
A9284  ep = 2450400.5
1.80659 0.0192892 9.93055 215.611 340.235 138.185 0 0 0
A9285  ep = 2450400.5
3.48615 0.0468737 8.06678 11.4647 221.234 163.061 0 0 0
A9286  ep = 2450400.5
3.28596 0.0938835 4.00097 326.54 326.625 12.0113 0 0 0
A9287  ep = 2450400.5
2.66166 0.0971265 7.05391 63.2892 228.993 64.8986 0 0 0
A9288  ep = 2450400.5
2.71342 0.0611186 2.21097 325.692 238.775 94.7741 0 0 0
A9289  ep = 2450400.5
3.15253 0.0139834 9.18413 339.603 77.7214 332.055 0 0 0
A9290  ep = 2450400.5
2.24591 0.0830691 8.4229 356.605 211.979 219.121 0 0 0
A9291  ep = 2450400.5
4.09828 0.0858663 6.54498 110.636 155.769 304.608 0 0 0
A9292  ep = 2450400.5
3.80634 0.0567265 5.02463 268.171 134.106 320.426 0 0 0
A9293  ep = 2450400.5
2.68038 0.0105645 5.56821 298.067 89.8981 132.999 0 0 0
A9294  ep = 2450400.5
1.96833 0.0499577 8.38448 146.92 124.679 307.329 0 0 0
A9295  ep = 2450400.5
1.88846 0.0457453 7.41847 308.988 233.651 357.521 0 0 0
A9296  ep = 2450400.5
2.87581 0.0636171 0.133172 4.33274 247.55 257.825 0 0 0
A9297  ep = 2450400.5
2.83474 0.0955618 7.06941 32.968 354.887 203.627 0 0 0
A9298  ep = 2450400.5
3.59212 0.0494085 3.08426 52.5977 318.527 146.024 0 0 0
A9299  ep = 2450400.5
2.77459 0.0997208 7.07891 107.658 27.0233 128.482 0 0 0
A9300  ep = 2450400.5
2.86892 0.00229278 7.34693 39.7377 85.4029 24.6745 0 0 0
A9301  ep = 2450400.5
3.77558 0.00223641 3.87268 156.937 126.36 155.579 0 0 0
A9302  ep = 2450400.5
3.11502 0.0664948 3.78639 317.496 242.142 137.501 0 0 0
A9303  ep = 2450400.5
1.52414 0.0279166 1.9355 27.584 295.4 138.477 0 0 0
A9304  ep = 2450400.5
1.74039 0.0673371 7.35188 257.088 315.845 283.315 0 0 0
A9305  ep = 2450400.5
3.06757 0.0414338 1.78571 262.674 320.759 333.286 0 0 0
A9306  ep = 2450400.5
3.05055 0.0363746 3.47974 276.225 225.047 346.364 0 0 0
A9307  ep = 2450400.5
2.10466 0.0204184 4.72813 283.748 272.288 242.008 0 0 0
A9308  ep = 2450400.5
3.25075 0.0383178 7.07543 311.995 164.77 24.9608 0 0 0
A9309  ep = 2450400.5
3.20413 0.0175679 7.63823 357.624 9.75628 209.588 0 0 0
A9310  ep = 2450400.5
2.71727 0.0910826 4.2506 134.024 12.3463 9.87671 0 0 0
A9311  ep = 2450400.5
2.50078 0.0458096 7.21688 47.1643 54.6485 36.1889 0 0 0
A9312  ep = 2450400.5
3.47708 0.01694 2.09852 317.803 185.374 251.211 0 0 0
A9313  ep = 2450400.5
3.54518 0.0555078 0.196722 199.17 26.492 234.735 0 0 0
A9314  ep = 2450400.5
2.11087 0.00781718 1.83345 201.614 349.904 5.00374 0 0 0
A9315  ep = 2450400.5
1.61412 0.00142551 1.58485 152.26 43.0468 238.02 0 0 0
A9316  ep = 2450400.5
2.12234 0.0104725 5.11398 221.841 140.999 103.959 0 0 0
A9317  ep = 2450400.5
2.10779 0.00421581 6.55159 324.078 209.205 110.733 0 0 0
A9318  ep = 2450400.5
3.64904 0.0830222 8.53767 111.375 261.799 331.682 0 0 0
A9319  ep = 2450400.5
2.82218 0.0772391 2.56799 8.68522 183.65 32.3589 0 0 0
A9320  ep = 2450400.5
3.71953 0.031836 9.67118 275.268 95.1499 311.783 0 0 0
A9321  ep = 2450400.5
2.70267 0.0240586 7.5213 179.243 196.345 225.988 0 0 0
A9322  ep = 2450400.5
3.71397 0.054566 9.90899 264.199 17.0729 153.9 0 0 0
A9323  ep = 2450400.5
3.46195 0.0511519 3.10421 129.354 10.7788 5.59469 0 0 0
A9324  ep = 2450400.5
3.6071 0.00456829 5.79249 335.737 70.9339 144.11 0 0 0
A9325  ep = 2450400.5
1.82549 0.0305067 3.26615 286.405 68.8531 316.31 0 0 0
A9326  ep = 2450400.5
1.67627 0.00102885 6.91867 67.5401 244.336 193.969 0 0 0
A9327  ep = 2450400.5
2.26182 0.0490323 2.86339 22.9418 5.54369 169.86 0 0 0
A9328  ep = 2450400.5
3.88737 0.0629417 2.60626 356.5 109.564 64.0646 0 0 0
A9329  ep = 2450400.5
1.71567 0.0554688 7.63702 207.546 112.501 213.102 0 0 0
A9330  ep = 2450400.5
3.32303 0.0465839 0.363143 3.94378 194.126 28.5679 0 0 0
A9331  ep = 2450400.5
2.52511 0.0607578 9.56809 324.673 98.7877 33.0599 0 0 0
A9332  ep = 2450400.5
3.02034 0.00436424 5.49853 227.823 88.413 45.7995 0 0 0
A9333  ep = 2450400.5
1.90746 0.0877325 0.194454 124.706 217.65 119.036 0 0 0
A9334  ep = 2450400.5
3.06095 0.0670952 3.68945 269.256 218.435 355.813 0 0 0
A9335  ep = 2450400.5
3.39889 0.0292599 4.70432 34.9232 278.385 287.836 0 0 0
A9336  ep = 2450400.5
2.66025 0.00361326 6.28137 117.606 241.203 254.417 0 0 0
A9337  ep = 2450400.5
2.32803 0.0828799 5.61958 63.5059 14.1722 175.101 0 0 0
A9338  ep = 2450400.5
3.83767 0.0937582 8.93635 343.104 79.3353 278.756 0 0 0
A9339  ep = 2450400.5
2.14042 0.0814216 7.52441 36.6957 255.631 351.284 0 0 0
A9340  ep = 2450400.5
2.29904 0.0663277 2.69955 171.429 270.916 282.417 0 0 0
A9341  ep = 2450400.5
2.00951 0.0744557 2.77773 293.481 180.193 2.58026 0 0 0
A9342  ep = 2450400.5
1.79838 0.0289544 0.368911 296.001 21.6382 26.6494 0 0 0
A9343  ep = 2450400.5
2.897 0.0461278 7.70506 111.176 59.0813 25.7969 0 0 0
A9344  ep = 2450400.5
3.84158 0.0817885 6.19381 65.175 91.9678 32.5115 0 0 0
A9345  ep = 2450400.5
2.06576 0.0865004 9.1157 251.881 336.776 100.454 0 0 0
A9346  ep = 2450400.5
2.83391 0.0421886 1.63245 270.295 13.8315 217.031 0 0 0
A9347  ep = 2450400.5
1.59145 0.00863894 4.94642 284.475 79.6674 29.556 0 0 0
A9348  ep = 2450400.5
2.95505 0.0797993 0.865691 88.8578 173.279 136.928 0 0 0
A9349  ep = 2450400.5
2.20178 0.0808713 6.04259 269.063 193.681 220.403 0 0 0
A9350  ep = 2450400.5
3.85667 0.0581713 0.852819 66.3436 141.29 264.299 0 0 0
A9351  ep = 2450400.5
1.67564 0.00682708 5.42697 310.417 337.129 62.0602 0 0 0
A9352  ep = 2450400.5
3.16037 0.0629299 8.63094 202.006 101.843 357.333 0 0 0
A9353  ep = 2450400.5
2.05791 0.0314844 1.58062 47.7877 272.88 210.133 0 0 0
A9354  ep = 2450400.5
1.81018 0.0840649 1.78132 292.344 215.831 85.2422 0 0 0
A9355  ep = 2450400.5
3.91974 0.0309148 6.85708 215.652 308.076 179.137 0 0 0
A9356  ep = 2450400.5
2.40003 0.0281078 9.0762 20.3171 2.7363 151.496 0 0 0
A9357  ep = 2450400.5
2.94154 0.0295474 6.03132 314.694 143.603 233.354 0 0 0
A9358  ep = 2450400.5
2.96087 0.0713412 3.32075 135.724 207.749 237.901 0 0 0
A9359  ep = 2450400.5
3.05943 0.0529717 4.9577 302.361 146.624 219.034 0 0 0
A9360  ep = 2450400.5
1.92547 0.0253528 4.04555 182.49 72.6754 224.901 0 0 0
A9361  ep = 2450400.5
1.62308 0.0565728 0.192862 110.955 196.833 356.636 0 0 0
A9362  ep = 2450400.5
3.46417 0.0932535 4.11745 40.732 220.311 266.011 0 0 0
A9363  ep = 2450400.5
2.67775 0.0752755 3.55823 128.717 160.939 230.583 0 0 0
A9364  ep = 2450400.5
3.36597 0.000464966 1.14683 340.523 282.094 254.692 0 0 0
A9365  ep = 2450400.5
1.80443 0.0321878 1.79541 350.875 252.45 223.913 0 0 0
A9366  ep = 2450400.5
2.28689 0.0233464 9.82934 71.9411 129.688 295.866 0 0 0
A9367  ep = 2450400.5
1.98854 0.0671153 9.06784 267.138 56.4702 153.421 0 0 0
A9368  ep = 2450400.5
2.24051 0.0483882 8.6114 257.562 356.479 91.8889 0 0 0
A9369  ep = 2450400.5
2.24839 0.0152559 2.06186 62.9289 62.4116 252.612 0 0 0
A9370  ep = 2450400.5
3.12521 0.0530933 3.38957 301.617 51.7489 291.826 0 0 0
A9371  ep = 2450400.5
1.69089 0.00346165 2.80021 14.9974 183.837 50.1325 0 0 0
A9372  ep = 2450400.5
3.97624 0.0313389 2.12065 127.317 256.515 231.277 0 0 0
A9373  ep = 2450400.5
3.73272 0.00598114 8.25004 31.1587 86.9851 298.885 0 0 0
A9374  ep = 2450400.5
2.00324 0.0321572 0.663818 166.577 101.628 249.699 0 0 0
A9375  ep = 2450400.5
3.21952 0.0591295 8.9025 169.7 22.8651 41.3194 0 0 0
A9376  ep = 2450400.5
3.27596 0.08565 7.19177 238.361 34.5986 315.012 0 0 0
A9377  ep = 2450400.5
4.06163 0.0313797 4.99401 278.335 89.2191 9.31728 0 0 0
A9378  ep = 2450400.5
3.89451 0.0472827 7.8099 284.458 95.1156 329.671 0 0 0
A9379  ep = 2450400.5
1.98306 0.0644445 6.1928 134.946 126.241 296.753 0 0 0
A9380  ep = 2450400.5
2.83103 1.42582e-05 3.39637 331.305 283.066 62.6851 0 0 0
A9381  ep = 2450400.5
2.26811 0.0941257 1.70367 324.962 334.123 6.55839 0 0 0
A9382  ep = 2450400.5
2.21119 0.0376267 8.91383 234.675 106.956 293.007 0 0 0
A9383  ep = 2450400.5
3.3844 0.0868379 9.83951 97.7783 32.0372 137.53 0 0 0
A9384  ep = 2450400.5
2.83587 0.0245113 9.61014 357.569 150.629 359.063 0 0 0
A9385  ep = 2450400.5
1.53965 0.0468932 5.33432 67.7091 197.687 312.377 0 0 0
A9386  ep = 2450400.5
1.5902 0.0596033 7.53402 318.575 273.035 119.563 0 0 0
A9387  ep = 2450400.5
2.32577 0.00564854 0.350628 202.703 294.294 266.301 0 0 0
A9388  ep = 2450400.5
3.82572 0.0508132 0.178887 322.13 164.827 104.214 0 0 0
A9389  ep = 2450400.5
3.26576 0.0821814 7.22337 179.691 71.793 30.8118 0 0 0
A9390  ep = 2450400.5
1.78417 0.0694143 5.45382 189.305 354.65 188.88 0 0 0
A9391  ep = 2450400.5
3.39256 0.037576 8.39642 335.425 238.502 287.539 0 0 0
A9392  ep = 2450400.5
1.82312 0.00914547 9.07946 139.089 303.436 180.625 0 0 0
A9393  ep = 2450400.5
2.69615 0.0249342 7.68563 127.527 268.607 240.626 0 0 0
A9394  ep = 2450400.5
3.212 0.0703866 0.87217 82.8788 215.828 199.095 0 0 0
A9395  ep = 2450400.5
2.14026 0.0235048 3.44794 300.693 8.24798 277.333 0 0 0
A9396  ep = 2450400.5
3.60989 0.039488 3.7549 50.7596 23.2428 19.1024 0 0 0
A9397  ep = 2450400.5
3.44375 0.00548705 7.20789 67.3069 358.779 354.209 0 0 0
A9398  ep = 2450400.5
2.90174 0.0957765 9.15836 5.47414 234.64 145.715 0 0 0
A9399  ep = 2450400.5
3.2072 0.0988337 8.98406 62.9657 224.6 156.395 0 0 0
A9400  ep = 2450400.5
3.8825 0.0805066 0.738895 120.509 349.491 29.4768 0 0 0
A9401  ep = 2450400.5
1.52653 0.0464304 4.55115 338.143 209.155 78.66 0 0 0
A9402  ep = 2450400.5
2.63495 0.00758505 9.8197 11.0872 113.174 218.826 0 0 0
A9403  ep = 2450400.5
3.1677 0.0673155 0.717561 56.4003 126.256 289.254 0 0 0
A9404  ep = 2450400.5
3.93812 0.0935411 1.45794 204.41 135.487 136.588 0 0 0
A9405  ep = 2450400.5
3.40608 0.0204114 9.55202 63.4023 15.1585 193.331 0 0 0
A9406  ep = 2450400.5
2.16997 0.0148328 1.94831 30.7069 78.0545 293.223 0 0 0
A9407  ep = 2450400.5
2.21079 0.0314303 2.48299 303.226 298.662 101.919 0 0 0
A9408  ep = 2450400.5
2.25125 0.0370206 2.04969 256.582 346.846 230.617 0 0 0
A9409  ep = 2450400.5
3.93296 0.0205691 3.05208 293.756 67.4261 241.26 0 0 0
A9410  ep = 2450400.5
3.76224 0.00322024 3.22588 242.769 7.32002 265.258 0 0 0
A9411  ep = 2450400.5
3.8265 0.0658037 6.62878 251.779 328.506 173.493 0 0 0
A9412  ep = 2450400.5
1.85233 0.0419394 5.75071 215.687 139.482 18.2596 0 0 0
A9413  ep = 2450400.5
3.61852 0.0641989 2.91076 321.596 206.181 1.77481 0 0 0
A9414  ep = 2450400.5
1.94519 0.040243 0.640219 331.514 276.857 14.7775 0 0 0
A9415  ep = 2450400.5
2.13637 0.0805459 8.34962 171.923 282.592 310.794 0 0 0
A9416  ep = 2450400.5
2.18904 0.0800179 6.60668 171.11 135.468 219.443 0 0 0
A9417  ep = 2450400.5
3.66964 0.0710748 4.54281 165.321 33.6212 207.893 0 0 0
A9418  ep = 2450400.5
4.07353 0.0250181 4.79646 302.344 193.477 187.411 0 0 0
A9419  ep = 2450400.5
3.12157 0.0580551 9.31918 207.91 286.861 308.817 0 0 0
A9420  ep = 2450400.5
1.75872 0.0820616 7.08934 283.751 307.659 328.35 0 0 0
A9421  ep = 2450400.5
3.32277 0.0468115 8.60861 231.474 128.759 145.611 0 0 0
A9422  ep = 2450400.5
1.83985 0.0467241 7.92721 188.762 121.559 328.133 0 0 0
A9423  ep = 2450400.5
3.1386 0.0932071 1.31989 232.793 43.19 346.566 0 0 0
A9424  ep = 2450400.5
3.76198 0.0346413 4.15782 50.8661 240.573 25.7339 0 0 0
A9425  ep = 2450400.5
2.07815 0.043602 3.1836 131.756 103.779 218.46 0 0 0
A9426  ep = 2450400.5
3.49656 0.0109658 7.01544 252.931 108.181 220.961 0 0 0
A9427  ep = 2450400.5
2.69427 0.0440977 8.50184 323.341 355.882 14.6819 0 0 0
A9428  ep = 2450400.5
2.60685 0.0626855 8.55723 108.113 233.514 327.636 0 0 0
A9429  ep = 2450400.5
2.36153 0.0534763 3.76076 7.14362 50.8603 55.607 0 0 0
A9430  ep = 2450400.5
2.17152 0.0490286 2.23241 352.53 72.7835 90.0289 0 0 0
A9431  ep = 2450400.5
3.74978 0.0179787 6.68285 212.557 246.963 103.545 0 0 0
A9432  ep = 2450400.5
3.57438 0.0413545 8.4558 237.912 4.93687 25.6604 0 0 0
A9433  ep = 2450400.5
4.01565 0.0707855 8.91776 333.833 285.029 198.775 0 0 0
A9434  ep = 2450400.5
2.07151 0.0486628 7.76514 207.069 28.2261 24.8231 0 0 0
A9435  ep = 2450400.5
3.12656 0.00554511 1.96597 300.89 49.159 358.425 0 0 0
A9436  ep = 2450400.5
2.3455 0.000157028 7.39178 324.799 197.9 111.02 0 0 0
A9437  ep = 2450400.5
1.74913 0.0932512 0.722808 6.33366 27.5233 260.787 0 0 0
A9438  ep = 2450400.5
2.15649 0.0660498 7.98766 78.418 6.8072 48.4021 0 0 0
A9439  ep = 2450400.5
1.74957 0.0624005 6.65622 60.9407 189.817 224.756 0 0 0
A9440  ep = 2450400.5
3.16586 0.049973 3.96263 294.914 157.797 254.672 0 0 0
A9441  ep = 2450400.5
2.94482 0.0101247 7.66335 256.429 269.442 43.912 0 0 0
A9442  ep = 2450400.5
2.92953 0.0755217 8.93748 240.441 32.5009 219.902 0 0 0
A9443  ep = 2450400.5
3.69588 0.0215043 3.23035 354.117 76.7616 87.0501 0 0 0
A9444  ep = 2450400.5
3.56457 0.0532274 5.92982 344.17 174.703 145.202 0 0 0
A9445  ep = 2450400.5
2.51155 0.035787 1.72842 50.0586 24.5814 359.217 0 0 0
A9446  ep = 2450400.5
2.36104 0.0725832 2.06464 327.137 33.1797 91.695 0 0 0
A9447  ep = 2450400.5
2.02482 0.0297094 6.26056 222.04 323.261 40.3836 0 0 0
A9448  ep = 2450400.5
2.29998 0.0711171 9.65155 268.169 331.3 316.8 0 0 0
A9449  ep = 2450400.5
2.01835 0.0311522 3.74547 3.85189 301.208 147.786 0 0 0
A9450  ep = 2450400.5
3.61628 0.0896848 5.32014 36.7828 249.172 124.573 0 0 0
A9451  ep = 2450400.5
2.68936 0.0387581 2.07743 278.206 262.934 100.965 0 0 0
A9452  ep = 2450400.5
3.49171 0.0767214 8.57306 144.565 276.556 115.376 0 0 0
A9453  ep = 2450400.5
2.12534 0.0858196 6.70384 178.731 223.668 149.171 0 0 0
A9454  ep = 2450400.5
3.37142 0.0659581 4.57833 188.855 154.926 358.304 0 0 0
A9455  ep = 2450400.5
3.73541 0.0767138 7.28067 47.9469 271.636 293.805 0 0 0
A9456  ep = 2450400.5
2.55125 0.0393136 5.43948 97.7697 135.215 67.9543 0 0 0
A9457  ep = 2450400.5
3.57905 0.0508044 5.68735 243.624 299.58 101.498 0 0 0
A9458  ep = 2450400.5
3.63603 0.0379388 4.3706 62.9726 87.0599 47.6992 0 0 0
A9459  ep = 2450400.5
4.05738 0.0237394 6.8742 336.665 273.073 134.139 0 0 0
A9460  ep = 2450400.5
3.41127 0.0363481 7.02033 136.846 71.4713 145.624 0 0 0
A9461  ep = 2450400.5
4.02144 0.0688568 9.76652 233.296 71.6274 188.811 0 0 0
A9462  ep = 2450400.5
3.33566 0.0253005 9.24819 265.238 355.138 259.648 0 0 0
A9463  ep = 2450400.5
2.62935 0.0919492 8.90918 66.6214 326.856 244.367 0 0 0
A9464  ep = 2450400.5
1.90365 0.0310354 8.12513 45.5782 277.317 58.191 0 0 0
A9465  ep = 2450400.5
3.25183 0.0834022 4.40832 78.1628 161.782 124.725 0 0 0
A9466  ep = 2450400.5
3.28197 0.044933 3.89045 234.539 182.244 96.209 0 0 0
A9467  ep = 2450400.5
2.24651 0.0775657 0.458917 231.106 96.5528 190.915 0 0 0
A9468  ep = 2450400.5
3.20037 0.071626 5.17488 21.0649 3.63714 111.937 0 0 0
A9469  ep = 2450400.5
3.59192 0.0627973 5.34046 283.597 342.155 211.385 0 0 0
A9470  ep = 2450400.5
3.98204 0.0460393 2.82593 167.095 223.517 82.7366 0 0 0
A9471  ep = 2450400.5
2.76244 0.0309257 9.68039 220.269 359.326 276.074 0 0 0
A9472  ep = 2450400.5
2.80131 0.0884242 6.46064 243.935 41.3661 291.694 0 0 0
A9473  ep = 2450400.5
3.15521 0.0490014 5.66221 66.5572 171.888 262.372 0 0 0
A9474  ep = 2450400.5
3.97398 0.00951341 9.91818 286.333 228.659 351.615 0 0 0
A9475  ep = 2450400.5
3.08718 0.0335773 5.32932 124.146 7.10555 229.528 0 0 0
A9476  ep = 2450400.5
1.85245 0.0427433 3.86964 34.6864 208.877 300.518 0 0 0
A9477  ep = 2450400.5
3.63797 0.0823964 8.35653 148.367 245.68 260.701 0 0 0
A9478  ep = 2450400.5
2.71616 0.08771 6.41178 64.5192 85.4578 24.2434 0 0 0
A9479  ep = 2450400.5
3.95369 0.0630294 0.355314 43.6645 200.004 237.196 0 0 0
A9480  ep = 2450400.5
2.00505 0.00618787 2.99535 253.588 231.725 118.306 0 0 0
A9481  ep = 2450400.5
2.62429 0.0697626 4.99711 224.084 354.171 62.9351 0 0 0
A9482  ep = 2450400.5
1.53614 0.0409729 1.31004 253.841 31.6529 88.9521 0 0 0
A9483  ep = 2450400.5
2.98869 0.0646026 1.75474 130.116 100.566 283.617 0 0 0
A9484  ep = 2450400.5
2.94068 0.0851442 7.17978 211.694 172.141 90.5824 0 0 0
A9485  ep = 2450400.5
2.23691 0.0152023 5.05186 152.88 308.588 55.156 0 0 0
A9486  ep = 2450400.5
3.3129 0.0727534 8.6573 210.731 53.6857 185.32 0 0 0
A9487  ep = 2450400.5
2.2206 0.00461721 4.01385 231.704 175.401 197.021 0 0 0
A9488  ep = 2450400.5
3.52516 0.0488873 4.48551 34.0156 351.375 85.4547 0 0 0
A9489  ep = 2450400.5
3.72825 0.0226727 2.60302 295.397 64.2255 168.996 0 0 0
A9490  ep = 2450400.5
2.69154 0.0135402 5.70858 299.492 355.477 144.616 0 0 0
A9491  ep = 2450400.5
2.72105 0.0680569 4.32162 339.049 51.2778 36.2234 0 0 0
A9492  ep = 2450400.5
2.99281 0.0989949 8.07144 311.966 187.852 341.741 0 0 0
A9493  ep = 2450400.5
2.59425 0.0218843 7.09869 316.001 344.578 150.215 0 0 0
A9494  ep = 2450400.5
3.97946 0.0053397 7.44364 127.413 230.49 162.352 0 0 0
A9495  ep = 2450400.5
2.64749 0.0327138 4.20143 145.879 261.944 356.993 0 0 0
A9496  ep = 2450400.5
2.87012 0.0249101 4.63211 132.107 191.939 97.7614 0 0 0
A9497  ep = 2450400.5
1.54523 0.00893694 9.03117 168.911 161.677 113.966 0 0 0
A9498  ep = 2450400.5
3.59277 0.0612291 5.78015 248.37 350.232 120.853 0 0 0
A9499  ep = 2450400.5
3.01476 0.0659475 7.8034 25.8793 112.177 289.103 0 0 0
A9500  ep = 2450400.5
2.46685 0.0550512 1.45911 51.9406 129.467 281.896 0 0 0
A9501  ep = 2450400.5
2.62917 0.0328291 7.5896 226.876 229.828 332.056 0 0 0
A9502  ep = 2450400.5
2.96466 0.0729441 0.706654 338.039 54.5629 210.234 0 0 0
A9503  ep = 2450400.5
2.34429 0.0252521 8.11502 97.4313 124.892 313.835 0 0 0
A9504  ep = 2450400.5
3.12511 0.0177063 6.89591 265.25 92.8851 166.404 0 0 0
A9505  ep = 2450400.5
2.60157 0.0719017 6.51939 319.207 148.119 16.6306 0 0 0
A9506  ep = 2450400.5
3.99927 0.0777506 1.53806 119.289 161.874 88.8492 0 0 0
A9507  ep = 2450400.5
2.16608 0.0630061 4.4345 137.288 11.9375 212.02 0 0 0
A9508  ep = 2450400.5
1.69234 0.0922015 0.313925 57.0665 200.441 147.989 0 0 0
A9509  ep = 2450400.5
2.55327 0.034895 2.80605 58.1927 190.547 348.914 0 0 0
A9510  ep = 2450400.5
2.30318 0.0923383 8.3005 141.523 298.513 156.178 0 0 0
A9511  ep = 2450400.5
3.49229 0.0642434 2.39484 114.519 85.8437 333.895 0 0 0
A9512  ep = 2450400.5
2.01656 0.0238271 8.61352 159.613 285.284 261.794 0 0 0
A9513  ep = 2450400.5
2.53942 0.0990997 4.67968 145.156 198.548 251.541 0 0 0
A9514  ep = 2450400.5
2.40589 0.0202905 5.21755 329.41 220.855 286.056 0 0 0
A9515  ep = 2450400.5
1.92762 0.0434096 1.84982 145.484 58.5419 143.803 0 0 0
A9516  ep = 2450400.5
2.77611 0.013982 2.9585 58.2574 253.575 267.806 0 0 0
A9517  ep = 2450400.5
2.57979 0.0264521 8.79764 282.744 349.878 109.048 0 0 0
A9518  ep = 2450400.5
2.12596 0.0667702 1.06179 145.642 278.289 340.791 0 0 0
A9519  ep = 2450400.5
1.78422 0.045172 8.05061 321.889 19.2513 354.529 0 0 0
A9520  ep = 2450400.5
3.70976 0.0884569 6.9558 137.123 123.358 125.318 0 0 0
A9521  ep = 2450400.5
2.75456 0.0787315 0.403498 119.531 115.182 7.56675 0 0 0
A9522  ep = 2450400.5
1.89468 0.044543 4.33545 251.907 215.293 125.506 0 0 0
A9523  ep = 2450400.5
2.17925 0.00196484 9.23067 133.684 195.598 96.6572 0 0 0
A9524  ep = 2450400.5
2.03235 0.00453931 6.92177 282.032 49.842 341.034 0 0 0
A9525  ep = 2450400.5
3.7452 0.0937648 2.04524 14.5554 15.5269 122.367 0 0 0
A9526  ep = 2450400.5
2.61027 0.00730691 2.07191 120.114 13.2623 116.017 0 0 0
A9527  ep = 2450400.5
2.42857 0.0137697 9.27746 139.145 104.118 133.637 0 0 0
A9528  ep = 2450400.5
2.92187 0.0613078 7.00407 154.726 37.3205 303.401 0 0 0
A9529  ep = 2450400.5
2.01774 0.0930233 9.42888 242.095 81.995 188.443 0 0 0
A9530  ep = 2450400.5
3.6384 0.0155971 0.402367 114.259 251.132 291.662 0 0 0
A9531  ep = 2450400.5
2.89245 0.000910622 3.04825 122.654 111.401 183.111 0 0 0
A9532  ep = 2450400.5
2.69248 0.053627 7.08732 118.525 302.943 357.573 0 0 0
A9533  ep = 2450400.5
3.7021 0.0305657 9.18032 282.781 198.743 172.783 0 0 0
A9534  ep = 2450400.5
2.58781 0.00194799 7.39923 14.2797 283.002 267.762 0 0 0
A9535  ep = 2450400.5
1.82005 0.0896795 5.42785 202.464 165.847 292.969 0 0 0
A9536  ep = 2450400.5
2.42683 0.0932225 3.89744 46.6054 251.285 18.2873 0 0 0
A9537  ep = 2450400.5
1.91958 0.0304115 9.26522 1.87952 208.564 300.062 0 0 0
A9538  ep = 2450400.5
1.69359 0.0102433 0.587922 336.104 157.127 334.319 0 0 0
A9539  ep = 2450400.5
2.38122 0.0315145 9.64231 54.0186 331.025 96.1447 0 0 0
A9540  ep = 2450400.5
1.86302 0.00981955 6.3716 27.0287 186.003 235.187 0 0 0
A9541  ep = 2450400.5
3.73845 0.010251 1.88883 95.5765 104.23 118.122 0 0 0
A9542  ep = 2450400.5
3.24404 0.000590951 5.3211 12.7449 325.986 109.089 0 0 0
A9543  ep = 2450400.5
3.72653 0.0554344 8.85784 321.442 59.3864 51.2279 0 0 0
A9544  ep = 2450400.5
3.55385 0.0327771 7.84802 61.0676 177.79 49.0424 0 0 0
A9545  ep = 2450400.5
2.29575 0.0295812 6.70523 185.151 59.4655 181.431 0 0 0
A9546  ep = 2450400.5
2.5141 0.0365036 3.16626 13.5704 343.087 235.878 0 0 0
A9547  ep = 2450400.5
3.33763 0.0760795 2.6871 86.3352 283.949 18.5877 0 0 0
A9548  ep = 2450400.5
2.04233 0.0181642 4.85461 196.573 142.052 95.2055 0 0 0
A9549  ep = 2450400.5
3.73934 0.0207009 8.19594 64.6546 252.253 321.874 0 0 0
A9550  ep = 2450400.5
1.89925 0.0358734 3.23426 151.788 256.28 314.437 0 0 0
A9551  ep = 2450400.5
2.18944 0.051025 8.76345 122.14 77.3295 270.417 0 0 0
A9552  ep = 2450400.5
3.65964 0.0487029 4.50358 85.2065 238.555 241.861 0 0 0
A9553  ep = 2450400.5
2.89761 0.0276153 7.30699 314.201 215.788 292.501 0 0 0
A9554  ep = 2450400.5
3.15666 0.0380039 9.31517 327.834 237.018 141.973 0 0 0
A9555  ep = 2450400.5
3.77512 0.0363103 5.67547 103.1 137.006 8.45934 0 0 0
A9556  ep = 2450400.5
2.13359 0.0120218 0.50416 232.087 33.2898 83.6924 0 0 0
A9557  ep = 2450400.5
2.67513 0.0324202 1.86348 277.058 47.1169 264.627 0 0 0
A9558  ep = 2450400.5
1.72967 0.0462484 6.96566 57.7656 180.128 297.065 0 0 0
A9559  ep = 2450400.5
1.88445 0.00395098 1.04058 292.106 103.17 68.2757 0 0 0
A9560  ep = 2450400.5
3.36927 0.0479387 2.05239 351.961 329.003 86.6875 0 0 0
A9561  ep = 2450400.5
2.25004 0.0885551 2.44924 343.135 18.1563 196.036 0 0 0
A9562  ep = 2450400.5
2.91329 0.0852779 2.65524 200.835 146.783 291.429 0 0 0
A9563  ep = 2450400.5
2.44196 0.0162961 2.89357 22.856 132.707 282.931 0 0 0
A9564  ep = 2450400.5
3.01997 0.0717347 3.45559 137.887 324.826 89.9987 0 0 0
A9565  ep = 2450400.5
2.64454 0.0733479 6.58007 130.391 179.685 19.011 0 0 0
A9566  ep = 2450400.5
3.17356 0.00528458 2.17956 37.6373 152.378 335.593 0 0 0
A9567  ep = 2450400.5
1.53451 0.0912646 2.83699 161.296 179.642 254.882 0 0 0
A9568  ep = 2450400.5
3.74654 0.0512589 6.0839 56.084 181.674 171.227 0 0 0
A9569  ep = 2450400.5
1.95086 0.00636596 4.92739 38.2095 91.4181 132.005 0 0 0
A9570  ep = 2450400.5
2.87996 0.0995011 9.14508 240.535 285.917 23.7406 0 0 0
A9571  ep = 2450400.5
2.47564 0.0889424 3.54837 347.268 247.481 111.484 0 0 0
A9572  ep = 2450400.5
2.92875 0.026973 3.35699 280.853 270.547 46.747 0 0 0
A9573  ep = 2450400.5
3.28261 0.0631062 2.25344 9.68163 229.058 343.37 0 0 0
A9574  ep = 2450400.5
3.46145 0.0721562 6.29166 224.878 1.45347 279.468 0 0 0
A9575  ep = 2450400.5
4.07234 0.0772797 6.40445 110.024 247.356 247.584 0 0 0
A9576  ep = 2450400.5
2.76063 0.0654501 9.19035 290.397 101.265 275.757 0 0 0
A9577  ep = 2450400.5
1.73561 0.0867799 7.09139 312.325 212.337 68.1551 0 0 0
A9578  ep = 2450400.5
3.87688 0.0615997 7.06733 337.311 357.083 100.594 0 0 0
A9579  ep = 2450400.5
3.29408 0.0856938 9.5566 161.126 208.486 82.313 0 0 0
A9580  ep = 2450400.5
2.2546 0.0971519 7.31804 244.049 334.428 191.734 0 0 0
A9581  ep = 2450400.5
2.24648 0.0266588 6.54654 96.9951 195.158 67.0615 0 0 0
A9582  ep = 2450400.5
1.54406 0.00712089 6.8072 188.018 141.964 121.561 0 0 0
A9583  ep = 2450400.5
2.42077 0.010484 9.05038 199.465 107.801 346.785 0 0 0
A9584  ep = 2450400.5
2.5753 0.0319059 7.41775 232.03 74.8983 175.906 0 0 0
A9585  ep = 2450400.5
1.6403 0.0358184 0.995885 318.42 153.776 229.172 0 0 0
A9586  ep = 2450400.5
3.62627 0.0817631 8.92562 128.256 15.0272 174.26 0 0 0
A9587  ep = 2450400.5
1.60385 0.0800177 7.58313 69.4937 140.372 258.886 0 0 0
A9588  ep = 2450400.5
3.32766 0.0955763 3.51039 58.2232 294.727 288.467 0 0 0
A9589  ep = 2450400.5
1.82207 0.0937815 9.84895 54.8504 223.529 112.583 0 0 0
A9590  ep = 2450400.5
3.47381 0.0867507 9.19262 262.53 311.808 144.471 0 0 0
A9591  ep = 2450400.5
3.19828 0.0777132 4.25815 41.5556 211.312 204.061 0 0 0
A9592  ep = 2450400.5
3.81987 0.085133 6.30501 59.4619 137.881 315.233 0 0 0
A9593  ep = 2450400.5
1.72722 0.0163165 4.31772 70.5185 313.365 1.65674 0 0 0
A9594  ep = 2450400.5
2.62878 0.0839038 2.70373 63.6061 319.071 328.749 0 0 0
A9595  ep = 2450400.5
3.00779 0.065647 8.28717 87.4102 310.644 298.029 0 0 0
A9596  ep = 2450400.5
2.29508 0.091858 4.57701 144.571 256.527 265.082 0 0 0
A9597  ep = 2450400.5
3.69859 0.0552004 5.5381 131.258 87.5235 294.7 0 0 0
A9598  ep = 2450400.5
2.97655 0.0822445 3.83941 309.508 261.781 317.293 0 0 0
A9599  ep = 2450400.5
3.67668 0.0553145 4.71404 212.506 70.3583 14.054 0 0 0
A9600  ep = 2450400.5
3.33054 0.0491151 6.77118 349.09 81.8336 119.166 0 0 0
A9601  ep = 2450400.5
2.13656 0.0419473 3.08256 37.0667 280.614 195.03 0 0 0
A9602  ep = 2450400.5
3.81138 0.0669208 0.382116 72.8059 124.756 63.262 0 0 0
A9603  ep = 2450400.5
1.51454 0.0067951 6.05204 10.8387 178.507 268.135 0 0 0
A9604  ep = 2450400.5
1.68228 0.0753396 5.32556 136.384 79.3183 356.437 0 0 0
A9605  ep = 2450400.5
3.54599 0.0239065 6.96002 282.503 241.04 98.1071 0 0 0
A9606  ep = 2450400.5
3.28779 0.0500851 3.80569 210.001 155.443 38.0777 0 0 0
A9607  ep = 2450400.5
3.11966 0.0845231 4.79039 207.743 267.888 152.823 0 0 0
A9608  ep = 2450400.5
3.00917 0.00165108 1.49741 84.6064 231.36 48.9258 0 0 0
A9609  ep = 2450400.5
3.49664 0.0931482 0.426078 303.746 82.0281 326.456 0 0 0
A9610  ep = 2450400.5
2.7004 0.0826125 8.67924 350.049 193.657 285.964 0 0 0
A9611  ep = 2450400.5
3.5278 0.00968712 3.11486 147.035 131.075 258.049 0 0 0
A9612  ep = 2450400.5
2.21772 0.0594023 5.7509 285.02 127.231 277.855 0 0 0
A9613  ep = 2450400.5
3.08415 0.080934 8.58554 60.5261 211.623 167.488 0 0 0
A9614  ep = 2450400.5
3.12075 0.0531312 6.76413 282.641 200.598 157.571 0 0 0
A9615  ep = 2450400.5
4.04621 0.0669679 6.28977 322.845 245.314 46.4836 0 0 0
A9616  ep = 2450400.5
2.83993 0.0644608 5.92109 99.2285 272.498 192.647 0 0 0
A9617  ep = 2450400.5
1.59599 0.0974862 0.501924 280.246 189.142 202.296 0 0 0
A9618  ep = 2450400.5
2.52962 0.0295958 6.16243 57.0202 12.1984 280.747 0 0 0
A9619  ep = 2450400.5
2.13086 0.0211293 0.208102 346.968 192.878 62.8317 0 0 0
A9620  ep = 2450400.5
2.11118 0.0901259 1.4518 85.3521 223.157 306.918 0 0 0
A9621  ep = 2450400.5
3.46307 0.0571992 1.46978 164.817 260.49 66.3959 0 0 0
A9622  ep = 2450400.5
2.64488 0.0970659 1.865 302.144 12.8429 193.971 0 0 0
A9623  ep = 2450400.5
1.78085 0.0145067 0.138078 22.3329 278.514 113.744 0 0 0
A9624  ep = 2450400.5
2.03557 0.018993 3.15968 354.481 223.388 60.5466 0 0 0
A9625  ep = 2450400.5
2.8295 0.0643688 1.45916 325.242 19.8887 5.36226 0 0 0
A9626  ep = 2450400.5
3.03069 0.0600531 7.12894 113.893 161.846 143.605 0 0 0
A9627  ep = 2450400.5
2.38996 0.0946914 4.78797 317.521 22.0974 47.0917 0 0 0
A9628  ep = 2450400.5
2.47158 0.0671458 3.19421 107.447 165.937 32.2565 0 0 0
A9629  ep = 2450400.5
3.21719 0.0330165 3.08752 42.7443 130.991 297.301 0 0 0
A9630  ep = 2450400.5
2.72079 0.084278 1.61057 184.598 214.768 35.248 0 0 0
A9631  ep = 2450400.5
2.7344 0.095593 4.31907 51.3276 296.036 158.556 0 0 0
A9632  ep = 2450400.5
3.23286 0.0746628 0.570821 205.881 326.478 237.208 0 0 0
A9633  ep = 2450400.5
3.94578 0.0940416 7.57029 283.001 139.883 304.285 0 0 0
A9634  ep = 2450400.5
4.02712 0.0848525 1.16638 234.315 7.10574 165.063 0 0 0
A9635  ep = 2450400.5
3.23739 0.0955287 9.50885 74.9427 90.093 232.898 0 0 0
A9636  ep = 2450400.5
1.99652 0.0201082 0.590404 321.945 137.907 289.042 0 0 0
A9637  ep = 2450400.5
4.0162 0.0949454 0.475776 38.9437 80.2754 25.1764 0 0 0
A9638  ep = 2450400.5
2.49282 0.087088 3.87476 290.585 161.616 174.081 0 0 0
A9639  ep = 2450400.5
4.08276 0.0442886 9.57951 53.1847 347.844 129.851 0 0 0
A9640  ep = 2450400.5
2.68937 0.0552792 7.78127 83.6474 296.687 283.93 0 0 0
A9641  ep = 2450400.5
3.36939 0.0124812 9.70975 115.737 6.1317 295.564 0 0 0
A9642  ep = 2450400.5
3.89731 0.076873 4.04891 82.1174 289.173 64.7177 0 0 0
A9643  ep = 2450400.5
3.23487 0.0975696 6.51904 160.446 347.658 73.7681 0 0 0
A9644  ep = 2450400.5
2.8011 0.0907515 7.60108 326.291 171.38 147.38 0 0 0
A9645  ep = 2450400.5
4.09772 0.0889611 0.694271 63.8943 213.666 1.6324 0 0 0
A9646  ep = 2450400.5
3.27063 0.0531802 8.00073 264.528 125.896 180.125 0 0 0
A9647  ep = 2450400.5
3.74536 0.0979775 5.07305 15.9918 210.752 235.592 0 0 0
A9648  ep = 2450400.5
3.66805 0.0643253 2.14947 155.716 51.346 227.49 0 0 0
A9649  ep = 2450400.5
1.73568 0.0179691 7.06751 303.13 341.871 351.63 0 0 0
A9650  ep = 2450400.5
2.15481 0.0351756 5.95544 256.297 326.876 17.7701 0 0 0
A9651  ep = 2450400.5
2.91151 0.0193569 2.31662 58.6794 90.6593 96.3393 0 0 0
A9652  ep = 2450400.5
2.67273 0.0713642 9.18444 237.181 222.615 314.652 0 0 0
A9653  ep = 2450400.5
1.71258 0.0917822 2.83518 216.748 281.367 85.4356 0 0 0
A9654  ep = 2450400.5
3.78675 0.086544 1.44282 342.384 200.259 82.0474 0 0 0
A9655  ep = 2450400.5
3.06963 0.0685769 2.72075 211.406 122.136 323.825 0 0 0
A9656  ep = 2450400.5
2.61175 0.0550325 1.30483 72.8164 314.222 100.411 0 0 0
A9657  ep = 2450400.5
3.44013 0.0718996 5.17033 191.209 63.6999 355.441 0 0 0
A9658  ep = 2450400.5
1.58485 0.00480974 7.37244 332.245 315.51 315.809 0 0 0
A9659  ep = 2450400.5
3.69841 0.0606581 9.80037 208.717 209.628 191.616 0 0 0
A9660  ep = 2450400.5
3.24189 0.0873384 3.96175 250.698 233.318 173.645 0 0 0
A9661  ep = 2450400.5
2.40827 0.0252648 4.24738 200.146 54.588 183.517 0 0 0
A9662  ep = 2450400.5
2.86525 0.0386092 1.04181 189.698 38.9403 351.836 0 0 0
A9663  ep = 2450400.5
3.43868 0.0234375 1.14538 110.689 291.983 269.192 0 0 0
A9664  ep = 2450400.5
3.50064 0.0403223 1.96212 345.293 264.659 33.2764 0 0 0
A9665  ep = 2450400.5
4.01637 0.0164898 2.44662 117.922 216.484 183.637 0 0 0
A9666  ep = 2450400.5
2.24548 0.0942973 6.54948 150.365 165.518 102.888 0 0 0
A9667  ep = 2450400.5
3.33856 0.0871742 9.36281 0.0676162 231.801 238.322 0 0 0
A9668  ep = 2450400.5
2.84555 0.0992579 9.27525 141.917 314.707 96.6028 0 0 0
A9669  ep = 2450400.5
2.1315 0.0346133 8.45253 285.39 167.582 25.0402 0 0 0
A9670  ep = 2450400.5
2.13225 0.0182289 0.7256 136.234 161.933 314.165 0 0 0
A9671  ep = 2450400.5
3.64619 0.0490334 8.04211 319.945 357.816 296.171 0 0 0
A9672  ep = 2450400.5
3.10772 0.0192565 5.44426 53.2796 10.402 326.909 0 0 0
A9673  ep = 2450400.5
3.70566 0.0512417 7.18996 30.4152 193.398 141.633 0 0 0
A9674  ep = 2450400.5
1.87746 0.026747 6.37432 205.549 65.237 37.4621 0 0 0
A9675  ep = 2450400.5
1.75948 0.0422707 5.4298 303.097 127.243 89.4904 0 0 0
A9676  ep = 2450400.5
1.96279 0.0170863 3.69006 265.754 346.089 204.935 0 0 0
A9677  ep = 2450400.5
3.71129 0.0752667 2.07138 164.573 338.352 138.094 0 0 0
A9678  ep = 2450400.5
3.79685 0.0400484 4.93118 116.234 187.03 3.47229 0 0 0
A9679  ep = 2450400.5
3.29881 0.0409602 7.18539 156.397 349.733 212.609 0 0 0
A9680  ep = 2450400.5
2.35551 0.0186543 3.23396 270.722 142.266 252.767 0 0 0
A9681  ep = 2450400.5
2.07794 0.0602899 2.92362 311.23 285.156 313.989 0 0 0
A9682  ep = 2450400.5
2.66872 0.033536 2.39899 146.322 245.856 325.003 0 0 0
A9683  ep = 2450400.5
1.54431 0.0472832 3.88548 67.3385 321.049 163.981 0 0 0
A9684  ep = 2450400.5
3.89373 0.0887084 0.213756 181.434 107.361 304.571 0 0 0
A9685  ep = 2450400.5
2.68829 0.0110457 2.45728 215.606 299.107 90.3713 0 0 0
A9686  ep = 2450400.5
3.36463 0.0813373 1.366 213.309 304.601 169.563 0 0 0
A9687  ep = 2450400.5
3.62591 0.0860965 4.23983 335.269 253.365 170.906 0 0 0
A9688  ep = 2450400.5
3.12394 0.0954444 7.3363 237.422 255.82 295.12 0 0 0
A9689  ep = 2450400.5
3.97309 0.069796 1.61238 338.546 133.541 276.553 0 0 0
A9690  ep = 2450400.5
3.8007 0.0863788 9.68809 334.673 199.477 357.254 0 0 0
A9691  ep = 2450400.5
4.02411 0.00184629 1.30543 29.783 240.628 228.251 0 0 0
A9692  ep = 2450400.5
2.84047 0.0887789 2.06654 248.515 41.2931 55.1372 0 0 0
A9693  ep = 2450400.5
3.73475 0.0892007 9.96104 177.1 113.028 159.794 0 0 0
A9694  ep = 2450400.5
3.10952 0.0706015 5.98744 235.486 72.2767 227.393 0 0 0
A9695  ep = 2450400.5
2.52137 0.0348754 0.500661 0.840923 115.632 325.091 0 0 0
A9696  ep = 2450400.5
2.53331 0.0299336 9.93302 280.927 161.342 235.055 0 0 0
A9697  ep = 2450400.5
2.54837 0.0857404 4.39174 260.726 13.4232 267.619 0 0 0
A9698  ep = 2450400.5
1.7903 0.0602442 9.23607 353.835 353.144 238.85 0 0 0
A9699  ep = 2450400.5
2.62253 0.0817721 3.43453 63.4514 46.4851 150.368 0 0 0
A9700  ep = 2450400.5
1.69219 0.080632 9.81449 31.3033 111.721 182.689 0 0 0
A9701  ep = 2450400.5
2.42133 0.0291266 0.302411 21.2063 289.157 32.0672 0 0 0
A9702  ep = 2450400.5
1.76215 0.0879103 8.07637 98.6758 298.969 59.414 0 0 0
A9703  ep = 2450400.5
3.2757 0.084038 8.2716 324.934 174.628 1.09937 0 0 0
A9704  ep = 2450400.5
2.38617 0.0975053 9.71634 223.442 231.171 263.273 0 0 0
A9705  ep = 2450400.5
3.43224 0.0735216 1.7771 203.339 100.543 195.515 0 0 0
A9706  ep = 2450400.5
2.30729 0.0752623 7.33895 168.249 15.3305 232.424 0 0 0
A9707  ep = 2450400.5
3.26337 0.0754925 8.01931 40.5002 211.241 201.595 0 0 0
A9708  ep = 2450400.5
3.04149 0.0674528 2.78798 56.6569 225.863 321.433 0 0 0
A9709  ep = 2450400.5
1.6921 0.0963374 0.433909 217.046 200.046 164.798 0 0 0
A9710  ep = 2450400.5
3.29454 0.0896333 3.66794 303.743 162.869 8.85563 0 0 0
A9711  ep = 2450400.5
3.60607 0.0554377 0.409201 259.081 125.305 171.474 0 0 0
A9712  ep = 2450400.5
2.99195 0.0527481 2.37195 150.582 213.605 17.6164 0 0 0
A9713  ep = 2450400.5
3.90126 0.0701487 7.88951 141.658 56.9819 42.7468 0 0 0
A9714  ep = 2450400.5
3.11951 0.0953252 5.31437 63.7721 347.044 197.525 0 0 0
A9715  ep = 2450400.5
3.93582 0.00847445 3.3008 56.6582 266.194 254.612 0 0 0
A9716  ep = 2450400.5
3.94803 0.0434189 7.40628 266.737 171.093 179.754 0 0 0
A9717  ep = 2450400.5
2.16953 0.0731979 1.37008 352.751 13.171 63.775 0 0 0
A9718  ep = 2450400.5
3.76294 0.0500919 6.93851 220.338 352.304 356.504 0 0 0
A9719  ep = 2450400.5
3.2708 0.0744364 5.51949 286.896 160.668 108.154 0 0 0
A9720  ep = 2450400.5
1.83589 0.0238652 6.02256 323.078 239.973 300.771 0 0 0
A9721  ep = 2450400.5
1.99276 0.0367785 6.36091 190.626 24.6087 311.715 0 0 0
A9722  ep = 2450400.5
3.67157 0.0111274 2.17996 302.177 244.387 23.978 0 0 0
A9723  ep = 2450400.5
3.5679 0.022551 2.15314 223.493 255.204 279.954 0 0 0
A9724  ep = 2450400.5
2.8651 0.0916034 9.77686 41.4339 352.475 132.671 0 0 0
A9725  ep = 2450400.5
2.6689 0.0223101 0.656964 128.984 337.368 318.82 0 0 0
A9726  ep = 2450400.5
3.84204 0.016883 2.52235 71.7541 160.103 115.454 0 0 0
A9727  ep = 2450400.5
2.85011 0.039546 8.49573 288.989 240.404 176.631 0 0 0
A9728  ep = 2450400.5
2.64893 0.0651053 6.24438 118.172 156.073 275.194 0 0 0
A9729  ep = 2450400.5
3.47214 0.0167034 2.34567 41.4209 279.172 37.2342 0 0 0
A9730  ep = 2450400.5
1.70479 0.00447841 8.68609 93.3891 44.8744 261.968 0 0 0
A9731  ep = 2450400.5
3.66311 0.052565 9.59353 213.778 218.332 123.324 0 0 0
A9732  ep = 2450400.5
1.81507 0.0955434 2.9774 111.44 57.3384 56.4286 0 0 0
A9733  ep = 2450400.5
2.59307 0.0125352 5.78598 145.473 325.764 224.158 0 0 0
A9734  ep = 2450400.5
1.74449 0.0646002 5.35938 225.958 135.297 133.111 0 0 0
A9735  ep = 2450400.5
1.60345 0.0860495 4.34233 266.25 288.806 233.701 0 0 0
A9736  ep = 2450400.5
2.59307 0.0226572 5.98883 103.085 102.182 195.965 0 0 0
A9737  ep = 2450400.5
2.23747 0.0815052 7.57714 287.899 194.237 179.81 0 0 0
A9738  ep = 2450400.5
3.1121 0.0420539 6.99942 154.797 174.454 320.988 0 0 0
A9739  ep = 2450400.5
2.39119 0.0729509 4.85654 341.596 312.857 55.2175 0 0 0
A9740  ep = 2450400.5
3.28942 0.0911754 0.846073 180.904 176.563 142.884 0 0 0
A9741  ep = 2450400.5
2.85402 0.0571054 3.70018 24.4738 352.735 232.693 0 0 0
A9742  ep = 2450400.5
3.57927 0.0362658 0.195601 185.692 88.9729 52.6494 0 0 0
A9743  ep = 2450400.5
3.21753 0.0830205 8.25313 108.588 316.513 330.328 0 0 0
A9744  ep = 2450400.5
3.74399 0.0100136 3.98353 306.514 37.7878 61.81 0 0 0
A9745  ep = 2450400.5
2.53331 0.00502081 7.84837 14.4533 101.203 42.0329 0 0 0
A9746  ep = 2450400.5
3.04706 0.0527408 2.14769 348.752 74.8916 271.521 0 0 0
A9747  ep = 2450400.5
3.92309 0.0238509 0.625262 206.612 82.0401 41.5349 0 0 0
A9748  ep = 2450400.5
2.37262 0.0903145 0.159656 332.577 61.2689 273.088 0 0 0
A9749  ep = 2450400.5
1.66887 0.0557411 6.41428 46.4144 227.013 266.001 0 0 0
A9750  ep = 2450400.5
2.3848 0.090634 4.84832 208.175 162.067 187.791 0 0 0
A9751  ep = 2450400.5
2.31331 0.0687432 2.66359 168.09 282.978 79.3356 0 0 0
A9752  ep = 2450400.5
3.13784 0.027518 0.951763 95.1784 51.6586 218.591 0 0 0
A9753  ep = 2450400.5
3.28864 0.0238709 0.982273 170.936 1.0878 6.66441 0 0 0
A9754  ep = 2450400.5
3.32432 0.0523035 2.64178 112.606 351.311 306.628 0 0 0
A9755  ep = 2450400.5
2.27955 0.0106772 4.51458 218.389 98.5388 31.3461 0 0 0
A9756  ep = 2450400.5
1.84155 0.0518341 8.75639 351.365 342.506 238.383 0 0 0
A9757  ep = 2450400.5
3.33276 0.015554 6.15584 108.224 66.554 58.4872 0 0 0
A9758  ep = 2450400.5
3.19873 0.0833533 9.19636 285.922 142.635 126.268 0 0 0
A9759  ep = 2450400.5
3.66266 0.0440623 7.54598 165.447 343.547 124.776 0 0 0
A9760  ep = 2450400.5
2.7213 0.0929388 8.2175 50.7719 208.197 100.324 0 0 0
A9761  ep = 2450400.5
2.4872 0.0811598 7.53264 189.115 5.57086 217.049 0 0 0
A9762  ep = 2450400.5
2.61861 0.0141275 1.4129 284.737 184.609 91.1664 0 0 0
A9763  ep = 2450400.5
2.99821 0.0991879 4.50447 185.313 273.577 80.9234 0 0 0
A9764  ep = 2450400.5
1.67311 0.0302984 3.24723 284.258 123.037 196.162 0 0 0
A9765  ep = 2450400.5
2.17358 0.00181037 7.26959 105.358 39.9448 168.596 0 0 0
A9766  ep = 2450400.5
3.18259 0.093383 2.88131 249.969 334.157 268.421 0 0 0
A9767  ep = 2450400.5
1.51942 0.0281319 1.12078 0.83598 318.984 123.637 0 0 0
A9768  ep = 2450400.5
1.80454 0.0504548 8.94103 76.6875 267.544 299.059 0 0 0
A9769  ep = 2450400.5
2.91665 0.0934827 6.64033 199.693 67.8796 339.551 0 0 0
A9770  ep = 2450400.5
3.91988 8.87433e-05 4.91508 309.576 224.564 18.1362 0 0 0
A9771  ep = 2450400.5
4.08753 0.093367 1.19282 221.696 109.554 149.795 0 0 0
A9772  ep = 2450400.5
4.03626 0.0558518 7.01309 278.815 8.52632 290.192 0 0 0
A9773  ep = 2450400.5
3.8433 0.0052836 1.01437 318.076 42.2603 212.622 0 0 0
A9774  ep = 2450400.5
3.95616 0.0727085 6.12345 174.914 230.157 117.043 0 0 0
A9775  ep = 2450400.5
2.61208 0.091676 6.99309 317.071 351.585 210.942 0 0 0
A9776  ep = 2450400.5
4.07884 0.0746166 3.80965 166.506 223.724 358.521 0 0 0
A9777  ep = 2450400.5
1.8241 0.0366602 6.48002 146.74 46.8305 333.911 0 0 0
A9778  ep = 2450400.5
1.81823 0.0820235 7.69223 309.584 15.4395 347.115 0 0 0
A9779  ep = 2450400.5
2.90221 0.0505044 7.2829 342.465 304.561 152.363 0 0 0
A9780  ep = 2450400.5
3.53885 0.0143655 4.41058 87.9646 244.836 329.793 0 0 0
A9781  ep = 2450400.5
2.58877 0.0214161 2.39805 274.578 271.276 15.5048 0 0 0
A9782  ep = 2450400.5
3.39512 0.0900078 2.60397 107.143 298.788 131.831 0 0 0
A9783  ep = 2450400.5
1.68736 0.0310984 1.71559 48.5657 312.156 218.837 0 0 0
A9784  ep = 2450400.5
1.72634 0.040389 9.17604 105.311 269.802 156.59 0 0 0
A9785  ep = 2450400.5
1.71992 0.0514605 5.96234 249.156 106.05 59.8912 0 0 0
A9786  ep = 2450400.5
2.3434 0.0982606 4.66448 96.4404 249.308 21.5748 0 0 0
A9787  ep = 2450400.5
1.61668 0.0494277 7.32171 319.54 21.4892 262.453 0 0 0
A9788  ep = 2450400.5
3.23254 0.0860466 0.846867 265.144 11.9108 326.447 0 0 0
A9789  ep = 2450400.5
3.3755 0.0860552 3.29656 149.429 49.4517 26.6157 0 0 0
A9790  ep = 2450400.5
2.80735 0.071737 0.829992 92.2898 87.8779 279.566 0 0 0
A9791  ep = 2450400.5
2.00043 0.0284672 0.475262 334.719 98.959 312.677 0 0 0
A9792  ep = 2450400.5
2.69335 0.0204317 3.95744 218.146 89.3716 348.431 0 0 0
A9793  ep = 2450400.5
2.95579 0.0709095 3.75823 308.732 109.865 153.672 0 0 0
A9794  ep = 2450400.5
1.54368 0.0144179 0.209748 38.5171 75.975 84.9613 0 0 0
A9795  ep = 2450400.5
3.83288 0.0650142 8.93318 313.144 257.56 243.989 0 0 0
A9796  ep = 2450400.5
4.08704 0.0856184 6.88553 309.731 292.075 14.9974 0 0 0
A9797  ep = 2450400.5
2.96396 0.0661466 5.25241 47.8874 15.6145 227.429 0 0 0
A9798  ep = 2450400.5
3.62609 0.0484066 1.6996 93.1109 211.57 2.17701 0 0 0
A9799  ep = 2450400.5
3.13787 0.0853814 0.0487003 53.7035 109.281 48.2313 0 0 0
A9800  ep = 2450400.5
2.00163 0.00830123 4.18835 170.537 320.952 232.519 0 0 0
A9801  ep = 2450400.5
1.75521 0.0849373 9.41526 74.2546 113.457 9.66738 0 0 0
A9802  ep = 2450400.5
2.90181 0.0363255 9.23243 219.67 257.923 82.4529 0 0 0
A9803  ep = 2450400.5
3.74163 0.0467457 7.54649 127.176 186.17 21.7745 0 0 0
A9804  ep = 2450400.5
1.76939 0.052383 0.0114454 9.08869 244.058 160.193 0 0 0
A9805  ep = 2450400.5
1.55852 0.0742497 4.1444 216.498 335.754 184.227 0 0 0
A9806  ep = 2450400.5
1.87101 0.0677713 7.32566 292.117 63.516 331.551 0 0 0
A9807  ep = 2450400.5
2.89227 0.0300041 9.78635 165.144 271.035 239.867 0 0 0
A9808  ep = 2450400.5
2.08897 0.0943339 2.70564 209.467 292.965 108.807 0 0 0
A9809  ep = 2450400.5
3.49623 0.0920315 8.73583 181.654 116.415 123.914 0 0 0
A9810  ep = 2450400.5
3.09942 0.0141224 1.55475 279.369 39.2142 208.771 0 0 0
A9811  ep = 2450400.5
1.82661 0.0372584 4.01868 296.516 347.481 167.825 0 0 0
A9812  ep = 2450400.5
3.87177 0.0904706 6.39994 16.1239 300.394 5.46527 0 0 0
A9813  ep = 2450400.5
3.37554 0.0856828 6.70421 25.9249 304.94 240.511 0 0 0
A9814  ep = 2450400.5
1.68189 0.0107609 3.58349 326.429 137.375 304.113 0 0 0
A9815  ep = 2450400.5
2.76028 0.0974397 0.689892 159.193 79.9346 245.865 0 0 0
A9816  ep = 2450400.5
1.5948 0.0794274 1.36115 69.2458 36.4158 71.6637 0 0 0
A9817  ep = 2450400.5
2.66654 0.0629336 0.255705 215.467 84.5857 77.8104 0 0 0
A9818  ep = 2450400.5
1.9314 0.0518686 9.55077 207.61 196.787 81.6641 0 0 0
A9819  ep = 2450400.5
2.53273 0.0571854 8.15431 105.204 40.6389 138.011 0 0 0
A9820  ep = 2450400.5
1.96352 0.0877004 6.81221 328.392 45.4243 344.171 0 0 0
A9821  ep = 2450400.5
4.00425 0.0381248 2.62753 243.242 118.254 317.346 0 0 0
A9822  ep = 2450400.5
3.00513 0.0683966 1.42271 130.657 134.116 339.132 0 0 0
A9823  ep = 2450400.5
3.16179 0.0107612 5.63466 17.5762 249.607 2.69024 0 0 0
A9824  ep = 2450400.5
3.00018 0.031098 2.63413 242.225 129.114 16.1962 0 0 0
A9825  ep = 2450400.5
1.60935 0.0914267 9.09044 68.4849 188.682 86.4675 0 0 0
A9826  ep = 2450400.5
4.02591 0.0584215 7.89345 220.251 324.879 345.17 0 0 0
A9827  ep = 2450400.5
1.7242 0.0371848 1.65382 232.179 142.588 122.13 0 0 0
A9828  ep = 2450400.5
1.56675 0.0383381 4.48557 119.124 42.7749 101.476 0 0 0
A9829  ep = 2450400.5
1.63056 0.0618393 6.33695 147.557 65.373 241.881 0 0 0
A9830  ep = 2450400.5
2.55121 0.0950919 4.09831 347.092 59.7483 115.196 0 0 0
A9831  ep = 2450400.5
3.99801 0.0831439 4.00088 90.0751 2.12332 322.841 0 0 0
A9832  ep = 2450400.5
3.91235 0.00250719 2.38297 32.3518 285.649 209.74 0 0 0
A9833  ep = 2450400.5
2.63918 0.0944539 8.87347 82.1109 210.588 337.408 0 0 0
A9834  ep = 2450400.5
2.72588 0.0913389 7.3268 334.872 192.164 343.645 0 0 0
A9835  ep = 2450400.5
1.59669 0.0957876 3.02354 103.335 233.728 196.388 0 0 0
A9836  ep = 2450400.5
3.12664 0.0203445 3.29385 155.191 188.75 4.02686 0 0 0
A9837  ep = 2450400.5
2.72454 0.0477875 6.65242 74.0025 135.564 33.4435 0 0 0
A9838  ep = 2450400.5
2.26175 0.0231982 8.92352 41.9023 280.172 241.019 0 0 0
A9839  ep = 2450400.5
2.24485 0.0805046 1.41337 287.861 290.571 236.703 0 0 0
A9840  ep = 2450400.5
1.87183 0.00788925 7.94657 348.15 343.805 34.4617 0 0 0
A9841  ep = 2450400.5
3.39892 0.0451653 1.92522 28.6215 294.986 143.749 0 0 0
A9842  ep = 2450400.5
3.20334 0.0459203 8.82588 74.1183 56.3574 186.678 0 0 0
A9843  ep = 2450400.5
2.85552 0.0638796 3.24347 210.312 70.9031 325.598 0 0 0
A9844  ep = 2450400.5
2.13853 8.54665e-06 8.43644 351.29 267.033 25.4748 0 0 0
A9845  ep = 2450400.5
2.70373 0.0204298 5.6421 322.296 99.1141 43.9097 0 0 0
A9846  ep = 2450400.5
3.09059 0.0890081 6.59508 297.779 78.0521 165.69 0 0 0
A9847  ep = 2450400.5
2.09755 0.0996933 1.4534 51.0678 299.529 269.314 0 0 0
A9848  ep = 2450400.5
1.62158 0.0376964 0.64188 107.919 207.644 180.776 0 0 0
A9849  ep = 2450400.5
3.42744 0.023656 0.855549 209.123 56.668 257.493 0 0 0
A9850  ep = 2450400.5
3.93406 0.0757766 0.778764 74.0395 351.777 24.5788 0 0 0
A9851  ep = 2450400.5
2.93165 0.0326156 4.70907 295.14 252.667 304.767 0 0 0
A9852  ep = 2450400.5
3.69624 0.0228762 5.80471 123.48 152.954 106.697 0 0 0
A9853  ep = 2450400.5
2.38424 0.0457154 9.38067 255.62 187.044 341.137 0 0 0
A9854  ep = 2450400.5
2.17585 0.0266402 3.41155 10.4381 247.184 238.541 0 0 0
A9855  ep = 2450400.5
3.82066 0.0794535 1.74929 264.571 132.547 209.921 0 0 0
A9856  ep = 2450400.5
2.91236 0.0265387 7.35407 49.95 92.8509 22.3172 0 0 0
A9857  ep = 2450400.5
1.7764 0.0235169 3.47995 134.037 250.802 199.809 0 0 0
A9858  ep = 2450400.5
3.41152 0.0340272 2.94408 335.924 90.4822 56.8286 0 0 0
A9859  ep = 2450400.5
3.08069 0.0363694 8.59784 345.595 8.70324 240.188 0 0 0
A9860  ep = 2450400.5
2.70498 0.0492565 0.545257 259.066 339.01 1.07911 0 0 0
A9861  ep = 2450400.5
3.33239 0.00457137 4.30976 291.96 29.1189 162.43 0 0 0
A9862  ep = 2450400.5
3.56284 0.0107875 2.05243 19.3792 293.328 289.106 0 0 0
A9863  ep = 2450400.5
2.89555 0.0502966 7.35032 354.912 23.7664 256.259 0 0 0
A9864  ep = 2450400.5
2.71341 0.0329891 5.48234 246.216 242.626 54.355 0 0 0
A9865  ep = 2450400.5
2.87109 0.0298266 1.95739 342.356 87.9525 287.839 0 0 0
A9866  ep = 2450400.5
1.52555 0.0135319 9.31012 29.3992 78.43 164.402 0 0 0
A9867  ep = 2450400.5
1.66642 0.019315 4.26909 93.6653 88.2208 304.321 0 0 0
A9868  ep = 2450400.5
2.76943 0.0461892 1.01322 102.48 107.006 101.543 0 0 0
A9869  ep = 2450400.5
3.21349 0.0705159 5.61396 102.309 328.271 39.8387 0 0 0
A9870  ep = 2450400.5
3.35483 0.0691997 2.38997 12.0254 264.482 200.665 0 0 0
A9871  ep = 2450400.5
2.0411 0.0887504 3.27273 41.3877 228.172 190.322 0 0 0
A9872  ep = 2450400.5
4.04364 0.0658743 7.49582 11.8173 301.608 350.727 0 0 0
A9873  ep = 2450400.5
2.52023 0.0400969 2.0821 17.9975 130.059 75.9347 0 0 0
A9874  ep = 2450400.5
3.76801 0.0551241 5.71558 79.1442 278.534 287.024 0 0 0
A9875  ep = 2450400.5
2.98974 0.00262665 1.46075 154.757 323.785 358.093 0 0 0
A9876  ep = 2450400.5
3.9973 0.0941136 2.6732 326.472 328.524 32.3502 0 0 0
A9877  ep = 2450400.5
2.33011 0.0815712 6.66839 45.56 135.787 337.746 0 0 0
A9878  ep = 2450400.5
1.52378 0.0758683 6.18292 314.148 99.499 59.5801 0 0 0
A9879  ep = 2450400.5
3.29365 0.0897058 5.85075 134.189 121.53 281.199 0 0 0
A9880  ep = 2450400.5
3.84607 0.0694272 5.63295 91.2731 352.696 185.748 0 0 0
A9881  ep = 2450400.5
2.33958 0.0793506 3.45744 191.482 236.499 146.947 0 0 0
A9882  ep = 2450400.5
3.38328 0.0176864 9.55762 351.333 336.217 56.805 0 0 0
A9883  ep = 2450400.5
2.79544 0.0208876 9.58238 299.68 218.679 97.0154 0 0 0
A9884  ep = 2450400.5
3.84391 0.0997685 4.0849 33.8784 284.802 31.8196 0 0 0
A9885  ep = 2450400.5
3.70259 0.0854699 1.92196 65.0802 140.27 261.008 0 0 0
A9886  ep = 2450400.5
1.96508 0.0404564 5.51386 3.31793 84.183 188.667 0 0 0
A9887  ep = 2450400.5
3.36487 0.00856999 2.35865 336.701 71.2991 165.015 0 0 0
A9888  ep = 2450400.5
2.38562 0.0956208 7.99455 225.947 207.184 200.01 0 0 0
A9889  ep = 2450400.5
1.90571 0.088772 7.91149 199.259 191.373 113.105 0 0 0
A9890  ep = 2450400.5
2.07668 0.0964145 9.3856 111.671 159.827 255.899 0 0 0
A9891  ep = 2450400.5
2.94962 0.0445536 6.1155 35.2931 119.939 60.4276 0 0 0
A9892  ep = 2450400.5
3.60397 0.0658757 1.72419 203.381 11.7558 320.489 0 0 0
A9893  ep = 2450400.5
2.99159 0.0382627 7.81168 342.71 79.5677 61.2245 0 0 0
A9894  ep = 2450400.5
1.57899 0.0873642 4.2941 151.069 0.884839 200.569 0 0 0
A9895  ep = 2450400.5
3.3681 0.0895659 4.33547 108.815 280.368 242.91 0 0 0
A9896  ep = 2450400.5
3.92057 0.09152 0.774275 1.14924 288.841 238.608 0 0 0
A9897  ep = 2450400.5
3.25024 0.0499004 3.76468 20.1272 198.763 7.34456 0 0 0
A9898  ep = 2450400.5
2.17597 0.0328868 6.27982 180.606 94.5832 160.348 0 0 0
A9899  ep = 2450400.5
3.0619 0.047273 2.1653 267.334 92.0722 290.951 0 0 0
A9900  ep = 2450400.5
1.9781 0.0198468 9.65051 87.7608 314.496 288.572 0 0 0
A9901  ep = 2450400.5
1.96816 0.0573925 5.96023 222.041 321.129 24.745 0 0 0
A9902  ep = 2450400.5
3.48409 0.0751885 3.9334 355.275 80.1136 166.191 0 0 0
A9903  ep = 2450400.5
2.75113 0.0265525 5.67817 133.995 201.344 268.592 0 0 0
A9904  ep = 2450400.5
2.30687 0.0675007 3.8472 240.749 211.991 263.721 0 0 0
A9905  ep = 2450400.5
3.06659 0.0723399 8.16566 210.134 302.88 119.269 0 0 0
A9906  ep = 2450400.5
1.84622 0.0135862 3.43636 151.698 52.9124 356.564 0 0 0
A9907  ep = 2450400.5
2.35076 0.0398887 9.08624 237.62 327.308 254.428 0 0 0
A9908  ep = 2450400.5
2.15182 0.0739679 7.78655 347.846 256.169 312.338 0 0 0
A9909  ep = 2450400.5
2.20292 0.0829693 4.65446 278.133 38.8047 315.349 0 0 0
A9910  ep = 2450400.5
2.36883 0.00376393 8.60387 112.828 163.779 105.967 0 0 0
A9911  ep = 2450400.5
2.30379 0.0606592 1.99039 336.814 150.217 90.8595 0 0 0
A9912  ep = 2450400.5
2.67233 0.0711987 7.3726 105.819 143.23 141.575 0 0 0
A9913  ep = 2450400.5
3.24973 0.025074 6.17948 181.054 206.052 321.107 0 0 0
A9914  ep = 2450400.5
2.22394 0.0454249 4.56882 228.344 212.363 209.157 0 0 0
A9915  ep = 2450400.5
2.78359 0.0251919 7.0085 19.5434 117.182 166.147 0 0 0
A9916  ep = 2450400.5
2.3803 0.0985745 3.4126 30.4129 229.271 328.644 0 0 0
A9917  ep = 2450400.5
2.13625 0.0878633 5.18909 224.477 163.204 341.65 0 0 0
A9918  ep = 2450400.5
2.21076 0.0153369 8.67951 216.521 68.4217 244.833 0 0 0
A9919  ep = 2450400.5
3.15723 0.0234985 6.38873 189.825 271.063 54.3619 0 0 0
A9920  ep = 2450400.5
1.60722 0.0622348 2.80469 354.148 136.238 16.0679 0 0 0
A9921  ep = 2450400.5
3.71011 0.0948466 2.87051 39.8423 232.298 343.285 0 0 0
A9922  ep = 2450400.5
3.94557 0.0807657 2.28928 341.972 43.6103 110.584 0 0 0
A9923  ep = 2450400.5
1.60686 0.000314346 1.83209 198.106 313.49 117.764 0 0 0
A9924  ep = 2450400.5
2.68113 0.0996986 8.33821 88.7831 333.062 147.991 0 0 0
A9925  ep = 2450400.5
2.9577 0.0832457 6.11025 64.2264 193.704 171.97 0 0 0
A9926  ep = 2450400.5
2.20321 0.0664907 4.09952 314.306 58.8912 356.725 0 0 0
A9927  ep = 2450400.5
1.81971 0.023131 6.62743 244.783 320.506 5.78392 0 0 0
A9928  ep = 2450400.5
2.20193 0.0506837 7.405 153.207 353.973 76.4937 0 0 0
A9929  ep = 2450400.5
1.82845 0.040549 4.06573 118.965 37.8209 226.542 0 0 0
A9930  ep = 2450400.5
3.51701 0.0399665 5.16543 43.5662 101.932 228.979 0 0 0
A9931  ep = 2450400.5
3.92637 0.0906518 9.84506 49.7197 258.241 241.315 0 0 0
A9932  ep = 2450400.5
2.94499 0.0783409 8.7507 172.855 188.771 242.994 0 0 0
A9933  ep = 2450400.5
3.60706 0.0202655 3.01925 169.291 267.993 296.866 0 0 0
A9934  ep = 2450400.5
4.03117 0.0333845 1.9321 263.937 195.257 47.5278 0 0 0
A9935  ep = 2450400.5
2.96696 0.0536687 2.10619 36.7564 62.8549 44.2664 0 0 0
A9936  ep = 2450400.5
1.7893 0.0489787 1.84454 45.0591 260.693 321.244 0 0 0
A9937  ep = 2450400.5
2.5837 0.0699245 9.20896 327.231 191.553 187.478 0 0 0
A9938  ep = 2450400.5
2.77793 0.00405467 4.46782 67.1679 43.0917 283.122 0 0 0
A9939  ep = 2450400.5
1.77222 0.0594404 7.14823 214.855 130.433 171.501 0 0 0
A9940  ep = 2450400.5
3.82769 0.011018 3.79829 318.047 258.5 264.041 0 0 0
A9941  ep = 2450400.5
2.96931 0.0711158 1.43563 44.7737 3.78426 77.8864 0 0 0
A9942  ep = 2450400.5
2.90981 0.0872706 7.56718 65.0419 150.309 113.4 0 0 0
A9943  ep = 2450400.5
2.50579 0.0524486 2.04354 105.884 74.9528 64.5664 0 0 0
A9944  ep = 2450400.5
3.57194 0.0649762 8.55227 18.3246 9.63657 56.0901 0 0 0
A9945  ep = 2450400.5
2.58224 0.0210492 7.74051 188.597 296.615 92.5973 0 0 0
A9946  ep = 2450400.5
2.71588 0.0886741 5.44929 61.8677 210.848 10.1416 0 0 0
A9947  ep = 2450400.5
3.99634 0.0956295 5.44493 46.7254 48.6083 311.318 0 0 0
A9948  ep = 2450400.5
2.11564 0.0492721 9.15357 210.163 192.413 48.7324 0 0 0
A9949  ep = 2450400.5
3.28014 0.06832 6.53705 81.3188 151.76 287.9 0 0 0
A9950  ep = 2450400.5
3.86123 0.0170401 6.93044 153.99 38.823 64.5621 0 0 0
A9951  ep = 2450400.5
1.58773 0.0201069 6.3668 349.301 169.747 194.978 0 0 0
A9952  ep = 2450400.5
3.78405 0.0361843 5.4916 286.751 33.4092 45.3382 0 0 0
A9953  ep = 2450400.5
3.15851 0.0758296 7.68407 263.356 184.773 62.7187 0 0 0
A9954  ep = 2450400.5
3.22204 0.0723918 3.89618 357.272 141.118 101.808 0 0 0
A9955  ep = 2450400.5
3.20795 0.0768217 5.41658 176.559 285.566 122.447 0 0 0
A9956  ep = 2450400.5
3.88516 0.0854266 2.64898 69.0991 295.939 213.823 0 0 0
A9957  ep = 2450400.5
1.89289 0.0552488 8.66026 128.928 297.166 19.3201 0 0 0
A9958  ep = 2450400.5
3.71075 0.0977452 1.03385 86.2366 14.4636 328.425 0 0 0
A9959  ep = 2450400.5
2.14972 0.0153397 8.14014 106.428 91.9702 0.690551 0 0 0
A9960  ep = 2450400.5
3.82649 0.0633257 9.15872 319.601 36.0974 85.4464 0 0 0
A9961  ep = 2450400.5
3.38035 0.0301974 7.27181 179.803 153.834 293.296 0 0 0
A9962  ep = 2450400.5
1.91072 0.0245024 5.11974 197.381 53.1661 58.2151 0 0 0
A9963  ep = 2450400.5
2.27809 0.0795936 0.294598 156.203 237.937 132.72 0 0 0
A9964  ep = 2450400.5
3.1889 0.0439587 1.13113 187.264 182.528 256.448 0 0 0
A9965  ep = 2450400.5
3.06537 0.0834046 4.81155 199.705 26.4824 90.5107 0 0 0
A9966  ep = 2450400.5
3.61493 0.0220576 8.22265 344.862 316.988 206.463 0 0 0
A9967  ep = 2450400.5
3.7943 0.0920344 2.22884 149.256 333.554 187.442 0 0 0
A9968  ep = 2450400.5
1.69721 0.0471094 7.66969 61.2044 324.148 97.7109 0 0 0
A9969  ep = 2450400.5
2.48652 0.0932826 5.01332 187.953 248.717 127.288 0 0 0
A9970  ep = 2450400.5
3.01668 0.0695852 2.18335 47.6807 52.7221 0.268169 0 0 0
A9971  ep = 2450400.5
2.16634 0.0362743 4.62112 59.9124 337.796 249.497 0 0 0
A9972  ep = 2450400.5
2.30277 0.00491051 6.30939 243.656 82.6954 278.499 0 0 0
A9973  ep = 2450400.5
2.58966 0.0942283 0.956193 213.89 162.549 187.181 0 0 0
A9974  ep = 2450400.5
3.02583 0.069489 4.02 121.078 64.9144 113.704 0 0 0
A9975  ep = 2450400.5
3.01926 0.0381722 0.59462 302.103 278.179 338.872 0 0 0
A9976  ep = 2450400.5
3.83964 0.0512312 4.42057 256.408 115.849 216.739 0 0 0
A9977  ep = 2450400.5
3.73429 0.0780952 0.452022 196.088 178.048 188 0 0 0
A9978  ep = 2450400.5
3.68393 0.0913472 2.72837 189.94 84.7191 206.536 0 0 0
A9979  ep = 2450400.5
2.11829 0.0363765 7.80276 280.323 342.949 274.036 0 0 0
A9980  ep = 2450400.5
1.63829 0.0652758 5.89632 193.477 330.291 352.182 0 0 0
A9981  ep = 2450400.5
2.58051 0.0911089 6.66651 22.9928 237.268 299.096 0 0 0
A9982  ep = 2450400.5
2.26169 0.0795468 7.42234 144.012 130.553 262.235 0 0 0
A9983  ep = 2450400.5
2.91877 0.0255232 4.68807 38.2897 14.9087 190.2 0 0 0
A9984  ep = 2450400.5
3.24786 0.0376311 3.66346 33.064 279.467 48.0345 0 0 0
A9985  ep = 2450400.5
3.99279 0.086374 2.8775 119.119 288.709 198.749 0 0 0
A9986  ep = 2450400.5
2.94129 0.0610227 4.08033 20.5197 285.935 101.856 0 0 0
A9987  ep = 2450400.5
3.46442 0.0197496 7.31806 34.3054 283.252 33.6084 0 0 0
A9988  ep = 2450400.5
3.95329 0.0419057 9.08577 130.153 338.171 252.096 0 0 0
A9989  ep = 2450400.5
2.96099 0.0914017 9.87957 170.62 292.729 136.77 0 0 0
A9990  ep = 2450400.5
2.1049 0.066045 5.18628 76.211 306.106 262.269 0 0 0
A9991  ep = 2450400.5
3.19409 0.0928781 5.0168 233.929 38.1659 284.5 0 0 0
A9992  ep = 2450400.5
2.85494 0.0407848 2.69928 84.6555 173.052 282.418 0 0 0
A9993  ep = 2450400.5
4.05044 0.00705297 2.39204 305.12 330.778 336.589 0 0 0
A9994  ep = 2450400.5
3.05881 0.00842328 3.70052 107.304 103.268 142.989 0 0 0
A9995  ep = 2450400.5
3.26761 0.00798258 8.6326 283.14 1.67208 47.8219 0 0 0
A9996  ep = 2450400.5
3.9375 0.002447 4.2666 229.912 354.718 229.869 0 0 0
A9997  ep = 2450400.5
2.10499 0.0159176 0.27093 337.201 106.118 278.732 0 0 0
A9998  ep = 2450400.5
2.84408 0.031788 4.60229 23.0041 166.054 345.395 0 0 0
A9999  ep = 2450400.5
3.93911 0.0584221 8.99411 83.8467 269.331 297.258 0 0 0
A10000  ep = 2450400.5
1.83457 0.0975569 9.3872 337.845 112.592 85.144 0 0 0
