)O+_06 Small-body initial data  (WARNING: Do not delete this line!!)
) Lines beginning with `)' are ignored.
)----------------------------------------------------------------------
 style (Cartesian, Asteroidal, Cometary) = Ast
)---------------------------------------------------------------------
A3001  ep = 2450400.5
3.12147 0.0985689 4.47144 165.095 106.347 17.2936 0 0 0
A3002  ep = 2450400.5
2.34697 0.0836305 4.77326 182.008 181.107 57.9041 0 0 0
A3003  ep = 2450400.5
4.09749 0.0300844 3.29332 303.722 117.184 346.83 0 0 0
A3004  ep = 2450400.5
3.52576 0.0950232 2.54363 130.018 352.92 298.56 0 0 0
A3005  ep = 2450400.5
1.72895 0.0801279 1.09632 234.572 206.411 271.408 0 0 0
A3006  ep = 2450400.5
2.5034 0.0901543 8.22494 180.17 305.707 53.4416 0 0 0
A3007  ep = 2450400.5
2.9921 0.0118659 3.30965 238.321 10.7879 272.432 0 0 0
A3008  ep = 2450400.5
2.49383 0.0744935 7.12049 3.72496 224.877 229.137 0 0 0
A3009  ep = 2450400.5
2.70175 0.0412213 4.05699 205.414 198.685 95.5212 0 0 0
A3010  ep = 2450400.5
2.41765 0.0337692 6.59384 165.556 139.82 269.794 0 0 0
A3011  ep = 2450400.5
3.64735 0.0123481 7.35179 27.7436 327.392 126.95 0 0 0
A3012  ep = 2450400.5
2.97587 0.0374505 8.30977 188.205 238.94 42.8065 0 0 0
A3013  ep = 2450400.5
3.99256 0.00461201 0.140125 328.437 267.332 189.054 0 0 0
A3014  ep = 2450400.5
3.34947 0.0943979 3.45816 179.774 133.815 55.6055 0 0 0
A3015  ep = 2450400.5
2.24096 0.0522607 9.44926 31.2481 269.827 45.0612 0 0 0
A3016  ep = 2450400.5
3.82865 0.0268316 6.58773 204.33 179.555 246.813 0 0 0
A3017  ep = 2450400.5
1.52775 0.0477619 9.34778 70.23 128.526 136.105 0 0 0
A3018  ep = 2450400.5
2.61561 0.0599599 4.45934 284.675 283.791 115.039 0 0 0
A3019  ep = 2450400.5
3.6522 0.017151 1.56026 102.099 174.16 61.1431 0 0 0
A3020  ep = 2450400.5
3.63851 0.00948072 7.42413 286.442 280.32 81.6707 0 0 0
A3021  ep = 2450400.5
1.92764 0.0490915 0.80743 34.4633 27.0057 87.9026 0 0 0
A3022  ep = 2450400.5
2.45163 0.0290895 0.0688332 338.657 107.577 55.7831 0 0 0
A3023  ep = 2450400.5
3.61042 0.0926968 4.54292 63.2398 347.932 294.808 0 0 0
A3024  ep = 2450400.5
3.5505 0.0494634 6.31704 278.708 113.102 216.652 0 0 0
A3025  ep = 2450400.5
1.94241 0.0477948 8.86685 9.03596 15.589 351.404 0 0 0
A3026  ep = 2450400.5
3.66262 0.0955704 3.51248 357.011 55.7073 100.996 0 0 0
A3027  ep = 2450400.5
3.04699 0.000617813 5.83577 126.697 64.8976 319.964 0 0 0
A3028  ep = 2450400.5
3.7965 0.0433943 5.2796 136.918 294.117 34.1159 0 0 0
A3029  ep = 2450400.5
3.43995 0.0140062 3.02483 182.603 161.383 352.683 0 0 0
A3030  ep = 2450400.5
3.25478 0.0671918 3.92324 99.3058 89.148 72.7788 0 0 0
A3031  ep = 2450400.5
2.21362 0.0792317 2.47817 264.881 290.304 168.745 0 0 0
A3032  ep = 2450400.5
3.70353 0.0527337 3.95998 23.3553 173.734 179.171 0 0 0
A3033  ep = 2450400.5
3.11374 0.0968588 8.05179 187.328 103.281 244.345 0 0 0
A3034  ep = 2450400.5
2.90489 0.0121487 2.82893 293.844 334.763 262.711 0 0 0
A3035  ep = 2450400.5
4.00889 0.00903072 4.79319 112.828 97.7138 42.1293 0 0 0
A3036  ep = 2450400.5
2.98003 0.0735352 0.0606822 246.616 156.9 33.2402 0 0 0
A3037  ep = 2450400.5
3.3723 0.0619428 2.73405 286.783 154.608 343.558 0 0 0
A3038  ep = 2450400.5
2.98371 0.0199436 7.9217 155.849 238.303 19.3637 0 0 0
A3039  ep = 2450400.5
3.47147 0.0218609 1.16768 22.0711 61.3156 359.739 0 0 0
A3040  ep = 2450400.5
2.61099 0.0322987 4.44359 82.6331 102.659 97.8605 0 0 0
A3041  ep = 2450400.5
3.96705 0.0823076 9.43747 315.188 4.93739 242.619 0 0 0
A3042  ep = 2450400.5
2.86675 0.0740872 8.83603 96.226 14.286 207.53 0 0 0
A3043  ep = 2450400.5
1.54595 0.0699276 9.72518 327.447 106.814 279.447 0 0 0
A3044  ep = 2450400.5
3.81027 0.00705737 7.13289 284.475 313.057 20.8791 0 0 0
A3045  ep = 2450400.5
2.09486 0.0315419 7.2537 278.986 352.342 269.35 0 0 0
A3046  ep = 2450400.5
2.31664 0.0684841 6.12113 86.0549 10.5522 323.885 0 0 0
A3047  ep = 2450400.5
3.18478 0.0223945 2.83961 208.236 111.91 303.286 0 0 0
A3048  ep = 2450400.5
1.62336 0.0420674 0.269094 229.363 209.084 234.115 0 0 0
A3049  ep = 2450400.5
3.06607 0.0865989 4.6821 281.646 208.031 271.722 0 0 0
A3050  ep = 2450400.5
3.80567 0.0745429 1.42841 315.687 95.7494 326.361 0 0 0
A3051  ep = 2450400.5
2.53614 0.0989028 4.59902 271.712 353.801 326.369 0 0 0
A3052  ep = 2450400.5
2.09247 0.0568227 7.18835 213.287 109.954 336.201 0 0 0
A3053  ep = 2450400.5
3.11126 0.0390343 0.501616 13.4103 237.986 68.5731 0 0 0
A3054  ep = 2450400.5
3.31469 0.0148506 9.93751 60.8481 323.64 220.396 0 0 0
A3055  ep = 2450400.5
1.75948 0.0538575 5.82406 167.156 140.909 201.653 0 0 0
A3056  ep = 2450400.5
1.97423 0.0931219 1.99487 122.325 78.0787 346.312 0 0 0
A3057  ep = 2450400.5
1.62431 0.0317917 9.23455 127.336 295.188 112.942 0 0 0
A3058  ep = 2450400.5
3.57855 0.0183053 3.56514 192.789 118.691 279.163 0 0 0
A3059  ep = 2450400.5
2.75157 0.059591 9.45427 332.283 24.0674 26.068 0 0 0
A3060  ep = 2450400.5
2.13677 0.036492 9.20216 72.6143 225.354 82.6085 0 0 0
A3061  ep = 2450400.5
1.90545 0.0105333 7.3279 266.656 320.406 70.2878 0 0 0
A3062  ep = 2450400.5
3.79458 0.063005 6.24482 221.438 321.791 95.8464 0 0 0
A3063  ep = 2450400.5
3.26465 0.0365665 8.73873 237.177 210.627 311.415 0 0 0
A3064  ep = 2450400.5
3.44702 0.0722751 3.27126 54.2137 148.025 330.646 0 0 0
A3065  ep = 2450400.5
3.65705 0.0735832 8.12579 169.678 43.2023 285.952 0 0 0
A3066  ep = 2450400.5
3.43457 0.0180659 1.33591 253.467 60.4804 97.6274 0 0 0
A3067  ep = 2450400.5
1.81825 0.0697661 9.58848 268.133 83.1287 266.72 0 0 0
A3068  ep = 2450400.5
3.53116 0.0593708 5.44995 227.179 334.859 11.6425 0 0 0
A3069  ep = 2450400.5
3.72184 0.0565717 3.00782 244.179 99.6174 152.36 0 0 0
A3070  ep = 2450400.5
3.60328 0.0324549 7.69337 141.729 95.0304 195.303 0 0 0
A3071  ep = 2450400.5
2.31051 0.044271 7.63443 234.391 241.467 179.868 0 0 0
A3072  ep = 2450400.5
1.95403 0.0892312 5.09305 100.445 83.0869 215.502 0 0 0
A3073  ep = 2450400.5
3.67379 0.0247014 7.55938 298.174 301.348 116.182 0 0 0
A3074  ep = 2450400.5
1.87975 0.0520402 1.39454 277.045 329.597 347.668 0 0 0
A3075  ep = 2450400.5
1.71573 0.0285372 4.25021 227.549 239.989 219.337 0 0 0
A3076  ep = 2450400.5
2.08045 0.0516946 5.31637 154.647 110.966 29.5219 0 0 0
A3077  ep = 2450400.5
3.91825 0.0610533 3.2362 217.461 172.934 40.0496 0 0 0
A3078  ep = 2450400.5
2.38855 0.0846611 1.9939 122.824 210.734 164.043 0 0 0
A3079  ep = 2450400.5
3.60682 0.0342864 2.51568 35.0778 153.4 124.427 0 0 0
A3080  ep = 2450400.5
2.05427 0.0193163 4.49714 240.249 236.525 119.154 0 0 0
A3081  ep = 2450400.5
1.7874 0.0328928 8.28689 29.8763 221.94 130.861 0 0 0
A3082  ep = 2450400.5
1.92945 0.0575225 4.80435 111.766 192.036 340.644 0 0 0
A3083  ep = 2450400.5
3.9424 0.0143632 2.02809 16.0213 327.435 352.629 0 0 0
A3084  ep = 2450400.5
2.01483 0.070063 8.48111 61.9703 207.768 181.279 0 0 0
A3085  ep = 2450400.5
1.94408 0.0673664 5.27459 235.28 167.11 30.9086 0 0 0
A3086  ep = 2450400.5
2.71388 0.0386059 8.48958 43.1861 188.884 138.368 0 0 0
A3087  ep = 2450400.5
1.53209 0.0319554 5.73726 162.043 182.799 315.804 0 0 0
A3088  ep = 2450400.5
3.51267 0.0901576 5.79356 98.9194 357.378 171.421 0 0 0
A3089  ep = 2450400.5
1.59317 0.00785974 0.986743 188.123 214.626 33.7359 0 0 0
A3090  ep = 2450400.5
2.52958 0.000798085 4.13423 306.494 231.154 258.151 0 0 0
A3091  ep = 2450400.5
3.86493 0.0862101 8.32742 42.7325 173.258 231.126 0 0 0
A3092  ep = 2450400.5
1.80649 0.046365 1.55743 240.08 244.419 232.947 0 0 0
A3093  ep = 2450400.5
1.93578 0.0557094 6.08361 76.5398 67.7234 353.161 0 0 0
A3094  ep = 2450400.5
2.67613 0.0983784 8.46041 203.231 346.898 52.7095 0 0 0
A3095  ep = 2450400.5
1.50389 0.0277821 8.33154 326.16 5.25286 277.205 0 0 0
A3096  ep = 2450400.5
2.12628 0.00267087 8.89382 233.645 335.871 94.5757 0 0 0
A3097  ep = 2450400.5
3.33731 0.0868132 3.69324 196.679 208.545 171.139 0 0 0
A3098  ep = 2450400.5
1.82739 0.0747496 5.16572 24.8872 297.002 8.70206 0 0 0
A3099  ep = 2450400.5
1.91626 0.0425959 7.08877 113.887 167.991 163.738 0 0 0
A3100  ep = 2450400.5
4.09633 0.0504948 6.66177 337.646 85.7539 192.682 0 0 0
A3101  ep = 2450400.5
2.67383 0.0890748 6.80136 65.3266 102.214 1.08822 0 0 0
A3102  ep = 2450400.5
2.17484 0.014923 2.10726 182.945 334.646 233.269 0 0 0
A3103  ep = 2450400.5
2.17433 0.0172707 5.68997 262.189 9.67429 214.59 0 0 0
A3104  ep = 2450400.5
3.449 0.0244186 8.03208 283.155 192.287 128.683 0 0 0
A3105  ep = 2450400.5
2.2763 0.0589682 8.7851 236.953 99.4506 147.558 0 0 0
A3106  ep = 2450400.5
3.71226 0.0185713 2.28503 212.111 11.7513 270.195 0 0 0
A3107  ep = 2450400.5
1.77311 0.0233691 7.6431 186.392 315.032 327.519 0 0 0
A3108  ep = 2450400.5
2.01689 0.0760452 4.91901 116.924 204.766 168.376 0 0 0
A3109  ep = 2450400.5
2.46602 0.0124513 1.68582 147.301 195.588 274.542 0 0 0
A3110  ep = 2450400.5
3.91059 0.0964642 3.7331 227.484 290.436 285.075 0 0 0
A3111  ep = 2450400.5
1.77586 0.000199064 0.456719 28.2793 278.213 165.666 0 0 0
A3112  ep = 2450400.5
3.50572 0.0909501 9.98588 50.3127 318.995 196.753 0 0 0
A3113  ep = 2450400.5
3.75166 0.0988654 9.3014 125.045 92.5866 200.119 0 0 0
A3114  ep = 2450400.5
2.69148 0.0102039 3.97449 257.25 124.689 310.725 0 0 0
A3115  ep = 2450400.5
1.77313 0.084744 3.92833 96.2976 287.031 98.4414 0 0 0
A3116  ep = 2450400.5
2.34668 0.0269488 2.29158 302.668 236.605 285.421 0 0 0
A3117  ep = 2450400.5
1.7829 0.0128456 6.95268 159.771 62.9162 344.236 0 0 0
A3118  ep = 2450400.5
3.17016 0.037601 9.60186 207.9 350.715 322.588 0 0 0
A3119  ep = 2450400.5
3.86478 0.00378494 4.13568 158.597 45.1833 219.838 0 0 0
A3120  ep = 2450400.5
3.12686 0.000729178 7.55289 275.828 67.7204 4.28101 0 0 0
A3121  ep = 2450400.5
1.90985 0.0256778 9.67616 41.9661 102.675 173.659 0 0 0
A3122  ep = 2450400.5
3.08828 0.0447287 2.55739 344.865 234.485 62.8167 0 0 0
A3123  ep = 2450400.5
2.88435 0.0988033 4.86361 219.65 137.438 5.17269 0 0 0
A3124  ep = 2450400.5
2.1332 0.0269855 6.46097 214.498 38.9615 233.892 0 0 0
A3125  ep = 2450400.5
2.59158 0.0296606 0.0487022 199.378 251.574 144.585 0 0 0
A3126  ep = 2450400.5
1.76967 0.0630028 1.87682 143.875 73.0752 15.8086 0 0 0
A3127  ep = 2450400.5
2.74764 0.00979818 2.78092 15.5962 329.124 114.447 0 0 0
A3128  ep = 2450400.5
1.66982 0.00184713 6.44652 97.8357 260.356 219.372 0 0 0
A3129  ep = 2450400.5
1.66324 0.000938783 6.78126 17.7282 71.9201 313.389 0 0 0
A3130  ep = 2450400.5
2.87321 0.0801134 0.657744 358.043 286.664 100.058 0 0 0
A3131  ep = 2450400.5
3.61209 0.079023 5.39407 98.0539 290.602 115.81 0 0 0
A3132  ep = 2450400.5
4.02037 0.0729851 8.61136 200.256 235.999 185.688 0 0 0
A3133  ep = 2450400.5
2.08819 0.0591357 1.93745 307.192 225.472 32.4524 0 0 0
A3134  ep = 2450400.5
3.78772 0.00966944 1.14239 243.622 81.0124 100.41 0 0 0
A3135  ep = 2450400.5
3.91734 0.075811 9.55807 39.2336 295.416 357.205 0 0 0
A3136  ep = 2450400.5
3.44258 0.0205756 2.1361 68.1384 234.951 229.316 0 0 0
A3137  ep = 2450400.5
1.74882 0.0137951 4.54874 163.283 3.0344 83.5186 0 0 0
A3138  ep = 2450400.5
2.76401 0.0566394 1.37922 346.732 174.57 20.2586 0 0 0
A3139  ep = 2450400.5
3.99718 0.0604016 4.69357 66.452 294.691 175.904 0 0 0
A3140  ep = 2450400.5
1.66029 0.0219534 2.71126 197.532 270.753 348.793 0 0 0
A3141  ep = 2450400.5
3.59639 0.039099 8.36817 320.642 147.787 276.859 0 0 0
A3142  ep = 2450400.5
2.64384 0.0837923 5.9739 290.373 280.034 292.032 0 0 0
A3143  ep = 2450400.5
3.37319 0.0917624 5.50698 185.562 231.969 23.5244 0 0 0
A3144  ep = 2450400.5
2.97984 0.0449456 0.00125491 286.317 212.699 324.33 0 0 0
A3145  ep = 2450400.5
1.81996 0.0700502 6.3422 180.814 334.146 321.221 0 0 0
A3146  ep = 2450400.5
2.37005 0.0743812 5.24008 147.89 157.865 69.2342 0 0 0
A3147  ep = 2450400.5
2.16546 0.0744232 2.30924 304.641 347.34 163.237 0 0 0
A3148  ep = 2450400.5
3.05862 0.00334459 2.1255 112.534 302.811 347.719 0 0 0
A3149  ep = 2450400.5
1.86687 0.0253569 0.729112 147.814 356.099 11.825 0 0 0
A3150  ep = 2450400.5
3.05046 0.00206782 3.53822 274.518 130.378 140.003 0 0 0
A3151  ep = 2450400.5
3.27607 0.0879637 6.06362 333.18 40.0376 194.111 0 0 0
A3152  ep = 2450400.5
3.58467 0.0880637 7.86377 14.3649 315.984 297.508 0 0 0
A3153  ep = 2450400.5
2.61323 0.0329266 7.98009 11.6563 156.607 348.949 0 0 0
A3154  ep = 2450400.5
2.94297 0.0370017 4.86771 238.615 76.6049 303.593 0 0 0
A3155  ep = 2450400.5
1.83815 0.0690265 7.28329 146.785 95.8894 317.244 0 0 0
A3156  ep = 2450400.5
1.70508 0.0335709 5.25594 192.876 57.0789 31.3593 0 0 0
A3157  ep = 2450400.5
1.54252 0.0530214 4.30468 280.305 303.071 216.105 0 0 0
A3158  ep = 2450400.5
3.27271 0.0542118 3.37177 321.055 257.178 300.273 0 0 0
A3159  ep = 2450400.5
3.08569 0.0497514 6.71363 188.32 46.686 246.491 0 0 0
A3160  ep = 2450400.5
4.09342 0.0720165 9.81254 245.4 163.676 8.52509 0 0 0
A3161  ep = 2450400.5
2.49623 0.0773324 8.24941 151.623 136.716 16.0099 0 0 0
A3162  ep = 2450400.5
2.91439 0.0143874 9.08383 53.0334 58.4091 216.855 0 0 0
A3163  ep = 2450400.5
1.60178 0.0229716 2.83636 338.757 79.3541 57.5946 0 0 0
A3164  ep = 2450400.5
1.82178 0.0470094 8.86562 23.2167 299.818 167.792 0 0 0
A3165  ep = 2450400.5
2.05988 0.0170729 8.44611 0.863324 22.6646 252.444 0 0 0
A3166  ep = 2450400.5
2.82419 0.00422523 8.13458 322.077 16.3051 261.118 0 0 0
A3167  ep = 2450400.5
3.13483 0.0669337 6.54899 114.74 26.9556 35.4108 0 0 0
A3168  ep = 2450400.5
2.69892 0.0967731 5.66269 218.963 273.872 293.889 0 0 0
A3169  ep = 2450400.5
2.61161 0.0828437 8.53281 43.6011 259.24 224.28 0 0 0
A3170  ep = 2450400.5
2.30095 0.0582811 9.30712 98.4916 263.256 50.81 0 0 0
A3171  ep = 2450400.5
2.73916 0.0598328 2.10611 233.782 177.644 93.9192 0 0 0
A3172  ep = 2450400.5
1.71741 0.0608348 8.5132 40.5894 145.044 41.6428 0 0 0
A3173  ep = 2450400.5
4.02958 0.0302795 5.08309 271.071 80.5055 113.4 0 0 0
A3174  ep = 2450400.5
3.19619 0.0401448 9.12987 215.394 332.281 5.44306 0 0 0
A3175  ep = 2450400.5
3.9025 0.00924793 1.29977 236.945 126.992 198.611 0 0 0
A3176  ep = 2450400.5
3.50213 0.056943 9.41259 288.334 44.7638 91.8994 0 0 0
A3177  ep = 2450400.5
1.58224 0.0405713 8.81101 249.625 187.984 249.602 0 0 0
A3178  ep = 2450400.5
2.98229 0.00510794 9.49177 296.702 149.818 81.1093 0 0 0
A3179  ep = 2450400.5
2.95346 0.0572342 3.34641 71.9632 103.089 322.022 0 0 0
A3180  ep = 2450400.5
2.33361 0.00930942 4.63338 326.477 134.476 34.3467 0 0 0
A3181  ep = 2450400.5
2.94595 0.0605461 1.97478 278.897 324.652 249.261 0 0 0
A3182  ep = 2450400.5
3.42718 0.0675018 7.03423 157.205 43.0628 299.993 0 0 0
A3183  ep = 2450400.5
2.8921 0.0656047 8.17812 30.3382 115.655 58.2402 0 0 0
A3184  ep = 2450400.5
3.12203 0.0340501 0.793104 16.1327 166.475 263.465 0 0 0
A3185  ep = 2450400.5
2.45241 0.0283764 8.22777 278.318 285.172 78.4146 0 0 0
A3186  ep = 2450400.5
2.84957 0.078691 4.59305 243.068 131.861 234.671 0 0 0
A3187  ep = 2450400.5
1.9174 0.0622112 8.84439 54.4988 354.893 160.598 0 0 0
A3188  ep = 2450400.5
2.37236 0.0694992 3.72572 171.48 177.87 18.8427 0 0 0
A3189  ep = 2450400.5
3.742 0.0528109 3.92173 135.688 310.653 74.7711 0 0 0
A3190  ep = 2450400.5
2.4484 0.0860066 9.13665 204.719 230.74 121.052 0 0 0
A3191  ep = 2450400.5
1.54834 0.0244647 6.78507 25.9217 11.2986 60.2087 0 0 0
A3192  ep = 2450400.5
2.40861 0.0447411 1.64421 246.468 146.542 178.793 0 0 0
A3193  ep = 2450400.5
3.98197 0.0279881 4.95762 252.697 287.817 112.947 0 0 0
A3194  ep = 2450400.5
2.19212 0.08827 4.53783 83.7628 163.412 192.634 0 0 0
A3195  ep = 2450400.5
3.56887 0.00742209 2.42987 227.72 177.132 248.441 0 0 0
A3196  ep = 2450400.5
3.82159 0.0260836 7.86908 335.905 7.0196 247.032 0 0 0
A3197  ep = 2450400.5
4.09149 0.0360923 8.03756 33.1697 34.3617 278.522 0 0 0
A3198  ep = 2450400.5
3.3385 0.0737777 7.82611 142.214 159.527 223.85 0 0 0
A3199  ep = 2450400.5
2.30126 0.0381375 4.76826 249.454 257.011 245.366 0 0 0
A3200  ep = 2450400.5
3.59242 0.0240218 3.34413 105.097 137.951 134.801 0 0 0
A3201  ep = 2450400.5
2.96249 0.0728254 7.77281 249.972 306.549 244.079 0 0 0
A3202  ep = 2450400.5
2.92636 0.0242631 2.90179 49.8855 335.673 21.4704 0 0 0
A3203  ep = 2450400.5
1.52418 0.0538458 3.87162 127.297 141.466 240.433 0 0 0
A3204  ep = 2450400.5
4.05717 0.0710955 9.02219 20.2905 169.017 75.6122 0 0 0
A3205  ep = 2450400.5
3.17889 0.0359119 4.71358 9.58878 81.2185 1.875 0 0 0
A3206  ep = 2450400.5
3.59811 0.0039854 2.82564 59.426 265.926 156.527 0 0 0
A3207  ep = 2450400.5
1.96935 0.00110174 4.16863 164.836 155.673 162.002 0 0 0
A3208  ep = 2450400.5
2.23304 0.0576469 8.71851 323.689 302.876 121.466 0 0 0
A3209  ep = 2450400.5
1.99023 0.0473242 4.77784 91.966 326.311 149.246 0 0 0
A3210  ep = 2450400.5
3.01809 0.0732963 6.90634 26.6806 34.7392 121.874 0 0 0
A3211  ep = 2450400.5
3.92833 0.041718 7.54511 231.924 10.566 285.941 0 0 0
A3212  ep = 2450400.5
3.05863 0.0936358 7.36616 212.035 161.615 258.544 0 0 0
A3213  ep = 2450400.5
2.40091 0.0509323 8.1953 147.078 77.0029 278.643 0 0 0
A3214  ep = 2450400.5
1.86827 0.019354 6.8195 127.385 325.817 221.112 0 0 0
A3215  ep = 2450400.5
3.04518 0.0750354 9.19522 286.588 272.671 213.961 0 0 0
A3216  ep = 2450400.5
3.80191 0.0422269 9.07302 238.849 346.572 331.598 0 0 0
A3217  ep = 2450400.5
4.0206 0.0601524 7.81974 110.005 233.437 314.647 0 0 0
A3218  ep = 2450400.5
1.65355 0.0641788 0.526495 173.254 284.038 195.836 0 0 0
A3219  ep = 2450400.5
1.95197 0.0201086 9.65144 264.911 36.9591 146.943 0 0 0
A3220  ep = 2450400.5
2.11503 0.0948899 6.14563 114.104 113.075 230.314 0 0 0
A3221  ep = 2450400.5
3.47906 0.0395288 8.5995 206.928 331.027 252.254 0 0 0
A3222  ep = 2450400.5
2.17701 0.0486628 1.76288 267.455 253.789 165.274 0 0 0
A3223  ep = 2450400.5
2.60685 0.0720827 6.93352 224.605 288.208 115.184 0 0 0
A3224  ep = 2450400.5
1.55496 0.00358598 7.69571 63.313 291.092 43.8477 0 0 0
A3225  ep = 2450400.5
3.26074 0.0757548 8.10119 230.877 167.116 19.5488 0 0 0
A3226  ep = 2450400.5
2.82003 0.0222952 7.15415 183.447 180.667 247.328 0 0 0
A3227  ep = 2450400.5
1.93375 0.0632561 2.457 357.214 191.638 329.936 0 0 0
A3228  ep = 2450400.5
2.03478 0.0259996 5.75898 71.1147 183.229 71.6698 0 0 0
A3229  ep = 2450400.5
2.03577 0.0533433 1.41569 11.3882 180.121 197.523 0 0 0
A3230  ep = 2450400.5
4.00321 0.0708844 2.54852 278.697 158.761 80.9375 0 0 0
A3231  ep = 2450400.5
2.94369 0.0350544 0.597441 9.19935 120.542 218.032 0 0 0
A3232  ep = 2450400.5
3.02487 0.028859 4.3331 271.498 354.338 57.7712 0 0 0
A3233  ep = 2450400.5
3.41361 0.0845468 9.78852 200.989 331.629 46.7064 0 0 0
A3234  ep = 2450400.5
2.61598 0.0203303 3.90933 178.873 76.2933 245.567 0 0 0
A3235  ep = 2450400.5
4.05421 0.083191 9.91101 271.641 177.568 286.976 0 0 0
A3236  ep = 2450400.5
3.82761 0.0725297 5.06847 295.488 322.223 169.32 0 0 0
A3237  ep = 2450400.5
2.28842 0.0751459 8.77933 250.206 49.1146 287.754 0 0 0
A3238  ep = 2450400.5
4.08238 0.0280372 6.21932 172.054 337.167 171.326 0 0 0
A3239  ep = 2450400.5
3.2557 0.074566 1.30703 47.595 312.668 160.92 0 0 0
A3240  ep = 2450400.5
1.96613 0.0482599 1.04235 254.097 204.742 268.467 0 0 0
A3241  ep = 2450400.5
2.13611 0.00993074 9.05922 164.283 203.826 244.193 0 0 0
A3242  ep = 2450400.5
1.61568 0.0795034 4.13234 235.345 289.985 47.7741 0 0 0
A3243  ep = 2450400.5
2.41281 0.0109121 4.99764 155.544 336.188 123.601 0 0 0
A3244  ep = 2450400.5
3.97624 0.094502 1.94584 247.375 172.298 3.77754 0 0 0
A3245  ep = 2450400.5
2.85006 0.0424168 1.99774 84.1425 203.131 83.3272 0 0 0
A3246  ep = 2450400.5
3.76269 0.0494224 4.42264 356.867 75.7873 318.108 0 0 0
A3247  ep = 2450400.5
3.69933 0.029231 9.85229 260.603 172.542 201.103 0 0 0
A3248  ep = 2450400.5
3.47167 0.0545684 2.31474 163.801 128.858 180.881 0 0 0
A3249  ep = 2450400.5
1.90482 0.0793225 4.7266 273.71 73.5556 226.699 0 0 0
A3250  ep = 2450400.5
3.70264 0.0820364 1.86314 67.4103 278.547 317.539 0 0 0
A3251  ep = 2450400.5
1.64728 0.0672978 6.74173 49.833 319.637 266.433 0 0 0
A3252  ep = 2450400.5
2.3232 0.055969 2.71786 20.0698 91.9762 84.3979 0 0 0
A3253  ep = 2450400.5
2.09674 0.0130886 2.80719 264.669 285.5 128.307 0 0 0
A3254  ep = 2450400.5
2.40574 0.099727 5.12027 122.991 105.966 356.145 0 0 0
A3255  ep = 2450400.5
1.88834 0.0609951 5.44281 211.586 293.708 268.569 0 0 0
A3256  ep = 2450400.5
3.04148 0.0173892 7.60133 63.4023 64.0481 63.5854 0 0 0
A3257  ep = 2450400.5
2.45261 0.0620597 1.37515 319.677 247.931 72.9624 0 0 0
A3258  ep = 2450400.5
1.64028 0.0930615 9.84612 241.19 313.557 185.77 0 0 0
A3259  ep = 2450400.5
2.08496 0.0451413 0.895477 126.73 258.865 210.805 0 0 0
A3260  ep = 2450400.5
2.66815 0.0219247 6.88818 293.197 182.615 127.078 0 0 0
A3261  ep = 2450400.5
2.40072 0.0124664 2.23353 61.7463 297.774 279.929 0 0 0
A3262  ep = 2450400.5
1.59029 0.00124249 0.825282 329.709 127.21 34.0578 0 0 0
A3263  ep = 2450400.5
3.75197 0.0210141 6.8431 257.318 207.518 127.068 0 0 0
A3264  ep = 2450400.5
1.56629 0.0909308 6.74528 97.8618 215.327 244.365 0 0 0
A3265  ep = 2450400.5
2.11445 0.0815512 7.30417 137.323 358.06 109.288 0 0 0
A3266  ep = 2450400.5
3.20865 0.0706159 4.41947 282.084 353.163 117.461 0 0 0
A3267  ep = 2450400.5
2.20019 0.0235831 4.61886 172.09 245.437 183.294 0 0 0
A3268  ep = 2450400.5
1.58957 0.074361 7.85321 243.931 290.311 344.629 0 0 0
A3269  ep = 2450400.5
3.65974 0.0798974 4.35295 48.9421 6.19158 219.481 0 0 0
A3270  ep = 2450400.5
2.70992 0.0406714 2.63506 244.674 115.469 222.625 0 0 0
A3271  ep = 2450400.5
2.65265 0.089398 5.12898 302.054 8.19541 63.6077 0 0 0
A3272  ep = 2450400.5
3.93645 0.0155861 8.54802 43.1566 292.394 292.099 0 0 0
A3273  ep = 2450400.5
1.56087 0.0349276 9.27639 212.356 258.133 348.36 0 0 0
A3274  ep = 2450400.5
3.68597 0.0468802 3.1494 196.349 118.926 107.743 0 0 0
A3275  ep = 2450400.5
3.78121 0.0676498 4.89964 149.053 146.901 174.948 0 0 0
A3276  ep = 2450400.5
2.19233 0.0233836 9.08966 124.394 26.7338 358.902 0 0 0
A3277  ep = 2450400.5
3.26858 0.0683827 3.07239 138.334 203.852 318.257 0 0 0
A3278  ep = 2450400.5
2.4199 0.0566452 4.35329 285.37 130.78 336.432 0 0 0
A3279  ep = 2450400.5
3.78812 0.0944156 7.43306 40.1796 66.5682 114.876 0 0 0
A3280  ep = 2450400.5
2.64779 0.0389454 8.55676 229.756 251.242 148.432 0 0 0
A3281  ep = 2450400.5
3.50433 0.0989431 2.36539 52.6053 217.577 284.31 0 0 0
A3282  ep = 2450400.5
2.2724 0.0507844 9.32641 333.985 93.083 7.75255 0 0 0
A3283  ep = 2450400.5
1.9461 0.00142347 4.24261 269.395 220.668 258.806 0 0 0
A3284  ep = 2450400.5
2.46059 0.0937343 5.92264 143.448 75.8542 190.207 0 0 0
A3285  ep = 2450400.5
2.05447 0.00747876 4.95449 327.596 32.0651 255.316 0 0 0
A3286  ep = 2450400.5
1.65858 0.0398379 7.56212 350.816 271.273 76.6429 0 0 0
A3287  ep = 2450400.5
2.43352 0.0301475 7.88667 12.5278 0.614081 58.835 0 0 0
A3288  ep = 2450400.5
1.7794 0.0269708 9.97696 191.925 230.968 108.402 0 0 0
A3289  ep = 2450400.5
2.70534 0.0572231 0.486372 85.5355 193.029 275.258 0 0 0
A3290  ep = 2450400.5
2.71191 0.0838852 8.58015 207.966 242.339 222.773 0 0 0
A3291  ep = 2450400.5
4.01926 0.0142323 7.01891 76.3351 182 153.606 0 0 0
A3292  ep = 2450400.5
1.88967 0.006135 6.10908 195.903 331.419 66.5783 0 0 0
A3293  ep = 2450400.5
3.1441 0.00842877 7.62402 329.976 132.269 209.207 0 0 0
A3294  ep = 2450400.5
4.05492 0.0129251 6.32737 165.107 351.233 100.05 0 0 0
A3295  ep = 2450400.5
2.60041 0.0857302 4.6775 279.226 237.817 191.296 0 0 0
A3296  ep = 2450400.5
2.08548 0.0243879 4.88179 89.7162 334.684 286.079 0 0 0
A3297  ep = 2450400.5
3.17938 0.0256768 4.5075 89.6714 55.5407 316.847 0 0 0
A3298  ep = 2450400.5
3.1489 0.0618515 8.37682 233.528 182.826 188.589 0 0 0
A3299  ep = 2450400.5
3.9324 0.00815712 9.96712 163.807 64.6517 240.759 0 0 0
A3300  ep = 2450400.5
1.70524 0.0184022 3.85244 336.913 214.934 155.773 0 0 0
A3301  ep = 2450400.5
1.91583 0.00993323 7.47785 206.611 179.546 280.609 0 0 0
A3302  ep = 2450400.5
2.32116 0.0549153 5.60681 59.6487 124.55 198.804 0 0 0
A3303  ep = 2450400.5
3.58151 0.0393706 0.0112187 350.39 284.407 192.037 0 0 0
A3304  ep = 2450400.5
1.55565 0.0767336 4.62396 172.695 175.743 294.465 0 0 0
A3305  ep = 2450400.5
2.42778 0.0961105 3.28355 92.3876 95.1329 64.4886 0 0 0
A3306  ep = 2450400.5
3.4466 0.0135628 4.49657 37.7345 172.418 7.35171 0 0 0
A3307  ep = 2450400.5
3.21936 0.083658 0.403954 15.0541 246.761 291.169 0 0 0
A3308  ep = 2450400.5
3.8363 0.00430495 1.53352 225.279 128.135 180.677 0 0 0
A3309  ep = 2450400.5
2.60717 0.0255136 5.06572 100.351 226.522 355.228 0 0 0
A3310  ep = 2450400.5
1.5373 0.0463664 3.80486 243.542 343.855 281.262 0 0 0
A3311  ep = 2450400.5
2.89165 0.0975274 9.43221 51.5371 246.195 26.5388 0 0 0
A3312  ep = 2450400.5
2.89347 0.0303085 8.95697 65.7969 85.3681 181.529 0 0 0
A3313  ep = 2450400.5
3.2664 0.0881952 3.97023 125.981 6.24906 281.342 0 0 0
A3314  ep = 2450400.5
3.54933 0.00904683 1.50021 224.619 200.377 138.109 0 0 0
A3315  ep = 2450400.5
1.73806 0.0967922 2.87312 277.556 44.722 227.92 0 0 0
A3316  ep = 2450400.5
2.75236 0.00651374 6.76455 82.3228 131.967 344.13 0 0 0
A3317  ep = 2450400.5
1.96841 0.027497 4.429 300.889 343.134 17.1039 0 0 0
A3318  ep = 2450400.5
3.67847 0.0765194 2.61909 106.901 342.976 137.731 0 0 0
A3319  ep = 2450400.5
3.52248 0.0144202 9.59876 349.88 174.171 273.314 0 0 0
A3320  ep = 2450400.5
1.60711 0.080364 6.7771 87.3399 248.892 338.198 0 0 0
A3321  ep = 2450400.5
2.38249 0.0124707 1.94962 274.611 331.846 336.323 0 0 0
A3322  ep = 2450400.5
2.49423 0.0918507 2.34566 117.919 23.6591 67.411 0 0 0
A3323  ep = 2450400.5
1.54933 0.0166231 1.85002 261.204 118.938 155.345 0 0 0
A3324  ep = 2450400.5
3.2099 0.0965398 8.44359 302.864 196.396 186.354 0 0 0
A3325  ep = 2450400.5
1.7861 0.0159827 2.21875 342.639 299.175 8.52926 0 0 0
A3326  ep = 2450400.5
3.60313 0.0610627 2.81319 113.911 131.401 12.3516 0 0 0
A3327  ep = 2450400.5
3.89714 0.0981217 1.31521 23.9661 4.20445 245.196 0 0 0
A3328  ep = 2450400.5
3.92654 0.0561273 7.32311 175.759 69.6354 104.607 0 0 0
A3329  ep = 2450400.5
2.28268 0.074858 0.380769 314.936 269.806 76.1066 0 0 0
A3330  ep = 2450400.5
2.62431 0.0429379 2.57203 290.458 118.386 288.882 0 0 0
A3331  ep = 2450400.5
3.56525 0.0466733 9.38083 161.506 241.269 86.459 0 0 0
A3332  ep = 2450400.5
2.25348 0.0605082 8.60977 144.712 273.778 27.9098 0 0 0
A3333  ep = 2450400.5
2.64686 0.0624606 9.75955 194.297 35.6908 164.297 0 0 0
A3334  ep = 2450400.5
2.67152 0.0754134 2.7369 227.262 272.316 106.53 0 0 0
A3335  ep = 2450400.5
3.13757 0.0677999 7.12551 357.572 357.933 304.685 0 0 0
A3336  ep = 2450400.5
3.62289 0.0439651 0.211423 200.978 245.456 17.1107 0 0 0
A3337  ep = 2450400.5
2.96535 0.0840421 3.95787 84.6977 198.389 18.3006 0 0 0
A3338  ep = 2450400.5
1.85011 0.0121722 8.77976 116.966 123.992 123.303 0 0 0
A3339  ep = 2450400.5
1.77404 0.0842636 6.17527 306.668 98.2507 358.61 0 0 0
A3340  ep = 2450400.5
3.33687 0.0436358 7.87557 13.1503 140.268 341.116 0 0 0
A3341  ep = 2450400.5
2.52355 0.056216 5.22239 144.768 332.543 190.76 0 0 0
A3342  ep = 2450400.5
2.0208 0.0925658 0.531966 347.276 208.026 189.059 0 0 0
A3343  ep = 2450400.5
1.54576 0.0416881 1.51807 100.758 72.9813 230.196 0 0 0
A3344  ep = 2450400.5
1.71194 0.0498442 4.32264 198.642 325.058 150.838 0 0 0
A3345  ep = 2450400.5
2.99678 0.0865536 4.05799 1.43202 251.098 152.88 0 0 0
A3346  ep = 2450400.5
2.51213 0.054293 6.02355 304.598 75.1192 114.703 0 0 0
A3347  ep = 2450400.5
1.54387 0.0443346 7.31276 47.5592 101.684 58.6832 0 0 0
A3348  ep = 2450400.5
2.14728 0.0339062 3.61793 348.384 135.978 185.515 0 0 0
A3349  ep = 2450400.5
2.92867 0.00185094 5.08725 158.732 241.944 204.82 0 0 0
A3350  ep = 2450400.5
2.83422 0.0211322 4.68445 253.131 71.2236 228.155 0 0 0
A3351  ep = 2450400.5
1.6296 0.0581623 1.34217 111.649 157.025 311.7 0 0 0
A3352  ep = 2450400.5
1.91009 0.0586788 8.14856 338.237 269.756 46.3777 0 0 0
A3353  ep = 2450400.5
2.14431 0.0745392 5.80562 44.3935 136.796 263.786 0 0 0
A3354  ep = 2450400.5
1.52465 0.0811212 2.04121 124.637 177.908 176.786 0 0 0
A3355  ep = 2450400.5
3.12142 0.0629641 5.372 248.557 71.848 210.052 0 0 0
A3356  ep = 2450400.5
2.9743 0.0414293 8.0186 259.263 242.046 98.1608 0 0 0
A3357  ep = 2450400.5
4.02412 0.016937 4.60481 194.952 13.8184 112.496 0 0 0
A3358  ep = 2450400.5
1.5248 0.0768752 1.41471 143.11 51.7139 74.5831 0 0 0
A3359  ep = 2450400.5
2.54888 0.0862798 3.04028 127.346 57.8449 146.581 0 0 0
A3360  ep = 2450400.5
1.75021 0.0875343 4.88608 188.925 9.04007 288.101 0 0 0
A3361  ep = 2450400.5
1.77598 0.0433327 5.93455 187.691 142.728 313.601 0 0 0
A3362  ep = 2450400.5
3.86479 0.0423995 2.0759 271.496 114.073 241.067 0 0 0
A3363  ep = 2450400.5
1.84838 0.0765265 6.81718 334.987 110.116 188.509 0 0 0
A3364  ep = 2450400.5
1.93347 0.0176232 8.93466 282.317 8.79497 55.7831 0 0 0
A3365  ep = 2450400.5
4.0842 0.0717539 9.6775 171.952 152.246 324.044 0 0 0
A3366  ep = 2450400.5
2.93651 0.0478789 7.00723 28.0191 270.188 78.8285 0 0 0
A3367  ep = 2450400.5
2.22225 0.064315 3.41516 163.088 242.192 308.498 0 0 0
A3368  ep = 2450400.5
2.88632 0.0308266 6.0192 350.367 139.728 161.049 0 0 0
A3369  ep = 2450400.5
2.89224 0.02119 4.40647 118.641 41.1447 288.636 0 0 0
A3370  ep = 2450400.5
3.56254 0.0107992 1.02059 203.494 148.567 173.792 0 0 0
A3371  ep = 2450400.5
1.58182 0.021461 5.94234 45.3736 51.5169 40.5389 0 0 0
A3372  ep = 2450400.5
2.59989 0.0795691 6.17116 35.2054 251.527 192.559 0 0 0
A3373  ep = 2450400.5
2.21787 0.0366848 5.61087 35.2961 327.772 78.6236 0 0 0
A3374  ep = 2450400.5
1.85787 0.0734965 9.55797 30.3104 221.52 80.1859 0 0 0
A3375  ep = 2450400.5
3.72857 0.0234167 7.64751 18.7354 215.724 144.401 0 0 0
A3376  ep = 2450400.5
3.2147 0.0766646 1.01193 18.545 40.7963 71.0855 0 0 0
A3377  ep = 2450400.5
3.27466 0.062772 7.09582 357.54 109.778 36.6436 0 0 0
A3378  ep = 2450400.5
2.21774 0.0341662 0.317704 308.842 232.558 224.61 0 0 0
A3379  ep = 2450400.5
2.74124 0.0755163 3.02018 71.9633 288.984 0.990792 0 0 0
A3380  ep = 2450400.5
2.08134 0.0470549 9.51504 14.0581 275.721 293.776 0 0 0
A3381  ep = 2450400.5
3.82123 0.0809417 7.86631 103.581 35.4483 4.2923 0 0 0
A3382  ep = 2450400.5
2.29827 0.0262791 5.734 2.33247 352.505 335.372 0 0 0
A3383  ep = 2450400.5
1.92018 0.0377333 3.83505 345.278 50.5471 338.169 0 0 0
A3384  ep = 2450400.5
2.93861 0.0484021 2.93851 141.76 285.555 142.229 0 0 0
A3385  ep = 2450400.5
2.42728 0.0619008 7.66943 49.5265 330.606 293.795 0 0 0
A3386  ep = 2450400.5
2.86987 0.0558187 5.44199 207.989 225.094 51.0933 0 0 0
A3387  ep = 2450400.5
3.68967 0.0874969 0.599701 204.307 302.879 145.407 0 0 0
A3388  ep = 2450400.5
2.83306 0.0326835 1.11151 230.179 235.108 307.291 0 0 0
A3389  ep = 2450400.5
2.37651 0.078143 2.48717 49.9374 170.385 90.578 0 0 0
A3390  ep = 2450400.5
2.47788 0.00628407 4.16309 198.085 30.4155 63.2621 0 0 0
A3391  ep = 2450400.5
2.85665 0.0823313 5.41619 285.288 21.9489 275.879 0 0 0
A3392  ep = 2450400.5
2.49777 0.0226014 9.61476 61.7881 27.0921 174.087 0 0 0
A3393  ep = 2450400.5
2.4016 0.00901492 4.13701 290.693 113.374 140.704 0 0 0
A3394  ep = 2450400.5
3.38723 0.0129796 0.4814 162.561 271.572 280.268 0 0 0
A3395  ep = 2450400.5
2.67065 0.0300549 3.32464 218.105 332.444 183.897 0 0 0
A3396  ep = 2450400.5
2.28731 0.0793683 9.42948 280.336 57.2588 153.999 0 0 0
A3397  ep = 2450400.5
2.53002 0.0146705 8.67488 24.2129 191.392 209.58 0 0 0
A3398  ep = 2450400.5
1.94417 0.0672641 4.07662 307.921 177.072 98.1872 0 0 0
A3399  ep = 2450400.5
2.61984 0.0580899 7.17694 36.0476 258.491 109.066 0 0 0
A3400  ep = 2450400.5
3.34311 0.0703044 1.06426 220.765 278.714 117.173 0 0 0
A3401  ep = 2450400.5
3.80627 0.0125113 0.77569 113.261 168.57 232.12 0 0 0
A3402  ep = 2450400.5
3.35493 0.0913985 3.34107 350.684 330.614 247.771 0 0 0
A3403  ep = 2450400.5
1.7571 0.00330043 3.70397 73.4078 77.0247 296.579 0 0 0
A3404  ep = 2450400.5
3.15876 0.0865218 4.72422 50.3377 268.832 274.41 0 0 0
A3405  ep = 2450400.5
2.68797 0.00848789 9.55999 316.713 152.916 258.699 0 0 0
A3406  ep = 2450400.5
1.80695 0.0191729 2.38253 351.13 195.113 305.283 0 0 0
A3407  ep = 2450400.5
2.70173 0.0727766 8.56127 271.289 283.705 37.2093 0 0 0
A3408  ep = 2450400.5
3.62721 0.04939 1.97238 162.343 217.814 336.426 0 0 0
A3409  ep = 2450400.5
3.39949 0.0979554 4.36845 338.724 302.446 24.1167 0 0 0
A3410  ep = 2450400.5
4.07294 0.0701877 8.44858 261.077 24.8189 10.5694 0 0 0
A3411  ep = 2450400.5
3.68984 0.0313127 9.72446 74.4737 0.166674 84.6103 0 0 0
A3412  ep = 2450400.5
1.75211 0.0190354 0.282604 136.486 166.441 295.699 0 0 0
A3413  ep = 2450400.5
1.71579 0.0787449 5.64888 359.942 110.569 247.62 0 0 0
A3414  ep = 2450400.5
3.35422 0.0807959 4.37318 78.6113 44.7489 271.108 0 0 0
A3415  ep = 2450400.5
2.04194 0.0583652 5.43555 84.6654 192.32 243.398 0 0 0
A3416  ep = 2450400.5
1.53377 0.0201999 6.99301 274.444 217.141 98.7287 0 0 0
A3417  ep = 2450400.5
2.7809 0.044478 4.41423 355.772 135.112 241.614 0 0 0
A3418  ep = 2450400.5
3.37357 0.0423738 5.76287 70.9593 56.3763 66.249 0 0 0
A3419  ep = 2450400.5
3.39209 0.0605382 5.6487 258.642 168.637 187.115 0 0 0
A3420  ep = 2450400.5
3.84479 0.0602177 6.79655 334.205 124.863 198.698 0 0 0
A3421  ep = 2450400.5
1.84209 0.084123 1.55598 172.299 114.612 60.0981 0 0 0
A3422  ep = 2450400.5
3.01031 0.00472487 8.10959 353.306 98.7018 316.277 0 0 0
A3423  ep = 2450400.5
2.50568 0.00608763 3.14719 29.275 188.317 349.385 0 0 0
A3424  ep = 2450400.5
3.72099 0.0668326 8.55747 293.249 117.317 347.726 0 0 0
A3425  ep = 2450400.5
3.94738 0.0157068 4.83686 348.97 299.665 158.103 0 0 0
A3426  ep = 2450400.5
1.60824 0.00170567 3.67244 96.1045 210.646 186.411 0 0 0
A3427  ep = 2450400.5
3.68928 0.0662237 7.21684 274.393 50.2726 5.16546 0 0 0
A3428  ep = 2450400.5
2.53868 0.00567488 9.77776 176.21 176.205 4.98245 0 0 0
A3429  ep = 2450400.5
2.06239 0.0844502 9.55008 229.109 122.453 138.796 0 0 0
A3430  ep = 2450400.5
2.29919 0.090335 5.60215 87.3787 12.7332 160.086 0 0 0
A3431  ep = 2450400.5
3.20762 0.000851538 3.11797 192.487 250.543 31.7725 0 0 0
A3432  ep = 2450400.5
3.8963 0.0812971 1.60097 84.6246 6.9291 130.667 0 0 0
A3433  ep = 2450400.5
2.60567 0.0500204 0.921982 322.482 181.815 270.67 0 0 0
A3434  ep = 2450400.5
3.36225 0.0489606 7.81598 111.223 242.288 199.436 0 0 0
A3435  ep = 2450400.5
3.28382 0.0226864 0.895789 166.999 337.519 8.90412 0 0 0
A3436  ep = 2450400.5
2.29082 0.0603011 5.81245 63.5299 201.267 43.8308 0 0 0
A3437  ep = 2450400.5
3.63313 0.0931978 7.76044 27.8989 54.1214 214.644 0 0 0
A3438  ep = 2450400.5
2.70745 0.0430453 5.6308 4.82413 86.3613 139.852 0 0 0
A3439  ep = 2450400.5
3.75379 0.0131387 4.22256 157.092 267.267 125.454 0 0 0
A3440  ep = 2450400.5
1.70527 0.0466075 6.32867 3.09327 322.892 281.51 0 0 0
A3441  ep = 2450400.5
1.50822 0.0103228 4.94702 313.519 329.638 187.374 0 0 0
A3442  ep = 2450400.5
3.51242 0.00502831 6.10795 40.3295 93.2951 321.44 0 0 0
A3443  ep = 2450400.5
3.68991 0.0735261 2.53802 87.8222 349.37 315.475 0 0 0
A3444  ep = 2450400.5
1.57964 0.0125609 5.11514 244.557 266.962 126.887 0 0 0
A3445  ep = 2450400.5
3.06675 0.0918657 9.86239 121.922 353.62 213.548 0 0 0
A3446  ep = 2450400.5
3.92929 0.0807554 7.55782 314.629 250.85 23.6682 0 0 0
A3447  ep = 2450400.5
3.46651 0.092103 7.75101 209.546 82.2675 12.6556 0 0 0
A3448  ep = 2450400.5
2.169 0.0433624 6.91864 320.095 38.4856 59.1654 0 0 0
A3449  ep = 2450400.5
3.23281 0.0202509 6.56238 73.1572 155.636 37.5256 0 0 0
A3450  ep = 2450400.5
2.292 0.00304627 1.98602 265.393 16.6273 287.279 0 0 0
A3451  ep = 2450400.5
3.90355 0.00513895 4.70359 313.954 225.505 162.531 0 0 0
A3452  ep = 2450400.5
2.574 0.0491925 7.78463 6.95197 248.213 47.5424 0 0 0
A3453  ep = 2450400.5
2.27336 0.088595 0.165031 225.551 11.6572 196.927 0 0 0
A3454  ep = 2450400.5
2.29738 0.0268022 0.63864 250.993 214.332 264.633 0 0 0
A3455  ep = 2450400.5
1.97326 0.0720396 7.69133 172.176 184.782 302.072 0 0 0
A3456  ep = 2450400.5
2.32044 0.0412967 4.73396 156.781 142.269 240.262 0 0 0
A3457  ep = 2450400.5
2.13398 0.0878716 5.57512 206.669 180.216 323.157 0 0 0
A3458  ep = 2450400.5
1.60429 0.0827166 6.17303 341.266 210.166 212.784 0 0 0
A3459  ep = 2450400.5
2.3088 0.0746551 7.2887 186.861 64.016 330.312 0 0 0
A3460  ep = 2450400.5
1.50749 0.0251944 1.42966 326.933 212.985 136.759 0 0 0
A3461  ep = 2450400.5
2.31127 0.054755 2.6751 67.3942 188.571 143.223 0 0 0
A3462  ep = 2450400.5
2.75456 0.0219751 2.36248 90.5722 356.587 129.424 0 0 0
A3463  ep = 2450400.5
3.39001 0.0848197 1.6494 309.5 193.759 278.278 0 0 0
A3464  ep = 2450400.5
2.84196 0.0483678 0.180322 321.189 220.322 229.529 0 0 0
A3465  ep = 2450400.5
1.70407 0.0841788 7.92435 81.5157 86.8468 115.727 0 0 0
A3466  ep = 2450400.5
2.15304 0.0968116 2.12359 355.825 167.209 105.631 0 0 0
A3467  ep = 2450400.5
3.32806 0.0861567 7.36336 108.087 104.778 206.822 0 0 0
A3468  ep = 2450400.5
2.21433 0.0644208 5.20482 104.965 193.966 297.839 0 0 0
A3469  ep = 2450400.5
1.59236 0.0832043 7.14807 186.844 307.625 106.02 0 0 0
A3470  ep = 2450400.5
3.42512 0.0512313 0.44144 101.608 131.739 85.207 0 0 0
A3471  ep = 2450400.5
3.53433 0.096553 5.65584 335.798 337.58 90.2678 0 0 0
A3472  ep = 2450400.5
1.78395 0.0158063 2.56698 260.999 104.41 2.54477 0 0 0
A3473  ep = 2450400.5
3.49774 0.0892463 9.63309 124.396 210.161 282.785 0 0 0
A3474  ep = 2450400.5
2.30034 0.0674467 5.76365 121.277 112.754 353.186 0 0 0
A3475  ep = 2450400.5
2.2412 0.0556696 4.38349 222.602 17.3553 114.5 0 0 0
A3476  ep = 2450400.5
2.77276 0.0835677 1.21973 177.211 92.3308 122.168 0 0 0
A3477  ep = 2450400.5
2.74537 0.0472935 9.61166 187.648 63.1907 133.141 0 0 0
A3478  ep = 2450400.5
3.509 0.0105295 4.68878 197.659 351.035 182.483 0 0 0
A3479  ep = 2450400.5
2.41219 0.0699896 3.14563 42.1753 16.8838 152.189 0 0 0
A3480  ep = 2450400.5
1.727 0.0445656 1.13915 275.65 223.498 120.66 0 0 0
A3481  ep = 2450400.5
1.91704 0.00239291 0.176682 258.622 268.275 347.994 0 0 0
A3482  ep = 2450400.5
1.65303 0.043828 5.16442 132.492 225.888 217.689 0 0 0
A3483  ep = 2450400.5
2.061 0.0524654 9.8584 359.161 346.616 4.77425 0 0 0
A3484  ep = 2450400.5
2.63118 0.00796352 8.42959 83.8613 190.885 302.389 0 0 0
A3485  ep = 2450400.5
1.76975 0.0347739 6.44159 356.965 19.1463 81.3172 0 0 0
A3486  ep = 2450400.5
2.40112 0.0365934 6.25162 215.851 316.068 22.5643 0 0 0
A3487  ep = 2450400.5
2.99169 0.0366121 0.39152 189.929 201.62 93.6291 0 0 0
A3488  ep = 2450400.5
2.73787 0.0107664 0.507616 329.549 87.9976 146.094 0 0 0
A3489  ep = 2450400.5
3.5162 0.0577166 8.43325 96.4038 207.86 126.259 0 0 0
A3490  ep = 2450400.5
1.94297 0.060065 3.12167 239.854 15.4422 239.964 0 0 0
A3491  ep = 2450400.5
2.0813 0.0538428 7.36567 169.435 354.195 214.187 0 0 0
A3492  ep = 2450400.5
2.26172 0.0835654 0.831405 290.342 283.019 217.955 0 0 0
A3493  ep = 2450400.5
4.0956 0.0250356 5.72953 59.284 91.0562 221.181 0 0 0
A3494  ep = 2450400.5
2.9977 0.0503626 7.43469 71.3962 180.013 224.843 0 0 0
A3495  ep = 2450400.5
2.02355 0.0569709 7.09885 282.178 184.065 232.181 0 0 0
A3496  ep = 2450400.5
2.18919 0.0173727 0.830209 285.448 0.488558 156.263 0 0 0
A3497  ep = 2450400.5
2.37345 0.095452 2.61014 316.255 53.0813 153.196 0 0 0
A3498  ep = 2450400.5
2.7971 0.059215 4.27344 88.3044 63.7217 226.585 0 0 0
A3499  ep = 2450400.5
3.04123 0.0258128 9.36186 288.688 270.575 147.313 0 0 0
A3500  ep = 2450400.5
3.85152 0.0414147 5.5617 265.107 9.55815 188.633 0 0 0
A3501  ep = 2450400.5
2.33054 0.0750941 9.0606 123.52 316.29 41.1576 0 0 0
A3502  ep = 2450400.5
3.97965 0.0679509 2.51192 285.066 315.087 215.401 0 0 0
A3503  ep = 2450400.5
3.7331 0.0895409 6.13633 343.602 96.0323 215.733 0 0 0
A3504  ep = 2450400.5
3.86105 0.0592844 0.932777 128.089 57.2464 64.3486 0 0 0
A3505  ep = 2450400.5
3.42218 0.0644671 7.98219 131.198 30.0803 272.956 0 0 0
A3506  ep = 2450400.5
3.60269 0.0186528 9.97365 357.533 51.8947 194.016 0 0 0
A3507  ep = 2450400.5
1.9403 0.0474584 0.327214 39.7983 64.9396 216.429 0 0 0
A3508  ep = 2450400.5
3.58817 0.0546318 5.96485 17.0122 71.4487 325.101 0 0 0
A3509  ep = 2450400.5
3.09529 0.0653269 8.48688 9.36935 333.519 82.3759 0 0 0
A3510  ep = 2450400.5
3.35139 0.0329326 4.97777 208.956 116.176 54.0558 0 0 0
A3511  ep = 2450400.5
1.6373 0.0339443 8.01664 45.2061 104.947 54.4407 0 0 0
A3512  ep = 2450400.5
2.12379 0.00911903 1.63468 20.6917 119.135 116.858 0 0 0
A3513  ep = 2450400.5
3.96416 0.0215485 4.66194 33.1955 327.154 257.642 0 0 0
A3514  ep = 2450400.5
2.9011 0.0997971 1.90125 142.394 215.759 220.076 0 0 0
A3515  ep = 2450400.5
3.09293 0.0881074 6.21146 341.599 90.5792 62.734 0 0 0
A3516  ep = 2450400.5
3.72114 0.0535653 3.71985 128.244 131.708 332.322 0 0 0
A3517  ep = 2450400.5
2.62204 0.023964 3.6229 74.659 277.372 100.119 0 0 0
A3518  ep = 2450400.5
1.74524 0.0195779 7.46406 180.539 143.582 199.07 0 0 0
A3519  ep = 2450400.5
2.38103 0.0615336 7.94597 248.837 326.978 327.677 0 0 0
A3520  ep = 2450400.5
2.78349 0.0511315 5.66576 181.201 212.755 267.919 0 0 0
A3521  ep = 2450400.5
1.73427 0.0703514 9.95922 60.9682 332.656 202.135 0 0 0
A3522  ep = 2450400.5
2.83691 0.0279471 7.06818 65.9108 124.277 49.2304 0 0 0
A3523  ep = 2450400.5
2.22997 0.0622329 1.4776 143.135 257.296 206.932 0 0 0
A3524  ep = 2450400.5
3.47694 0.000778596 8.85865 199.998 318.082 320.568 0 0 0
A3525  ep = 2450400.5
1.74728 0.00235979 1.60966 125.467 39.4151 35.4055 0 0 0
A3526  ep = 2450400.5
3.25081 0.0274528 6.98831 36.7969 86.6656 87.8464 0 0 0
A3527  ep = 2450400.5
3.19876 0.0069541 0.775733 237.859 86.066 62.3172 0 0 0
A3528  ep = 2450400.5
3.24888 0.0895053 1.14741 352.03 31.2886 35.1104 0 0 0
A3529  ep = 2450400.5
3.25081 0.0797796 9.55864 333.318 123.417 145.131 0 0 0
A3530  ep = 2450400.5
2.14691 0.0238866 4.61574 215.548 94.8044 111.519 0 0 0
A3531  ep = 2450400.5
1.53552 0.039856 2.59443 355.832 210.341 134.938 0 0 0
A3532  ep = 2450400.5
1.78807 0.0030892 6.20177 43.3883 44.3649 227.474 0 0 0
A3533  ep = 2450400.5
1.86271 0.072405 5.10435 234.78 343.197 54.1647 0 0 0
A3534  ep = 2450400.5
1.61308 0.0578368 9.62946 356.873 206.297 316.444 0 0 0
A3535  ep = 2450400.5
2.02142 0.0654422 1.8749 331.01 314.281 154.545 0 0 0
A3536  ep = 2450400.5
3.45329 0.00899321 4.48801 79.2456 168.846 80.434 0 0 0
A3537  ep = 2450400.5
2.80616 0.07804 2.18254 105.944 77.3274 96.7795 0 0 0
A3538  ep = 2450400.5
3.61172 0.0274871 0.763553 118.832 60.7982 202.057 0 0 0
A3539  ep = 2450400.5
2.34251 0.050786 9.59997 281.414 163.429 76.1501 0 0 0
A3540  ep = 2450400.5
2.07267 0.0945851 0.922476 344.828 165.809 324.888 0 0 0
A3541  ep = 2450400.5
3.54938 0.0979297 0.0483961 195.409 32.8567 33.1001 0 0 0
A3542  ep = 2450400.5
3.28778 0.054063 8.36361 62.7213 57.1982 257.271 0 0 0
A3543  ep = 2450400.5
4.08066 0.0463712 4.60107 93.0496 91.9297 203.346 0 0 0
A3544  ep = 2450400.5
3.45955 0.0792065 1.24419 297.714 187.089 72.125 0 0 0
A3545  ep = 2450400.5
3.82023 0.0121938 6.41627 334.224 78.7561 187.537 0 0 0
A3546  ep = 2450400.5
2.05974 0.0725491 6.33353 187.205 117.789 104.722 0 0 0
A3547  ep = 2450400.5
2.91883 0.0266442 2.09134 6.56073 129.814 78.7891 0 0 0
A3548  ep = 2450400.5
1.82718 0.0401484 0.735949 309.47 40.7762 8.57814 0 0 0
A3549  ep = 2450400.5
3.18283 0.0303384 7.98067 311.564 58.9284 289.139 0 0 0
A3550  ep = 2450400.5
1.87423 0.0180978 2.70355 144.577 175.095 257.754 0 0 0
A3551  ep = 2450400.5
2.93641 0.060894 2.45211 46.6782 78.4775 315.777 0 0 0
A3552  ep = 2450400.5
1.90534 0.0969957 6.07055 256.589 237.625 323.029 0 0 0
A3553  ep = 2450400.5
2.90781 0.0761758 9.87413 193.644 157.378 164.462 0 0 0
A3554  ep = 2450400.5
3.25645 0.0435828 1.96318 319.011 213.118 338.4 0 0 0
A3555  ep = 2450400.5
3.23126 0.0202389 8.55687 203.293 231.032 10.3427 0 0 0
A3556  ep = 2450400.5
1.86086 0.0638585 7.69962 204.666 219.57 284.325 0 0 0
A3557  ep = 2450400.5
1.933 0.0424377 8.509 97.6923 118.489 123.659 0 0 0
A3558  ep = 2450400.5
2.87016 0.0652414 2.12844 265.466 226.492 195.241 0 0 0
A3559  ep = 2450400.5
3.21521 0.0384055 5.81998 209.686 10.8695 37.0419 0 0 0
A3560  ep = 2450400.5
3.10228 0.0982583 5.26772 23.0286 349.673 36.648 0 0 0
A3561  ep = 2450400.5
2.68538 0.0856459 2.50872 51.9066 84.3379 201.193 0 0 0
A3562  ep = 2450400.5
1.66531 0.0917813 8.67596 341.713 258.751 3.35992 0 0 0
A3563  ep = 2450400.5
1.661 0.0806038 5.08304 281.595 331.222 69.7717 0 0 0
A3564  ep = 2450400.5
3.42059 0.0343315 0.0958447 157.568 160.846 157.113 0 0 0
A3565  ep = 2450400.5
3.0623 0.028594 4.78982 58.4099 1.17081 63.3018 0 0 0
A3566  ep = 2450400.5
2.5453 0.0500211 1.04878 221.799 16.7097 33.8873 0 0 0
A3567  ep = 2450400.5
2.99027 0.0511059 6.36051 218.491 355.162 177.911 0 0 0
A3568  ep = 2450400.5
3.37531 0.0158951 7.49175 317.014 240.54 137.922 0 0 0
A3569  ep = 2450400.5
1.55422 0.0601705 3.86338 189.893 161.484 306.111 0 0 0
A3570  ep = 2450400.5
2.29314 0.0150421 1.13076 323.471 133.509 57.3203 0 0 0
A3571  ep = 2450400.5
3.19889 0.0867005 4.7584 240.609 42.1373 15.0411 0 0 0
A3572  ep = 2450400.5
3.72353 0.0423984 7.89332 42.9798 102.146 158.563 0 0 0
A3573  ep = 2450400.5
3.54253 0.00452997 0.352637 60.4539 173.74 243.918 0 0 0
A3574  ep = 2450400.5
3.57091 0.0455626 7.69856 176.089 251.346 26.9341 0 0 0
A3575  ep = 2450400.5
2.95165 0.0668744 3.57594 61.9455 129.058 21.0209 0 0 0
A3576  ep = 2450400.5
2.44051 0.0872411 2.61276 124.138 196.272 40.1825 0 0 0
A3577  ep = 2450400.5
3.60235 0.0854244 2.2865 122.483 250.291 139.904 0 0 0
A3578  ep = 2450400.5
2.60056 0.0270267 5.37157 175.686 120.572 285.771 0 0 0
A3579  ep = 2450400.5
3.84568 0.0412506 7.99166 180.171 295.018 247.999 0 0 0
A3580  ep = 2450400.5
1.94579 0.0137684 4.06211 82.6647 352.027 76.2044 0 0 0
A3581  ep = 2450400.5
3.55342 0.0429076 6.47424 174.62 273.585 272.854 0 0 0
A3582  ep = 2450400.5
3.37905 0.0170037 3.8133 55.581 234.221 320.161 0 0 0
A3583  ep = 2450400.5
1.55944 0.0528611 5.36839 34.0213 63.4233 270.002 0 0 0
A3584  ep = 2450400.5
3.59218 0.0750045 6.00678 85.3289 2.36036 202.061 0 0 0
A3585  ep = 2450400.5
4.00473 0.0404512 4.62508 31.5107 83.5372 125.14 0 0 0
A3586  ep = 2450400.5
2.43927 0.0935122 2.58827 16.9561 112.786 235.816 0 0 0
A3587  ep = 2450400.5
3.34431 0.0107361 5.41939 9.06084 30.2387 203.554 0 0 0
A3588  ep = 2450400.5
3.59801 0.0205132 3.64976 85.9685 137.514 279.505 0 0 0
A3589  ep = 2450400.5
2.83565 0.00588788 4.57605 56.0459 37.0473 339.927 0 0 0
A3590  ep = 2450400.5
3.90182 0.0958452 2.70423 144.493 223.105 113.426 0 0 0
A3591  ep = 2450400.5
2.57866 0.0186861 0.575521 190.399 351.167 6.09393 0 0 0
A3592  ep = 2450400.5
2.30929 0.0838802 8.75288 291.972 353.776 165.063 0 0 0
A3593  ep = 2450400.5
3.03057 0.0205728 1.66955 39.9939 214.63 49.8923 0 0 0
A3594  ep = 2450400.5
2.53148 0.0812108 5.09997 308.371 62.5465 35.6143 0 0 0
A3595  ep = 2450400.5
2.27795 0.0583683 8.96194 72.1681 359.178 114.525 0 0 0
A3596  ep = 2450400.5
2.1165 0.0269248 0.244022 293.019 221.906 32.4039 0 0 0
A3597  ep = 2450400.5
2.73999 0.0742542 1.90695 132.147 205.397 261.972 0 0 0
A3598  ep = 2450400.5
2.43702 0.0819131 7.14045 267.616 317.325 72.6162 0 0 0
A3599  ep = 2450400.5
1.59884 0.0312497 5.13657 340.569 205.542 229.348 0 0 0
A3600  ep = 2450400.5
2.28877 0.0788324 2.36307 128.641 211.064 176.215 0 0 0
A3601  ep = 2450400.5
2.26161 0.00103044 2.18656 267.91 99.9587 307.306 0 0 0
A3602  ep = 2450400.5
2.72901 0.0537934 0.0532775 2.26673 101.579 50.0526 0 0 0
A3603  ep = 2450400.5
3.86978 0.089565 1.18322 110.269 252.914 359.704 0 0 0
A3604  ep = 2450400.5
1.88829 0.0265785 4.04817 303.583 269.054 291.848 0 0 0
A3605  ep = 2450400.5
2.53867 0.0626565 5.6797 297.276 310.382 250.584 0 0 0
A3606  ep = 2450400.5
2.61565 0.0761203 8.53631 252.311 88.0657 304.495 0 0 0
A3607  ep = 2450400.5
1.57471 0.0490749 4.01496 156.218 246.057 80.2424 0 0 0
A3608  ep = 2450400.5
2.45613 0.059914 1.74903 342.224 162.959 163.047 0 0 0
A3609  ep = 2450400.5
3.04633 0.0394339 8.65789 356.891 51.1133 254.605 0 0 0
A3610  ep = 2450400.5
2.535 0.0269968 8.36045 336.177 140.168 333.762 0 0 0
A3611  ep = 2450400.5
2.86717 0.0401319 0.960452 228.133 342.4 112.958 0 0 0
A3612  ep = 2450400.5
2.42764 0.0484329 6.11817 71.2301 213.1 291.344 0 0 0
A3613  ep = 2450400.5
2.93534 0.00656416 9.23812 186.427 229.391 6.10032 0 0 0
A3614  ep = 2450400.5
3.79053 0.00567584 0.937953 44.94 138.884 3.89165 0 0 0
A3615  ep = 2450400.5
3.54328 0.0582909 2.9483 307.172 59.0127 226.019 0 0 0
A3616  ep = 2450400.5
3.07752 0.059057 3.71607 128.408 8.53245 212.195 0 0 0
A3617  ep = 2450400.5
2.52173 0.0155142 1.47824 80.1623 63.9572 307.174 0 0 0
A3618  ep = 2450400.5
2.95798 0.0578293 7.37497 235.896 5.03656 321.662 0 0 0
A3619  ep = 2450400.5
3.60053 0.0106421 6.62462 44.4467 90.6368 160.603 0 0 0
A3620  ep = 2450400.5
2.31104 0.0291868 4.42193 103.155 260.794 208.897 0 0 0
A3621  ep = 2450400.5
2.32718 0.0130731 3.19186 11.7942 220.205 11.4547 0 0 0
A3622  ep = 2450400.5
3.33059 0.0900003 5.35022 257.193 325.608 140.471 0 0 0
A3623  ep = 2450400.5
3.54125 0.0817781 0.439035 236.639 293.627 48.497 0 0 0
A3624  ep = 2450400.5
1.70659 0.0914463 6.38642 307.599 0.211115 345.743 0 0 0
A3625  ep = 2450400.5
1.55567 0.0882124 6.86555 61.8806 41.7592 8.16865 0 0 0
A3626  ep = 2450400.5
2.53042 0.0458386 3.09924 143.21 296.498 346.267 0 0 0
A3627  ep = 2450400.5
2.92721 0.0495593 5.42675 313.391 320.323 109.772 0 0 0
A3628  ep = 2450400.5
3.73867 0.0400195 9.06946 143.719 250.087 242.451 0 0 0
A3629  ep = 2450400.5
3.7301 0.068607 9.7739 120.272 62.032 51.5111 0 0 0
A3630  ep = 2450400.5
2.09125 0.035117 9.12137 105.542 149.86 15.7985 0 0 0
A3631  ep = 2450400.5
3.59868 0.0328141 3.06263 347.785 100.475 107.337 0 0 0
A3632  ep = 2450400.5
2.19738 0.0469453 4.09818 245.97 73.9803 299.279 0 0 0
A3633  ep = 2450400.5
3.85769 0.0847539 6.59558 94.8994 172.436 145.356 0 0 0
A3634  ep = 2450400.5
1.56497 0.079425 7.95721 219.188 247.7 43.5499 0 0 0
A3635  ep = 2450400.5
1.82293 0.0973816 8.93324 352.885 84.0513 87.2592 0 0 0
A3636  ep = 2450400.5
1.5314 0.0899883 2.33905 10.0262 211.812 76.275 0 0 0
A3637  ep = 2450400.5
3.70595 0.0138422 9.45566 51.5399 231.979 144.271 0 0 0
A3638  ep = 2450400.5
3.05628 0.087025 4.29158 260.555 226.717 299.14 0 0 0
A3639  ep = 2450400.5
2.6809 0.0548984 7.76706 51.5468 164.687 251.994 0 0 0
A3640  ep = 2450400.5
1.63572 0.0349403 4.41653 102.142 237.4 152.804 0 0 0
A3641  ep = 2450400.5
2.31766 0.00960654 7.57194 237.962 151.926 203.01 0 0 0
A3642  ep = 2450400.5
2.88668 0.0729524 7.117 231.896 55.8829 62.9093 0 0 0
A3643  ep = 2450400.5
3.9531 0.0244395 0.542352 354.499 224.515 182.087 0 0 0
A3644  ep = 2450400.5
3.43052 0.00536938 8.43183 5.75408 9.41821 55.5679 0 0 0
A3645  ep = 2450400.5
2.06074 0.000390643 9.65544 73.0703 145.486 206.474 0 0 0
A3646  ep = 2450400.5
3.26575 0.0462071 1.02294 125.574 350.041 115.115 0 0 0
A3647  ep = 2450400.5
4.03108 0.0476018 3.42914 96.8364 190.269 50.0883 0 0 0
A3648  ep = 2450400.5
3.87411 0.0476563 4.59229 358.57 212.281 83.1131 0 0 0
A3649  ep = 2450400.5
3.1628 0.0640448 9.00202 161.758 178.675 77.3485 0 0 0
A3650  ep = 2450400.5
3.27216 0.0401522 2.38605 291.582 36.6195 339.386 0 0 0
A3651  ep = 2450400.5
3.61808 0.0286953 4.82103 46.3309 117.005 146.597 0 0 0
A3652  ep = 2450400.5
2.19153 0.0643103 8.63737 252.276 90.2509 52.1566 0 0 0
A3653  ep = 2450400.5
1.85463 0.00663604 3.31982 30.2083 176.232 107.674 0 0 0
A3654  ep = 2450400.5
3.50262 0.0853459 9.0777 81.7126 178.042 139.294 0 0 0
A3655  ep = 2450400.5
3.67754 0.0309025 0.777939 61.2982 163.664 279.311 0 0 0
A3656  ep = 2450400.5
1.50267 0.0212705 1.92482 101.113 357.404 234.955 0 0 0
A3657  ep = 2450400.5
3.0475 0.0427895 7.62993 134.433 142.961 295.936 0 0 0
A3658  ep = 2450400.5
2.79131 0.0807416 0.242776 197.575 26.3017 119.871 0 0 0
A3659  ep = 2450400.5
1.58967 0.000650849 7.38815 147.115 44.9503 110.532 0 0 0
A3660  ep = 2450400.5
2.23514 0.00653078 7.62768 215.929 201.271 303.556 0 0 0
A3661  ep = 2450400.5
2.60698 0.0860503 8.47311 318.415 115.347 205.816 0 0 0
A3662  ep = 2450400.5
3.63601 0.0546286 0.436405 182.785 287.472 346.601 0 0 0
A3663  ep = 2450400.5
3.32267 0.0209494 2.97402 172.026 178.633 345.587 0 0 0
A3664  ep = 2450400.5
3.70162 0.034883 9.79333 117.416 48.2634 58.403 0 0 0
A3665  ep = 2450400.5
3.9672 0.0310613 6.47267 327.579 261.984 57.4282 0 0 0
A3666  ep = 2450400.5
1.60722 0.0617224 9.68262 261.934 170.141 210.924 0 0 0
A3667  ep = 2450400.5
3.20442 0.0717727 2.8408 1.28935 172.772 92.7722 0 0 0
A3668  ep = 2450400.5
3.10043 0.0905627 6.8719 252.041 225.478 300.014 0 0 0
A3669  ep = 2450400.5
1.88276 0.0369892 9.782 215.063 196.734 262.344 0 0 0
A3670  ep = 2450400.5
2.94447 0.0685007 3.91307 4.91955 0.272654 228.346 0 0 0
A3671  ep = 2450400.5
3.83756 0.0801173 9.31812 22.5088 177.498 137.589 0 0 0
A3672  ep = 2450400.5
2.92852 0.0249788 7.17941 246.645 211.368 247.035 0 0 0
A3673  ep = 2450400.5
3.23777 0.0477071 7.12609 120.813 180.882 145.139 0 0 0
A3674  ep = 2450400.5
2.85006 0.0854224 2.93938 340.876 170.999 206.381 0 0 0
A3675  ep = 2450400.5
3.44637 0.0186126 6.21664 188.344 25.3087 280.341 0 0 0
A3676  ep = 2450400.5
2.25876 0.0669168 5.69959 114.977 173.191 260.595 0 0 0
A3677  ep = 2450400.5
3.18066 0.00653673 1.62761 134.087 144.744 77.164 0 0 0
A3678  ep = 2450400.5
1.95714 0.0366411 9.27258 29.5442 303.03 286.898 0 0 0
A3679  ep = 2450400.5
2.848 0.046483 9.39697 151.103 65.5875 358.214 0 0 0
A3680  ep = 2450400.5
3.36695 0.0975397 2.49169 75.0552 152.762 247.141 0 0 0
A3681  ep = 2450400.5
3.34077 0.00704058 1.30953 190.855 43.2761 60.5338 0 0 0
A3682  ep = 2450400.5
3.37412 0.0374511 0.41342 135.442 186.909 217.865 0 0 0
A3683  ep = 2450400.5
3.0048 0.00940694 3.02388 202.013 213.787 201.287 0 0 0
A3684  ep = 2450400.5
3.64492 0.0860579 1.75681 71.3108 141.895 198.168 0 0 0
A3685  ep = 2450400.5
3.19109 0.032404 5.14858 233.372 100.957 50.2733 0 0 0
A3686  ep = 2450400.5
1.92015 0.00433213 2.10094 342.012 255.898 198.633 0 0 0
A3687  ep = 2450400.5
1.91384 0.0766546 1.34396 58.4276 231.377 322.843 0 0 0
A3688  ep = 2450400.5
1.89796 0.0394506 1.46241 194.013 161.991 188.666 0 0 0
A3689  ep = 2450400.5
2.17142 0.0945012 4.81616 267.995 175.345 246.248 0 0 0
A3690  ep = 2450400.5
1.90861 0.0794744 4.26845 16.2826 220.999 354.768 0 0 0
A3691  ep = 2450400.5
3.53902 0.0988093 2.87643 12.2904 224.379 172.264 0 0 0
A3692  ep = 2450400.5
1.56038 0.0657206 6.6531 198.51 97.9932 187.122 0 0 0
A3693  ep = 2450400.5
3.71238 0.0240085 4.10503 165.681 101.842 42.4776 0 0 0
A3694  ep = 2450400.5
1.84852 0.0213001 5.91259 22.6513 292.563 127.63 0 0 0
A3695  ep = 2450400.5
2.22687 0.0491212 4.79352 309.302 43.1522 70.5101 0 0 0
A3696  ep = 2450400.5
2.71952 0.0245941 5.5259 1.16821 256.744 285.213 0 0 0
A3697  ep = 2450400.5
2.95096 0.0782957 4.16103 177.06 275.546 52.1954 0 0 0
A3698  ep = 2450400.5
1.74614 0.0263499 0.630827 48.2047 239.319 332.658 0 0 0
A3699  ep = 2450400.5
2.99021 0.0967815 1.06515 321.17 278.162 342.143 0 0 0
A3700  ep = 2450400.5
1.86671 0.08034 4.74312 52.9107 28.0114 18.7567 0 0 0
A3701  ep = 2450400.5
2.23955 0.0731396 4.57188 101.935 144.826 278.409 0 0 0
A3702  ep = 2450400.5
2.66554 0.0225511 7.16975 128.888 224.736 28.7825 0 0 0
A3703  ep = 2450400.5
2.70744 0.0915023 4.79589 318.499 241.007 143.403 0 0 0
A3704  ep = 2450400.5
2.60934 0.0740057 8.13389 311.119 244.521 70.4152 0 0 0
A3705  ep = 2450400.5
3.49468 0.0301077 9.20112 38.771 246.726 16.7243 0 0 0
A3706  ep = 2450400.5
2.75605 0.091511 9.25294 138.053 357.349 264.793 0 0 0
A3707  ep = 2450400.5
3.97106 0.0958113 3.00793 181.493 232.463 57.7076 0 0 0
A3708  ep = 2450400.5
3.56826 0.0344091 8.13004 82.7835 67.0587 352.158 0 0 0
A3709  ep = 2450400.5
1.97398 0.00921927 1.48335 22.8741 136.706 45.8841 0 0 0
A3710  ep = 2450400.5
1.70102 0.0555922 7.38306 285.312 118.968 157.359 0 0 0
A3711  ep = 2450400.5
1.78732 0.0482492 7.24492 305.512 317.82 164.059 0 0 0
A3712  ep = 2450400.5
2.78546 0.0898487 3.86667 44.1246 89.7471 115.838 0 0 0
A3713  ep = 2450400.5
3.00405 0.0334237 8.51811 217.906 188.412 3.32505 0 0 0
A3714  ep = 2450400.5
1.76121 0.0670928 7.29395 245.741 33.0428 47.4132 0 0 0
A3715  ep = 2450400.5
2.01511 0.0687084 6.82158 112.986 79.8082 3.78778 0 0 0
A3716  ep = 2450400.5
2.33337 0.00731401 5.26486 109.767 285.374 163.887 0 0 0
A3717  ep = 2450400.5
3.0884 0.0499739 1.11249 55.0005 134.756 83.5294 0 0 0
A3718  ep = 2450400.5
3.19876 0.0626098 2.82503 132.685 55.6583 115.854 0 0 0
A3719  ep = 2450400.5
1.87401 0.0940201 6.95464 285.187 48.4764 318.473 0 0 0
A3720  ep = 2450400.5
1.63566 0.040826 9.63256 66.5875 106.621 202.632 0 0 0
A3721  ep = 2450400.5
3.81783 0.0865729 5.3118 233.345 60.0766 186.679 0 0 0
A3722  ep = 2450400.5
1.93757 0.0500844 6.69033 297.379 104.454 160.64 0 0 0
A3723  ep = 2450400.5
2.36282 0.0299037 9.91881 100.197 358.962 191.416 0 0 0
A3724  ep = 2450400.5
3.56848 0.0979394 8.67165 330.997 237.044 123.53 0 0 0
A3725  ep = 2450400.5
2.79672 0.0939518 1.47451 295.254 259.256 269.936 0 0 0
A3726  ep = 2450400.5
3.66487 0.0235388 1.16894 15.3835 274.304 147.524 0 0 0
A3727  ep = 2450400.5
2.16889 0.0962007 9.44814 327.661 212.317 308.407 0 0 0
A3728  ep = 2450400.5
2.11553 0.0758588 3.58935 102.814 115.565 47.5435 0 0 0
A3729  ep = 2450400.5
2.18691 0.0134638 2.86762 35.4159 134.754 124.056 0 0 0
A3730  ep = 2450400.5
4.0498 0.0933467 9.77806 261.515 166.75 43.5706 0 0 0
A3731  ep = 2450400.5
3.86161 0.0710825 3.83523 251.717 184.205 191.7 0 0 0
A3732  ep = 2450400.5
2.98772 0.0456096 1.59965 197.931 277.445 101.732 0 0 0
A3733  ep = 2450400.5
2.53747 0.0706976 9.13745 305.781 311.716 70.7467 0 0 0
A3734  ep = 2450400.5
3.46808 0.0458733 3.92225 326.705 327.109 341.591 0 0 0
A3735  ep = 2450400.5
2.2453 0.0596767 9.87106 31.9798 132.407 14.9676 0 0 0
A3736  ep = 2450400.5
3.78074 0.048832 9.19341 78.1731 281.956 148.276 0 0 0
A3737  ep = 2450400.5
3.01223 0.0496663 0.413377 346.587 238.25 82.0854 0 0 0
A3738  ep = 2450400.5
2.17294 0.0942698 8.93108 217.62 59.3091 219.484 0 0 0
A3739  ep = 2450400.5
3.2278 0.0504242 0.788617 112.48 317.561 327.706 0 0 0
A3740  ep = 2450400.5
3.29312 0.0371099 2.0543 305.527 116.735 168.896 0 0 0
A3741  ep = 2450400.5
2.85617 0.0858736 2.7679 169.502 89.8469 340.611 0 0 0
A3742  ep = 2450400.5
2.28961 0.0583824 4.33709 113.027 248.912 38.6717 0 0 0
A3743  ep = 2450400.5
3.46332 0.0710481 6.05411 19.2227 253.964 68.1592 0 0 0
A3744  ep = 2450400.5
3.75303 0.0209512 4.26927 123.481 166.744 354.298 0 0 0
A3745  ep = 2450400.5
1.93399 0.0685547 8.99163 79.8265 280.67 107.96 0 0 0
A3746  ep = 2450400.5
2.781 0.00969401 2.27245 283.863 277.144 330.371 0 0 0
A3747  ep = 2450400.5
3.051 0.0358461 8.65113 144.8 273.72 246.016 0 0 0
A3748  ep = 2450400.5
1.60585 0.0541635 3.26638 170.648 180.256 191.469 0 0 0
A3749  ep = 2450400.5
4.08369 0.0187459 1.62848 340.68 68.1511 41.8564 0 0 0
A3750  ep = 2450400.5
1.86329 0.0873836 8.56339 100.814 289.145 326.375 0 0 0
A3751  ep = 2450400.5
1.81782 0.00679823 6.57832 213.519 190.44 61.6502 0 0 0
A3752  ep = 2450400.5
3.72792 0.0420017 3.22037 188.906 314.059 1.77152 0 0 0
A3753  ep = 2450400.5
4.09463 0.0527645 2.1257 305.848 111.954 311.547 0 0 0
A3754  ep = 2450400.5
2.1666 0.0269005 2.17312 133.4 161.962 207.053 0 0 0
A3755  ep = 2450400.5
3.3559 0.0369932 0.442189 4.39437 314.782 106.745 0 0 0
A3756  ep = 2450400.5
2.61925 0.0169228 2.21536 20.6028 147.719 169.398 0 0 0
A3757  ep = 2450400.5
3.84125 0.0156906 7.11522 291.708 276.792 121.244 0 0 0
A3758  ep = 2450400.5
1.84354 0.029157 1.42341 260.414 344.613 227.583 0 0 0
A3759  ep = 2450400.5
3.25946 0.0760761 3.1066 43.5773 66.5374 73.1944 0 0 0
A3760  ep = 2450400.5
2.26932 0.00655503 8.70346 274.291 285.129 208.216 0 0 0
A3761  ep = 2450400.5
1.9169 0.0901388 5.62039 249.764 317.033 244.37 0 0 0
A3762  ep = 2450400.5
3.58261 0.0695287 2.69635 318.999 17.8012 211.537 0 0 0
A3763  ep = 2450400.5
2.93193 0.0280443 7.40556 173.153 61.6967 46.8788 0 0 0
A3764  ep = 2450400.5
2.15555 0.0692312 6.68981 140.326 202.734 333.244 0 0 0
A3765  ep = 2450400.5
2.62261 0.0057334 5.61273 306.86 258.49 110.364 0 0 0
A3766  ep = 2450400.5
2.13636 0.0030554 6.52087 270.42 245.209 323.34 0 0 0
A3767  ep = 2450400.5
2.75958 0.0794312 9.00656 296.994 349.599 258.245 0 0 0
A3768  ep = 2450400.5
3.20573 0.0548864 1.76099 69.2794 328.724 111.424 0 0 0
A3769  ep = 2450400.5
2.56206 0.0320497 1.59 205.182 111.141 179.261 0 0 0
A3770  ep = 2450400.5
2.74399 0.0452146 3.22308 213.631 12.2533 121.521 0 0 0
A3771  ep = 2450400.5
3.22159 0.0979983 5.57056 255.699 268.57 218.313 0 0 0
A3772  ep = 2450400.5
1.50316 0.0349712 4.61213 131.536 219.725 137.796 0 0 0
A3773  ep = 2450400.5
2.35035 0.0401726 7.80529 233.969 128.167 25.5204 0 0 0
A3774  ep = 2450400.5
3.70764 0.0975579 7.56216 36.402 87.6034 183.826 0 0 0
A3775  ep = 2450400.5
1.62931 0.00263156 2.28696 114.744 62.4241 2.45163 0 0 0
A3776  ep = 2450400.5
3.28098 0.010495 5.90135 127.146 340.384 260.025 0 0 0
A3777  ep = 2450400.5
3.6646 0.0350638 4.16564 227.86 97.2442 201.55 0 0 0
A3778  ep = 2450400.5
2.36289 0.0133865 4.86924 305.85 85.4847 275.288 0 0 0
A3779  ep = 2450400.5
1.80908 0.0127663 0.633036 176.362 1.08422 102.332 0 0 0
A3780  ep = 2450400.5
3.37214 0.0874845 1.51415 158.867 307.664 53.0983 0 0 0
A3781  ep = 2450400.5
1.97629 0.019302 9.08602 27.6279 244.193 27.7899 0 0 0
A3782  ep = 2450400.5
3.18858 0.0159401 1.04923 327.004 244.494 24.2266 0 0 0
A3783  ep = 2450400.5
3.68562 0.0850227 5.76798 132.81 21.0319 70.4127 0 0 0
A3784  ep = 2450400.5
1.75515 0.0221169 2.18727 69.8703 41.0951 58.1863 0 0 0
A3785  ep = 2450400.5
3.37656 0.0889669 5.66705 197.858 308.969 351.043 0 0 0
A3786  ep = 2450400.5
2.92252 0.0177109 4.668 170.981 141.971 96.4963 0 0 0
A3787  ep = 2450400.5
2.54844 0.0799434 1.07973 100.187 155.966 167.454 0 0 0
A3788  ep = 2450400.5
4.06899 0.0420267 5.43379 122.854 217.228 23.8522 0 0 0
A3789  ep = 2450400.5
2.42358 0.0524274 9.47084 232.833 152.373 27.9344 0 0 0
A3790  ep = 2450400.5
3.43518 0.0791075 5.6022 48.5567 272.835 358.453 0 0 0
A3791  ep = 2450400.5
2.55323 0.022992 2.26498 292.114 338.689 7.13529 0 0 0
A3792  ep = 2450400.5
2.37283 0.0275431 4.1728 123.575 280.677 156.399 0 0 0
A3793  ep = 2450400.5
2.61569 0.0331672 4.4113 344.885 248.942 196.566 0 0 0
A3794  ep = 2450400.5
2.16328 0.0879334 2.97473 334.22 195.526 338.62 0 0 0
A3795  ep = 2450400.5
2.19605 0.0713339 2.08063 70.2823 352.116 50.4466 0 0 0
A3796  ep = 2450400.5
2.14745 0.0708029 1.83646 34.2373 70.9802 297.217 0 0 0
A3797  ep = 2450400.5
3.43873 0.0683391 3.75161 52.1152 261.379 228.723 0 0 0
A3798  ep = 2450400.5
3.5817 0.0681609 6.80965 259.897 108.203 126.465 0 0 0
A3799  ep = 2450400.5
3.49095 0.0765602 9.47425 218.381 346.463 220.345 0 0 0
A3800  ep = 2450400.5
2.64083 0.0531386 0.996134 348.764 348.218 268.194 0 0 0
A3801  ep = 2450400.5
2.05717 0.045626 3.36347 119.15 328.4 154.115 0 0 0
A3802  ep = 2450400.5
1.94952 0.00141224 5.3545 352.611 228.572 230.292 0 0 0
A3803  ep = 2450400.5
3.06115 0.0448975 9.92662 323.683 323.019 288.365 0 0 0
A3804  ep = 2450400.5
3.15793 0.0289572 1.83391 38.5352 246.471 340.758 0 0 0
A3805  ep = 2450400.5
2.61366 0.085371 8.30939 337.243 152.689 5.17697 0 0 0
A3806  ep = 2450400.5
2.20628 0.0731817 7.65207 18.3346 299.97 175.697 0 0 0
A3807  ep = 2450400.5
2.59345 0.0447929 3.34607 219.824 103.253 288.008 0 0 0
A3808  ep = 2450400.5
3.13586 0.0733471 8.44272 351.273 105.153 115.425 0 0 0
A3809  ep = 2450400.5
3.20094 0.0974888 8.94165 300.931 75.6697 78.4977 0 0 0
A3810  ep = 2450400.5
3.79818 0.0360182 0.571291 104.454 224.404 359.269 0 0 0
A3811  ep = 2450400.5
1.66198 0.0536137 6.86078 276.855 82.9259 225.756 0 0 0
A3812  ep = 2450400.5
2.30902 0.00326279 6.3778 101.292 33.2752 85.7105 0 0 0
A3813  ep = 2450400.5
2.50597 0.0676995 0.25615 167.569 305.726 315.273 0 0 0
A3814  ep = 2450400.5
2.82634 0.0119721 8.15342 234.453 11.1147 335.04 0 0 0
A3815  ep = 2450400.5
3.7308 0.0224018 6.07507 198.581 19.4809 79.6549 0 0 0
A3816  ep = 2450400.5
2.19318 0.06591 3.49722 319.335 275.648 63.4328 0 0 0
A3817  ep = 2450400.5
1.91086 0.00805275 0.42511 358.549 233.231 38.0501 0 0 0
A3818  ep = 2450400.5
1.66574 0.0915761 9.19588 153.993 141.959 123.234 0 0 0
A3819  ep = 2450400.5
2.71585 0.0931889 2.25118 22.7018 213.689 178.419 0 0 0
A3820  ep = 2450400.5
3.56533 0.0857213 1.1761 166.656 17.2828 180.304 0 0 0
A3821  ep = 2450400.5
1.54228 0.0588836 0.564384 148.437 205.528 84.2669 0 0 0
A3822  ep = 2450400.5
2.82584 0.0529845 3.1111 176.899 48.9314 336.219 0 0 0
A3823  ep = 2450400.5
2.29365 0.0699643 2.90207 61.9024 333.094 192.034 0 0 0
A3824  ep = 2450400.5
4.0642 0.0017216 0.349214 300.237 74.697 324.611 0 0 0
A3825  ep = 2450400.5
3.25375 0.0618015 4.9732 11.7801 266.808 125.15 0 0 0
A3826  ep = 2450400.5
4.05539 0.0613438 1.04588 49.6781 198.505 171.951 0 0 0
A3827  ep = 2450400.5
3.58905 0.0944099 3.47994 178.297 312.576 118.641 0 0 0
A3828  ep = 2450400.5
3.61428 0.0936709 4.26142 333.277 189.734 233.184 0 0 0
A3829  ep = 2450400.5
3.64179 0.0142074 0.844984 343.927 327.708 55.9595 0 0 0
A3830  ep = 2450400.5
2.24769 0.0267391 3.04719 87.0436 144.831 73.0125 0 0 0
A3831  ep = 2450400.5
3.10935 0.0208422 7.95676 81.6347 19.9217 41.0936 0 0 0
A3832  ep = 2450400.5
3.39089 0.0748482 1.74278 13.5425 299.418 258.092 0 0 0
A3833  ep = 2450400.5
2.35065 0.0710298 8.98412 222.212 227.089 85.2969 0 0 0
A3834  ep = 2450400.5
2.90699 0.053409 7.44491 259.121 314.957 107.584 0 0 0
A3835  ep = 2450400.5
3.31158 0.0409522 2.83786 124.029 321.403 332.514 0 0 0
A3836  ep = 2450400.5
2.18234 0.0408647 2.13021 275.016 11.301 242.248 0 0 0
A3837  ep = 2450400.5
2.76406 0.0587735 6.06114 340.734 345.636 88.5384 0 0 0
A3838  ep = 2450400.5
1.95176 0.0318073 6.85532 137.356 169.756 295.49 0 0 0
A3839  ep = 2450400.5
2.49019 0.0222729 1.40916 199.744 318.217 135.009 0 0 0
A3840  ep = 2450400.5
3.81059 0.00534616 7.5288 181.113 38.7986 85.2766 0 0 0
A3841  ep = 2450400.5
3.81135 0.042419 3.35908 112.44 120.995 222.377 0 0 0
A3842  ep = 2450400.5
1.99084 0.0650229 8.40659 240.913 94.3858 131.703 0 0 0
A3843  ep = 2450400.5
2.78699 0.0724296 7.25057 288.345 102.493 173.273 0 0 0
A3844  ep = 2450400.5
2.54578 0.0774972 6.95739 167.347 165.747 321.758 0 0 0
A3845  ep = 2450400.5
2.35489 0.042934 1.92085 185.073 236.02 44.5816 0 0 0
A3846  ep = 2450400.5
3.91045 0.0821925 7.09363 233.939 171.647 296.017 0 0 0
A3847  ep = 2450400.5
1.56697 0.0802098 8.86483 167.968 249.575 20.508 0 0 0
A3848  ep = 2450400.5
1.66748 0.078086 1.91925 205.052 128.183 352.453 0 0 0
A3849  ep = 2450400.5
2.95256 0.0843332 3.88424 201.746 201.052 306.684 0 0 0
A3850  ep = 2450400.5
3.38668 0.0922104 7.80258 324.755 344.097 238.345 0 0 0
A3851  ep = 2450400.5
3.40484 0.0276367 9.89731 292.876 110.16 329.078 0 0 0
A3852  ep = 2450400.5
3.2547 0.0584204 2.72299 183.167 107.209 47.5382 0 0 0
A3853  ep = 2450400.5
3.64848 0.0696601 7.76524 47.198 288.718 139.463 0 0 0
A3854  ep = 2450400.5
3.40936 0.0657072 4.4051 126.971 340.129 86.309 0 0 0
A3855  ep = 2450400.5
1.68855 0.0404359 0.0628164 59.3955 222.937 352.297 0 0 0
A3856  ep = 2450400.5
2.93542 0.0461129 5.18997 357.094 222.469 114.492 0 0 0
A3857  ep = 2450400.5
2.12308 0.0721027 5.30334 226.1 246.863 231.279 0 0 0
A3858  ep = 2450400.5
1.56701 0.0292369 4.84187 174.096 9.16391 27.4711 0 0 0
A3859  ep = 2450400.5
1.65663 0.0857854 2.95226 59.647 110.623 248.224 0 0 0
A3860  ep = 2450400.5
3.48066 0.013334 8.04475 192.914 337.843 235.93 0 0 0
A3861  ep = 2450400.5
2.57559 0.0561142 3.11277 139.438 126.914 359.125 0 0 0
A3862  ep = 2450400.5
3.50388 0.0475451 3.91075 322.422 229.418 344.661 0 0 0
A3863  ep = 2450400.5
3.57745 0.0818162 6.84344 208.786 86.918 92.6239 0 0 0
A3864  ep = 2450400.5
2.42774 0.0882996 2.51727 181.337 314.706 107.254 0 0 0
A3865  ep = 2450400.5
3.2939 0.0547149 1.93114 200.555 216.641 129.018 0 0 0
A3866  ep = 2450400.5
3.07954 0.0630085 5.83292 267.888 246.519 165.92 0 0 0
A3867  ep = 2450400.5
2.63447 0.0862274 0.243178 99.0289 147.889 314.88 0 0 0
A3868  ep = 2450400.5
3.17327 0.0884676 9.74314 188.732 96.5427 332.085 0 0 0
A3869  ep = 2450400.5
2.89522 0.0241135 1.75175 233.183 157.155 345.596 0 0 0
A3870  ep = 2450400.5
1.59817 0.0398726 6.39444 313.725 50.3445 117.903 0 0 0
A3871  ep = 2450400.5
3.03515 0.0379551 6.11401 161.084 56.6235 335.484 0 0 0
A3872  ep = 2450400.5
2.223 0.0138127 5.49218 1.40017 311.53 7.62239 0 0 0
A3873  ep = 2450400.5
3.955 0.0236208 5.94783 262.957 7.38433 273.958 0 0 0
A3874  ep = 2450400.5
3.98158 0.0151981 0.350974 87.6456 131.618 97.0753 0 0 0
A3875  ep = 2450400.5
2.92327 0.0198984 7.3241 21.626 56.3849 224.909 0 0 0
A3876  ep = 2450400.5
3.57887 0.0290347 5.85558 72.538 275.789 295.579 0 0 0
A3877  ep = 2450400.5
1.66378 0.0535732 7.04698 28.994 260.581 145.725 0 0 0
A3878  ep = 2450400.5
2.59287 0.00704216 6.57653 269.086 145.163 348.508 0 0 0
A3879  ep = 2450400.5
3.2503 0.0931387 9.82237 346.904 119.161 337.497 0 0 0
A3880  ep = 2450400.5
2.39458 0.00319243 4.55103 118.843 98.261 207.521 0 0 0
A3881  ep = 2450400.5
3.81807 0.0813609 5.322 82.1313 45.4569 127.205 0 0 0
A3882  ep = 2450400.5
2.65607 0.0942669 4.43339 301.922 255.108 231.87 0 0 0
A3883  ep = 2450400.5
2.94719 0.0586917 3.31354 8.31467 231.026 137.142 0 0 0
A3884  ep = 2450400.5
3.35728 0.0789996 5.46721 334.35 340.239 215.315 0 0 0
A3885  ep = 2450400.5
2.71298 0.0737003 6.80346 115.516 191.146 351.196 0 0 0
A3886  ep = 2450400.5
3.44325 0.00170461 1.49304 313.364 334.023 159.008 0 0 0
A3887  ep = 2450400.5
3.78551 0.0219349 3.60413 0.930338 69.4304 320.751 0 0 0
A3888  ep = 2450400.5
3.38171 0.0769696 6.27248 295.103 122.625 73.2904 0 0 0
A3889  ep = 2450400.5
1.56779 0.000520346 2.45453 325.287 236.317 94.6308 0 0 0
A3890  ep = 2450400.5
3.37158 0.0967608 8.5867 110.118 41.1655 229.022 0 0 0
A3891  ep = 2450400.5
3.60137 0.037039 8.14132 209.085 225.29 306.51 0 0 0
A3892  ep = 2450400.5
2.68074 0.0994998 8.93035 233.748 302.915 310.025 0 0 0
A3893  ep = 2450400.5
2.05169 0.0402905 6.62672 144.277 275.045 47.9736 0 0 0
A3894  ep = 2450400.5
3.39129 0.074513 9.39804 212.389 288.739 184.622 0 0 0
A3895  ep = 2450400.5
2.48848 0.056273 5.80354 343.627 24.1208 79.3908 0 0 0
A3896  ep = 2450400.5
2.51168 0.0154448 3.80706 122.903 329.888 235.278 0 0 0
A3897  ep = 2450400.5
2.75181 0.0362231 3.0163 99.3068 143.865 175.588 0 0 0
A3898  ep = 2450400.5
3.67993 0.0937478 5.18787 261.83 82.8723 302.612 0 0 0
A3899  ep = 2450400.5
2.37984 0.0761074 9.37024 277.448 296.208 125.145 0 0 0
A3900  ep = 2450400.5
3.42565 0.015477 3.22333 246.833 108.053 299.646 0 0 0
A3901  ep = 2450400.5
2.79743 0.0262631 0.0394933 156.999 208.204 95.5692 0 0 0
A3902  ep = 2450400.5
1.6778 0.0981082 1.04998 265.584 357.186 133.791 0 0 0
A3903  ep = 2450400.5
2.25397 0.0288888 1.34606 42.3303 82.4746 297.883 0 0 0
A3904  ep = 2450400.5
2.53591 0.0931292 6.22065 222.986 332.616 29.4867 0 0 0
A3905  ep = 2450400.5
2.63005 0.0647251 1.35457 286.418 224.409 10.0333 0 0 0
A3906  ep = 2450400.5
2.08627 0.0970615 6.1292 254.154 242.198 353.025 0 0 0
A3907  ep = 2450400.5
1.81375 0.0632415 2.00137 92.221 2.99141 189.076 0 0 0
A3908  ep = 2450400.5
3.95947 0.0498472 0.823408 19.0489 135.169 161.988 0 0 0
A3909  ep = 2450400.5
2.77731 0.0245964 1.91456 9.52851 58.9646 181.448 0 0 0
A3910  ep = 2450400.5
1.66413 0.0522045 9.01204 7.97168 355.838 61.5809 0 0 0
A3911  ep = 2450400.5
1.59867 0.0642731 9.37971 238.484 147.879 163.163 0 0 0
A3912  ep = 2450400.5
2.62038 0.0145283 2.76536 332.732 311.146 95.5124 0 0 0
A3913  ep = 2450400.5
2.74342 0.0698893 7.29575 198.63 349.267 139.918 0 0 0
A3914  ep = 2450400.5
4.0459 0.0815685 8.20979 322.111 353.758 215.12 0 0 0
A3915  ep = 2450400.5
3.47158 0.00709503 1.46118 26.3602 216.186 1.49718 0 0 0
A3916  ep = 2450400.5
3.1598 0.00402127 9.85563 345.414 270.632 92.0395 0 0 0
A3917  ep = 2450400.5
2.15045 0.0240163 8.42024 184.644 25.3109 332.231 0 0 0
A3918  ep = 2450400.5
1.70108 0.0691509 4.1895 143.769 119.971 318.316 0 0 0
A3919  ep = 2450400.5
3.26706 0.041071 8.79807 240.73 238.309 231.162 0 0 0
A3920  ep = 2450400.5
2.74717 0.0210732 1.76943 343.149 253.795 139.601 0 0 0
A3921  ep = 2450400.5
3.35405 0.0154207 4.76463 43.1754 353.152 44.0755 0 0 0
A3922  ep = 2450400.5
3.46857 0.00688422 2.03048 216.795 343.355 175.144 0 0 0
A3923  ep = 2450400.5
3.11235 0.0589305 6.45419 160.696 99.3769 96.2268 0 0 0
A3924  ep = 2450400.5
4.01388 0.0211732 4.57849 14.2134 274.031 275.534 0 0 0
A3925  ep = 2450400.5
2.17179 0.059063 7.71949 178.322 9.15273 324.832 0 0 0
A3926  ep = 2450400.5
3.79322 0.0339999 0.370718 39.6872 124.349 241.166 0 0 0
A3927  ep = 2450400.5
3.18805 0.0774206 1.08257 94.2782 293.806 30.7301 0 0 0
A3928  ep = 2450400.5
2.80644 0.0961299 5.54548 338.863 306.591 256.073 0 0 0
A3929  ep = 2450400.5
1.816 0.0421607 2.94077 199.572 33.8556 230.195 0 0 0
A3930  ep = 2450400.5
3.77505 0.00959965 7.41386 257.531 127.293 318.724 0 0 0
A3931  ep = 2450400.5
2.03892 0.0160114 3.0376 204.192 228.086 120.793 0 0 0
A3932  ep = 2450400.5
3.17353 0.0112601 9.49055 115.491 182.287 301.83 0 0 0
A3933  ep = 2450400.5
3.43659 0.0359315 1.01281 221.279 296.846 256.674 0 0 0
A3934  ep = 2450400.5
3.03588 0.0491126 6.35554 31.4029 341.631 306.72 0 0 0
A3935  ep = 2450400.5
1.5151 0.0108231 9.03936 50.0269 182.749 174.779 0 0 0
A3936  ep = 2450400.5
2.07988 0.0103162 8.84124 85.7989 33.4883 17.4873 0 0 0
A3937  ep = 2450400.5
4.09256 0.050107 2.48446 165.771 197.617 209.306 0 0 0
A3938  ep = 2450400.5
2.10881 0.0504179 1.74299 157.342 319.26 106.405 0 0 0
A3939  ep = 2450400.5
3.88312 0.0149074 6.48038 31.552 97.5194 280.026 0 0 0
A3940  ep = 2450400.5
2.41149 0.00014102 0.701181 242.268 290.983 58.7396 0 0 0
A3941  ep = 2450400.5
3.10392 0.0680033 8.31522 21.823 358.995 337.361 0 0 0
A3942  ep = 2450400.5
2.31279 0.0619721 6.65704 193.176 269.052 83.845 0 0 0
A3943  ep = 2450400.5
2.08469 0.0977231 3.32456 61.6054 63.497 333.723 0 0 0
A3944  ep = 2450400.5
2.97677 0.0110775 7.78943 316.046 245.623 313.151 0 0 0
A3945  ep = 2450400.5
4.07978 0.00848156 4.49544 0.521371 41.3832 280.643 0 0 0
A3946  ep = 2450400.5
2.23053 0.0855646 3.84819 288.597 278.763 49.1677 0 0 0
A3947  ep = 2450400.5
3.90763 0.0913522 4.56079 293.878 260.375 209.248 0 0 0
A3948  ep = 2450400.5
1.66894 0.026083 9.76552 315.736 62.4435 232.538 0 0 0
A3949  ep = 2450400.5
1.86143 0.0972673 5.71155 297.369 316.659 49.882 0 0 0
A3950  ep = 2450400.5
3.88342 0.0793976 9.34648 303.936 116.603 225.249 0 0 0
A3951  ep = 2450400.5
2.16191 0.00625029 8.48703 299.836 134.042 334.248 0 0 0
A3952  ep = 2450400.5
2.49691 0.0708617 1.73118 160.934 88.9431 212.785 0 0 0
A3953  ep = 2450400.5
2.06898 0.0316597 1.03993 186.581 258.833 265.197 0 0 0
A3954  ep = 2450400.5
2.46205 0.0825343 3.53616 58.096 352.054 111.388 0 0 0
A3955  ep = 2450400.5
2.6567 0.0402574 3.06051 296.949 308.06 39.231 0 0 0
A3956  ep = 2450400.5
4.08209 0.050772 2.25416 27.075 294.572 157.42 0 0 0
A3957  ep = 2450400.5
2.88165 0.0484663 7.73386 15.4949 196.24 18.5029 0 0 0
A3958  ep = 2450400.5
2.17347 0.0318882 2.45408 315.918 183.666 308.145 0 0 0
A3959  ep = 2450400.5
3.03593 0.0558484 0.442943 7.72255 257.966 166.038 0 0 0
A3960  ep = 2450400.5
3.10046 0.0058337 3.47069 139.946 79.4551 16.2323 0 0 0
A3961  ep = 2450400.5
2.49257 0.0535478 6.77651 111.194 313.605 208.783 0 0 0
A3962  ep = 2450400.5
3.82973 0.0778337 3.5137 289.78 119.723 145.985 0 0 0
A3963  ep = 2450400.5
1.71656 0.0714115 0.128218 276.094 98.4261 287.032 0 0 0
A3964  ep = 2450400.5
2.9231 0.0293478 2.49166 349.509 129.123 149.11 0 0 0
A3965  ep = 2450400.5
3.27185 0.0448894 7.56016 148.016 334.991 209.563 0 0 0
A3966  ep = 2450400.5
1.72266 0.036085 0.813009 84.383 94.9359 261.686 0 0 0
A3967  ep = 2450400.5
3.22636 0.0085223 6.34346 182.889 221.987 40.3533 0 0 0
A3968  ep = 2450400.5
1.83056 0.0488935 6.53783 246.952 152.725 327.027 0 0 0
A3969  ep = 2450400.5
3.53256 0.0769675 2.92877 103.184 330.086 85.232 0 0 0
A3970  ep = 2450400.5
3.90753 0.0744466 6.24571 162.984 302.474 240.55 0 0 0
A3971  ep = 2450400.5
3.84764 0.0374373 9.09466 114.475 10.2957 4.72175 0 0 0
A3972  ep = 2450400.5
2.46217 0.00160611 1.93825 337.161 283.862 333.507 0 0 0
A3973  ep = 2450400.5
3.80104 0.0449074 1.59055 334.908 131.531 39.3323 0 0 0
A3974  ep = 2450400.5
2.64959 0.0132259 7.87111 191.773 171.91 168.439 0 0 0
A3975  ep = 2450400.5
2.85299 0.0323996 2.40139 31.9762 276.136 196.877 0 0 0
A3976  ep = 2450400.5
2.81299 0.0716481 1.90048 73.3776 203.891 153.68 0 0 0
A3977  ep = 2450400.5
3.41858 0.0888925 7.15489 124.028 310.397 25.9682 0 0 0
A3978  ep = 2450400.5
3.02605 0.0248203 7.55518 258.613 30.7477 239.742 0 0 0
A3979  ep = 2450400.5
1.60802 0.0332737 3.30778 9.26388 212.923 114.972 0 0 0
A3980  ep = 2450400.5
3.78225 0.0861408 7.67916 187.885 128.132 194.977 0 0 0
A3981  ep = 2450400.5
2.60532 0.0320193 9.4911 53.803 51.2202 30.5999 0 0 0
A3982  ep = 2450400.5
2.777 0.00816575 1.41785 69.8316 283.518 133.137 0 0 0
A3983  ep = 2450400.5
2.18433 0.0244438 1.27714 75.2598 117.9 258.918 0 0 0
A3984  ep = 2450400.5
3.84635 0.0134459 7.85056 116.32 269.517 36.4036 0 0 0
A3985  ep = 2450400.5
1.96465 0.0266097 3.28605 251.001 282.855 92.9275 0 0 0
A3986  ep = 2450400.5
2.12223 0.098258 1.21789 217.089 290.544 151.115 0 0 0
A3987  ep = 2450400.5
2.3784 0.0228784 8.17869 121.081 71.236 296.724 0 0 0
A3988  ep = 2450400.5
2.10393 0.0621387 5.64827 32.7678 174.994 214.232 0 0 0
A3989  ep = 2450400.5
1.70046 0.0895432 2.52292 68.7267 231.07 294.502 0 0 0
A3990  ep = 2450400.5
3.94617 0.0126115 5.62218 189.63 84.4984 242.021 0 0 0
A3991  ep = 2450400.5
3.5603 0.0555328 6.39575 321.804 30.3685 159.253 0 0 0
A3992  ep = 2450400.5
3.95122 0.0294665 8.42896 235.798 357.087 140.012 0 0 0
A3993  ep = 2450400.5
2.5832 0.00226577 5.80785 51.8078 278.323 62.1143 0 0 0
A3994  ep = 2450400.5
3.8805 0.0555478 8.92054 274.081 291.079 105.847 0 0 0
A3995  ep = 2450400.5
2.72142 0.0715321 9.39181 291.081 14.5223 213.317 0 0 0
A3996  ep = 2450400.5
3.24631 0.0834902 3.2003 83.8226 198.45 26.8965 0 0 0
A3997  ep = 2450400.5
3.11146 0.0910859 1.80165 245.439 181.955 358.241 0 0 0
A3998  ep = 2450400.5
4.03478 0.0498549 6.11298 282.405 245.825 162.67 0 0 0
A3999  ep = 2450400.5
3.48399 0.00337781 0.70843 137.079 160.255 182.902 0 0 0
A4000  ep = 2450400.5
2.15342 0.0264262 5.45251 150.469 25.3026 24.3001 0 0 0
