)O+_06 Small-body initial data  (WARNING: Do not delete this line!!)
) Lines beginning with `)' are ignored.
)----------------------------------------------------------------------
 style (Cartesian, Asteroidal, Cometary) = Ast
)---------------------------------------------------------------------
A4001  ep = 2450400.5
1.87511 0.0765798 7.76677 82.5179 13.5091 303.827 0 0 0
A4002  ep = 2450400.5
3.92158 0.0321377 1.3862 303.113 130.971 354.79 0 0 0
A4003  ep = 2450400.5
2.98926 0.0672171 8.17633 302.662 78.3806 118.282 0 0 0
A4004  ep = 2450400.5
2.93874 0.070979 0.436657 290.438 126.809 208.178 0 0 0
A4005  ep = 2450400.5
2.8475 0.0109188 4.12598 183.675 151.307 141.118 0 0 0
A4006  ep = 2450400.5
2.20654 0.068321 2.70553 16.2346 344.64 335.629 0 0 0
A4007  ep = 2450400.5
4.03902 0.0821069 5.70894 90.7359 354.718 136.094 0 0 0
A4008  ep = 2450400.5
2.49865 0.0534802 3.41878 179.172 244.331 282.977 0 0 0
A4009  ep = 2450400.5
3.19445 0.0165482 6.24887 48.3866 238.269 244.326 0 0 0
A4010  ep = 2450400.5
3.53912 0.0488954 6.85651 205.689 163.941 277.589 0 0 0
A4011  ep = 2450400.5
1.83473 0.0970156 4.40483 119.636 113.516 86.5408 0 0 0
A4012  ep = 2450400.5
3.91418 0.0918836 7.86995 258.469 104.61 168.136 0 0 0
A4013  ep = 2450400.5
2.40864 0.015655 1.13588 45.9975 303.156 83.2043 0 0 0
A4014  ep = 2450400.5
1.60505 0.0639843 8.8407 233.366 166.996 14.2062 0 0 0
A4015  ep = 2450400.5
1.70792 0.0701614 2.02203 221.485 358.333 221.37 0 0 0
A4016  ep = 2450400.5
2.46819 0.0437359 5.69287 46.111 48.975 295.54 0 0 0
A4017  ep = 2450400.5
3.44277 0.0249913 1.28479 130.789 249.615 224.554 0 0 0
A4018  ep = 2450400.5
3.03047 0.0943361 5.06073 104.036 219.147 319.268 0 0 0
A4019  ep = 2450400.5
2.52816 0.078455 9.9284 222.114 301.479 241.934 0 0 0
A4020  ep = 2450400.5
3.56373 0.0362907 1.3806 27.5261 180.598 242.817 0 0 0
A4021  ep = 2450400.5
2.38462 0.0896101 4.76977 302.333 38.0975 282.779 0 0 0
A4022  ep = 2450400.5
3.29366 0.00726164 9.46377 248.335 287.174 262.146 0 0 0
A4023  ep = 2450400.5
3.53951 0.0598331 7.14109 245.582 139.58 357.162 0 0 0
A4024  ep = 2450400.5
3.49305 0.0479133 8.78497 350.092 115.274 243.046 0 0 0
A4025  ep = 2450400.5
2.00089 0.0216836 9.35767 7.60292 192.062 257.607 0 0 0
A4026  ep = 2450400.5
2.62416 0.0973496 6.55511 286.264 307.528 250.093 0 0 0
A4027  ep = 2450400.5
3.29856 0.0190285 5.11194 251.042 230.118 103.765 0 0 0
A4028  ep = 2450400.5
1.55941 0.0546698 7.34794 238.646 60.0143 71.1254 0 0 0
A4029  ep = 2450400.5
3.09233 0.0345644 9.24694 344.968 135.641 359.924 0 0 0
A4030  ep = 2450400.5
2.86486 0.0191253 4.38984 292.439 7.0394 284.921 0 0 0
A4031  ep = 2450400.5
2.56798 0.0847627 4.07188 320.487 90.8524 178.429 0 0 0
A4032  ep = 2450400.5
1.64137 0.0996702 4.57757 295.666 312.341 338.597 0 0 0
A4033  ep = 2450400.5
3.18136 0.0421758 9.48062 130.634 235.611 186.302 0 0 0
A4034  ep = 2450400.5
1.76185 0.0724192 9.49259 115.011 47.7181 122.97 0 0 0
A4035  ep = 2450400.5
2.94921 0.038782 8.09364 89.6559 56.9001 29.5686 0 0 0
A4036  ep = 2450400.5
3.13072 0.0407917 7.8644 82.3754 226.643 179.997 0 0 0
A4037  ep = 2450400.5
2.40831 0.0638716 9.90443 302.775 223.625 163.546 0 0 0
A4038  ep = 2450400.5
3.59927 0.00956394 8.41167 282.209 139.508 185.361 0 0 0
A4039  ep = 2450400.5
3.39795 0.051385 1.27236 345.218 21.4731 303.916 0 0 0
A4040  ep = 2450400.5
3.75758 0.0259408 8.87206 132.756 56.4354 183.006 0 0 0
A4041  ep = 2450400.5
1.87848 0.0136016 9.02872 3.87142 338.535 80.3409 0 0 0
A4042  ep = 2450400.5
2.41646 0.0326022 9.44882 79.0784 89.022 14.3288 0 0 0
A4043  ep = 2450400.5
2.57353 0.0212285 1.87587 110.09 268.067 96.4686 0 0 0
A4044  ep = 2450400.5
2.1846 0.0813082 0.468159 309.676 277.938 209.43 0 0 0
A4045  ep = 2450400.5
3.10428 0.0275345 1.72178 303.592 260.098 352.281 0 0 0
A4046  ep = 2450400.5
2.663 0.0958123 4.18141 58.996 238.314 147.546 0 0 0
A4047  ep = 2450400.5
2.53169 0.0434642 2.03276 256.143 210.923 259.804 0 0 0
A4048  ep = 2450400.5
1.66586 0.0782908 5.32859 33.8556 257.292 62.3418 0 0 0
A4049  ep = 2450400.5
3.78287 0.0351433 5.52893 130.28 28.3191 234.821 0 0 0
A4050  ep = 2450400.5
2.42612 0.0710459 7.69172 126.674 338.71 154.805 0 0 0
A4051  ep = 2450400.5
3.61225 0.0529316 5.21357 7.65405 137.506 105.841 0 0 0
A4052  ep = 2450400.5
1.98523 0.0610318 4.60824 279.08 280.484 76.2355 0 0 0
A4053  ep = 2450400.5
3.46385 0.0157578 2.41813 64.7148 290.031 62.5022 0 0 0
A4054  ep = 2450400.5
1.92311 0.0992218 3.2009 100.403 155.744 74.3943 0 0 0
A4055  ep = 2450400.5
2.04371 0.0261117 6.59244 202.074 353.17 213.352 0 0 0
A4056  ep = 2450400.5
2.15123 0.0680853 1.09529 70.4927 132.523 327.899 0 0 0
A4057  ep = 2450400.5
3.54811 0.0733926 7.08621 254.366 140.219 235.75 0 0 0
A4058  ep = 2450400.5
3.54224 0.0098221 9.80039 235.133 110.255 108.668 0 0 0
A4059  ep = 2450400.5
2.25242 0.00502748 2.9693 274.026 214.791 255.998 0 0 0
A4060  ep = 2450400.5
1.61246 0.0168641 4.34269 134.202 186.094 347.403 0 0 0
A4061  ep = 2450400.5
2.26024 0.0543575 8.86446 313.712 100.043 91.8229 0 0 0
A4062  ep = 2450400.5
2.70054 0.0562031 8.05151 193.208 165.034 80.4773 0 0 0
A4063  ep = 2450400.5
3.10445 0.0735902 6.29926 30.629 209.256 20.7281 0 0 0
A4064  ep = 2450400.5
3.77907 0.0715154 6.5879 67.1399 89.668 194.878 0 0 0
A4065  ep = 2450400.5
4.00966 0.00246069 9.56836 53.7044 351.161 111.832 0 0 0
A4066  ep = 2450400.5
3.63383 0.0227902 8.34666 21.2329 98.8647 275.778 0 0 0
A4067  ep = 2450400.5
2.48962 0.0510801 5.02632 152.797 353.862 349.885 0 0 0
A4068  ep = 2450400.5
2.10153 0.000944972 0.821396 8.18671 195.752 28.7129 0 0 0
A4069  ep = 2450400.5
2.72414 0.0994236 5.13243 290.746 101.879 121.163 0 0 0
A4070  ep = 2450400.5
2.07914 0.0257248 7.56785 334.326 17.9202 42.9565 0 0 0
A4071  ep = 2450400.5
2.25762 0.0861144 2.24132 356.466 355.928 6.98633 0 0 0
A4072  ep = 2450400.5
2.08854 0.0836182 6.70915 326.172 241.141 307.451 0 0 0
A4073  ep = 2450400.5
2.74717 0.0428578 0.114129 240.526 261.688 75.8886 0 0 0
A4074  ep = 2450400.5
4.01787 0.0611514 5.7217 335.534 108.974 331.017 0 0 0
A4075  ep = 2450400.5
3.05499 0.0156644 6.71769 226.656 94.3403 161.533 0 0 0
A4076  ep = 2450400.5
3.23953 0.0395231 1.6419 129.839 301.292 316.11 0 0 0
A4077  ep = 2450400.5
2.86527 0.00899371 5.57268 356.384 121.322 116.363 0 0 0
A4078  ep = 2450400.5
3.00722 0.0531632 1.13692 285.184 44.2411 321.606 0 0 0
A4079  ep = 2450400.5
2.73687 0.0351741 4.708 268.079 75.9074 50.4076 0 0 0
A4080  ep = 2450400.5
3.27634 0.0391887 4.44861 183.648 158.658 30.9535 0 0 0
A4081  ep = 2450400.5
3.38855 0.0707568 9.0989 162.769 179.053 17.4165 0 0 0
A4082  ep = 2450400.5
3.00921 0.0203974 6.19711 86.2944 348.693 3.88817 0 0 0
A4083  ep = 2450400.5
1.95723 0.0674224 4.67845 61.1663 75.4445 22.8848 0 0 0
A4084  ep = 2450400.5
1.78257 0.052579 5.94502 291.686 246.978 299.208 0 0 0
A4085  ep = 2450400.5
2.83913 0.0524595 9.87238 139.469 216.403 305.811 0 0 0
A4086  ep = 2450400.5
1.79419 0.0186901 6.23854 213.259 333.077 357.526 0 0 0
A4087  ep = 2450400.5
1.58361 0.0600799 8.63026 280.783 359.858 158.222 0 0 0
A4088  ep = 2450400.5
3.63756 0.0842828 2.41483 34.8682 203.528 175.694 0 0 0
A4089  ep = 2450400.5
1.77992 0.0160651 4.06139 327.617 31.6451 221.142 0 0 0
A4090  ep = 2450400.5
2.24094 0.0137209 7.06569 170.55 35.8235 37.4028 0 0 0
A4091  ep = 2450400.5
3.92312 0.0742786 6.01159 331.181 329.101 22.1328 0 0 0
A4092  ep = 2450400.5
1.90623 0.0307067 5.87926 315.19 145.821 162.021 0 0 0
A4093  ep = 2450400.5
2.88276 0.0058302 4.88249 308.673 359.801 355.547 0 0 0
A4094  ep = 2450400.5
1.99737 0.0105821 3.53237 237.272 41.6288 103.629 0 0 0
A4095  ep = 2450400.5
1.91913 0.0775744 2.93201 331.651 269.068 307.746 0 0 0
A4096  ep = 2450400.5
2.85624 0.0795629 6.14288 347.245 115.371 2.55477 0 0 0
A4097  ep = 2450400.5
3.18029 0.0562895 2.57141 21.0048 278.582 350.19 0 0 0
A4098  ep = 2450400.5
2.47857 0.0499173 0.60121 313.675 236.659 202.819 0 0 0
A4099  ep = 2450400.5
2.53685 0.0874079 0.648205 319.899 35.3488 226.372 0 0 0
A4100  ep = 2450400.5
3.99091 0.0307287 4.5654 155.74 209.862 209.565 0 0 0
A4101  ep = 2450400.5
3.69695 0.0701779 2.79957 58.7911 241.295 180.316 0 0 0
A4102  ep = 2450400.5
3.02282 0.0185616 1.64138 21.4153 211.173 55.1665 0 0 0
A4103  ep = 2450400.5
3.02566 0.000898188 9.95841 329.143 100.229 111.022 0 0 0
A4104  ep = 2450400.5
3.56971 0.0894028 3.93057 128.907 18.7486 111.964 0 0 0
A4105  ep = 2450400.5
1.82214 0.0850185 8.06673 139.818 242.555 261.168 0 0 0
A4106  ep = 2450400.5
2.50885 0.0585502 6.53548 305.492 214.203 279.33 0 0 0
A4107  ep = 2450400.5
2.92867 0.0943563 4.46778 149.701 66.7087 349.201 0 0 0
A4108  ep = 2450400.5
1.9186 0.037003 6.09522 334.061 281.148 98.1798 0 0 0
A4109  ep = 2450400.5
2.54526 0.0243544 5.25191 339.295 219.17 73.6757 0 0 0
A4110  ep = 2450400.5
3.68966 0.0334169 2.38587 177.728 55.4429 309.333 0 0 0
A4111  ep = 2450400.5
3.27088 0.00418759 4.80798 266.159 128.786 50.7089 0 0 0
A4112  ep = 2450400.5
2.02168 0.0920043 7.15806 277.011 35.3334 308.765 0 0 0
A4113  ep = 2450400.5
2.76291 0.0640067 4.60806 157.588 109.096 350.979 0 0 0
A4114  ep = 2450400.5
3.73241 0.00247609 8.15665 291.963 28.7447 313.145 0 0 0
A4115  ep = 2450400.5
3.0474 0.0776727 7.45028 8.44324 203.804 3.69002 0 0 0
A4116  ep = 2450400.5
3.5837 0.023963 6.46216 312.281 68.8654 266.869 0 0 0
A4117  ep = 2450400.5
3.03945 0.0227462 4.95675 109.508 357.991 181.746 0 0 0
A4118  ep = 2450400.5
3.08574 0.0577168 9.46648 88.7039 216.989 180.011 0 0 0
A4119  ep = 2450400.5
2.52192 0.0237712 2.22796 193.331 336.559 357.808 0 0 0
A4120  ep = 2450400.5
2.66572 0.0479123 9.61972 348.486 356.894 331.699 0 0 0
A4121  ep = 2450400.5
2.65728 0.057047 1.88098 245.613 191.443 129.059 0 0 0
A4122  ep = 2450400.5
2.25032 0.0767675 3.3133 273.451 146.69 127.266 0 0 0
A4123  ep = 2450400.5
3.49532 0.0933383 2.37588 87.5102 170.639 114.01 0 0 0
A4124  ep = 2450400.5
1.63727 0.0433479 2.48516 349.466 36.5702 299.442 0 0 0
A4125  ep = 2450400.5
3.56345 0.0751048 8.87156 163.547 318.366 149.905 0 0 0
A4126  ep = 2450400.5
1.99222 0.0619847 2.77625 46.474 142.699 253.492 0 0 0
A4127  ep = 2450400.5
2.60687 0.090277 0.850952 128.972 105.656 346.222 0 0 0
A4128  ep = 2450400.5
2.38416 0.00522822 9.70683 183.424 100.692 321.624 0 0 0
A4129  ep = 2450400.5
3.93554 0.0576498 1.20288 281.103 245.84 76.0578 0 0 0
A4130  ep = 2450400.5
3.64479 0.0416818 8.45711 238.634 357.456 239.686 0 0 0
A4131  ep = 2450400.5
2.80631 0.0420595 3.94329 265.31 189.249 165.663 0 0 0
A4132  ep = 2450400.5
2.89633 0.0847058 6.50984 266.061 132.759 88.6341 0 0 0
A4133  ep = 2450400.5
2.59695 0.00744099 3.60715 3.32344 44.713 137.238 0 0 0
A4134  ep = 2450400.5
3.59531 0.0854065 5.26765 67.1089 159.583 145.526 0 0 0
A4135  ep = 2450400.5
3.63583 0.0164423 6.45262 213.29 71.9052 103.373 0 0 0
A4136  ep = 2450400.5
2.98993 0.0634486 6.79814 279.755 187.676 338.815 0 0 0
A4137  ep = 2450400.5
2.40716 0.0174655 1.42924 258.128 104.115 183.675 0 0 0
A4138  ep = 2450400.5
2.51824 0.0173692 3.24235 88.6652 273.743 359.601 0 0 0
A4139  ep = 2450400.5
2.38252 0.0962973 8.68818 290.44 306.711 313.962 0 0 0
A4140  ep = 2450400.5
3.03341 0.0752316 2.17072 275.963 287.625 26.9937 0 0 0
A4141  ep = 2450400.5
3.40952 0.0939531 5.70443 181.427 124.892 105.013 0 0 0
A4142  ep = 2450400.5
4.03468 0.0759421 3.58312 64.043 101.836 219.682 0 0 0
A4143  ep = 2450400.5
1.86014 0.0970751 0.40395 321.352 99.0614 98.6363 0 0 0
A4144  ep = 2450400.5
3.45958 0.0372193 0.454442 39.6416 275.485 184.906 0 0 0
A4145  ep = 2450400.5
2.50051 0.0983167 4.0893 90.838 24.3934 18.5364 0 0 0
A4146  ep = 2450400.5
2.84115 0.0652572 8.77419 352.624 126.12 34.9087 0 0 0
A4147  ep = 2450400.5
2.34483 0.020529 6.31364 55.6188 217.097 24.2221 0 0 0
A4148  ep = 2450400.5
3.99119 0.08115 4.88486 228.459 201.691 331.181 0 0 0
A4149  ep = 2450400.5
3.19473 0.0846876 8.45109 2.85555 325.471 6.37493 0 0 0
A4150  ep = 2450400.5
2.89984 0.0491473 2.18412 126.644 16.1052 120.587 0 0 0
A4151  ep = 2450400.5
2.6825 0.0294915 6.63004 204.157 211.082 173.903 0 0 0
A4152  ep = 2450400.5
1.58694 0.00348935 2.45576 154.601 200.092 198.858 0 0 0
A4153  ep = 2450400.5
1.83974 0.0441694 4.54666 158.71 142.324 52.5815 0 0 0
A4154  ep = 2450400.5
3.22519 0.0965714 4.76022 261.183 292.901 86.7971 0 0 0
A4155  ep = 2450400.5
1.7791 0.0558112 5.18746 330.234 111.17 254.077 0 0 0
A4156  ep = 2450400.5
1.8723 0.0409458 0.75234 269.57 191.587 325.426 0 0 0
A4157  ep = 2450400.5
2.36816 0.0444195 5.59163 357.978 71.5993 344.563 0 0 0
A4158  ep = 2450400.5
2.22998 0.0388853 0.453861 1.71343 193.203 150.525 0 0 0
A4159  ep = 2450400.5
4.03926 0.0211143 6.67843 43.1938 115.721 245.883 0 0 0
A4160  ep = 2450400.5
2.03568 0.0958227 3.91595 41.5368 93.9188 188.903 0 0 0
A4161  ep = 2450400.5
2.95623 0.084957 8.72505 242.257 151.788 114.93 0 0 0
A4162  ep = 2450400.5
3.9441 0.0306124 0.0210595 206.394 103.141 163.773 0 0 0
A4163  ep = 2450400.5
3.18185 0.0206784 2.41976 113.865 181.724 194.082 0 0 0
A4164  ep = 2450400.5
2.77992 0.0523855 2.43182 71.9174 173.585 46.1006 0 0 0
A4165  ep = 2450400.5
1.78959 0.0553726 0.469611 256.54 179.72 259.168 0 0 0
A4166  ep = 2450400.5
2.30041 0.0830742 0.278964 129.226 25.1246 343.955 0 0 0
A4167  ep = 2450400.5
2.51015 0.0232957 7.30302 182.812 155.945 129.862 0 0 0
A4168  ep = 2450400.5
1.78625 0.0770276 2.03518 320.738 238.804 339.215 0 0 0
A4169  ep = 2450400.5
1.69739 0.0331685 4.63121 92.8836 233.635 75.4253 0 0 0
A4170  ep = 2450400.5
3.03369 0.0520708 2.53595 146.628 75.0422 167.923 0 0 0
A4171  ep = 2450400.5
3.32924 0.065301 7.14634 222.88 338.146 166.196 0 0 0
A4172  ep = 2450400.5
2.34214 0.0112245 7.49437 24.9626 250.602 196.503 0 0 0
A4173  ep = 2450400.5
3.13667 0.0475642 9.12052 357.788 293.983 341.693 0 0 0
A4174  ep = 2450400.5
1.72192 0.0204006 4.72266 251.947 259.546 279.981 0 0 0
A4175  ep = 2450400.5
1.90383 0.0967117 9.34219 120.826 328.306 19.0002 0 0 0
A4176  ep = 2450400.5
1.66857 0.0541888 7.51246 162.981 109.129 85.8201 0 0 0
A4177  ep = 2450400.5
3.15923 0.048707 5.1899 270.26 119.046 2.39186 0 0 0
A4178  ep = 2450400.5
3.11663 0.0107337 8.00632 36.9675 241.317 171.586 0 0 0
A4179  ep = 2450400.5
2.72959 0.000289988 9.73827 295.074 331.603 257.666 0 0 0
A4180  ep = 2450400.5
2.64745 0.032795 3.85032 98.8477 333.761 107.016 0 0 0
A4181  ep = 2450400.5
2.92018 0.0236037 3.07913 293.115 237.283 310.084 0 0 0
A4182  ep = 2450400.5
4.05822 0.0979588 7.93387 221.186 41.7476 17.902 0 0 0
A4183  ep = 2450400.5
2.52108 0.0192967 2.2038 142.774 130.539 150.733 0 0 0
A4184  ep = 2450400.5
2.62813 0.0567298 1.56921 204.456 338.649 95.9311 0 0 0
A4185  ep = 2450400.5
3.16219 0.0330703 7.11763 79.6986 63.0266 139.661 0 0 0
A4186  ep = 2450400.5
4.05175 0.0205221 8.14622 143.751 91.8718 315.812 0 0 0
A4187  ep = 2450400.5
3.74281 0.0724111 1.14172 238.51 150.962 155.882 0 0 0
A4188  ep = 2450400.5
2.67238 0.0395237 6.75016 137.371 289.528 242.831 0 0 0
A4189  ep = 2450400.5
3.89316 0.0690673 8.13994 120.585 37.1351 35.844 0 0 0
A4190  ep = 2450400.5
2.56905 0.0971789 2.86184 245.364 305.3 308.709 0 0 0
A4191  ep = 2450400.5
2.43659 0.0368729 5.22617 215.733 216.378 333.444 0 0 0
A4192  ep = 2450400.5
3.82546 0.0667472 2.20668 39.5729 143.803 305.554 0 0 0
A4193  ep = 2450400.5
2.30668 0.0896995 7.80097 242.825 23.3294 275.916 0 0 0
A4194  ep = 2450400.5
3.10197 0.00266102 4.2373 350.978 102.89 148.159 0 0 0
A4195  ep = 2450400.5
1.5229 0.0222506 6.66443 322.732 55.88 307.289 0 0 0
A4196  ep = 2450400.5
3.78351 0.0513433 4.26076 309.188 209.969 30.8793 0 0 0
A4197  ep = 2450400.5
2.40491 0.016387 5.17091 145.891 20.0017 276.669 0 0 0
A4198  ep = 2450400.5
3.37954 0.019518 2.39344 169.857 180.143 129.128 0 0 0
A4199  ep = 2450400.5
4.01611 0.0336465 0.966181 236.077 181.99 310.133 0 0 0
A4200  ep = 2450400.5
3.65442 0.051933 2.3802 114.25 164.141 117.77 0 0 0
A4201  ep = 2450400.5
2.92203 0.0192374 7.23696 233.929 183.659 8.69611 0 0 0
A4202  ep = 2450400.5
3.24564 0.0495838 1.5512 310.862 158.461 255.003 0 0 0
A4203  ep = 2450400.5
3.86877 0.0694019 9.38104 283.014 44.9109 236.349 0 0 0
A4204  ep = 2450400.5
2.18822 0.0784847 2.93082 346.146 150.978 340.676 0 0 0
A4205  ep = 2450400.5
2.63801 0.000473893 8.64718 137.086 225.704 339.333 0 0 0
A4206  ep = 2450400.5
1.64262 0.0204141 6.9916 182.486 66.0959 189.686 0 0 0
A4207  ep = 2450400.5
2.30951 0.00673242 8.51865 248.725 308.607 267.539 0 0 0
A4208  ep = 2450400.5
1.51276 0.0463798 1.05394 78.3548 346.241 295.568 0 0 0
A4209  ep = 2450400.5
3.65839 0.0734287 1.15389 347.594 80.199 305.782 0 0 0
A4210  ep = 2450400.5
2.55098 0.0259801 3.46859 195.503 167.096 36.9841 0 0 0
A4211  ep = 2450400.5
2.52365 0.00560068 9.30688 95.4432 301.447 56.021 0 0 0
A4212  ep = 2450400.5
3.92234 0.0978023 3.63242 297.828 114.514 339.824 0 0 0
A4213  ep = 2450400.5
3.4337 0.0441313 5.1555 257.047 176.475 228.054 0 0 0
A4214  ep = 2450400.5
1.82028 0.0158605 4.67258 350.522 52.518 29.6976 0 0 0
A4215  ep = 2450400.5
2.15152 0.0659213 8.38749 264.91 120.255 232.884 0 0 0
A4216  ep = 2450400.5
2.97528 0.0419793 7.46437 109.578 248.071 330.355 0 0 0
A4217  ep = 2450400.5
1.73716 0.0695114 3.77954 36.4513 45.7795 353.479 0 0 0
A4218  ep = 2450400.5
2.95443 0.0891183 8.11785 171.473 28.7316 111.842 0 0 0
A4219  ep = 2450400.5
2.77843 0.0833375 6.54152 333.751 3.93114 294.934 0 0 0
A4220  ep = 2450400.5
2.77376 0.00164028 9.6825 291.999 79.2363 311.42 0 0 0
A4221  ep = 2450400.5
1.69802 0.0950219 9.32764 110.578 142.142 37.2698 0 0 0
A4222  ep = 2450400.5
2.29445 0.0630837 0.485126 41.275 58.9612 265.858 0 0 0
A4223  ep = 2450400.5
4.035 0.0306271 3.50268 261.752 195.107 316.868 0 0 0
A4224  ep = 2450400.5
3.20339 0.0579523 8.04068 117.128 12.1806 289.054 0 0 0
A4225  ep = 2450400.5
3.16258 0.0178194 3.89967 96.1804 234.841 191.777 0 0 0
A4226  ep = 2450400.5
3.43463 0.0342018 6.29097 78.2029 323.767 143.143 0 0 0
A4227  ep = 2450400.5
2.36125 0.00163737 4.19326 150.355 183.424 345.614 0 0 0
A4228  ep = 2450400.5
2.20039 0.0851853 5.09081 347.441 123.054 293.048 0 0 0
A4229  ep = 2450400.5
3.81093 0.0445424 8.24377 250.747 202.458 297.425 0 0 0
A4230  ep = 2450400.5
2.79274 0.0835913 9.18231 173.253 49.7763 232.422 0 0 0
A4231  ep = 2450400.5
3.91229 0.0737714 0.755002 317.826 80.536 104.371 0 0 0
A4232  ep = 2450400.5
2.47445 0.0670552 8.96299 195.95 95.7725 43.8 0 0 0
A4233  ep = 2450400.5
2.63064 0.0213577 6.58977 343.542 280.728 124.545 0 0 0
A4234  ep = 2450400.5
2.36395 0.0673995 0.826924 282.164 209.966 101.194 0 0 0
A4235  ep = 2450400.5
4.07674 0.0716411 3.72116 320.99 201.86 188.762 0 0 0
A4236  ep = 2450400.5
1.63967 0.0878378 5.89887 341.53 359.523 250.967 0 0 0
A4237  ep = 2450400.5
3.90349 0.0902041 6.60975 120.955 232.018 297.879 0 0 0
A4238  ep = 2450400.5
3.91368 0.0603387 5.11753 184.29 335.209 54.9145 0 0 0
A4239  ep = 2450400.5
3.93527 0.0694403 3.8302 338.712 49.5648 310.477 0 0 0
A4240  ep = 2450400.5
1.61826 0.090186 1.56748 311.298 118.205 2.64913 0 0 0
A4241  ep = 2450400.5
3.13551 0.0292323 1.06596 184.384 238.62 221.468 0 0 0
A4242  ep = 2450400.5
3.21096 0.0461892 6.01313 139.168 129.146 92.0257 0 0 0
A4243  ep = 2450400.5
1.74123 0.0486637 6.90038 292.929 187.444 227.754 0 0 0
A4244  ep = 2450400.5
2.36845 0.097135 8.48088 79.2964 223.378 176.449 0 0 0
A4245  ep = 2450400.5
3.46851 0.0777971 2.35925 352.156 311.952 338.369 0 0 0
A4246  ep = 2450400.5
2.36401 0.00349329 0.117466 332.52 225.496 3.38589 0 0 0
A4247  ep = 2450400.5
3.99226 0.0775341 1.16209 354.713 130.416 13.4477 0 0 0
A4248  ep = 2450400.5
1.54941 0.0500907 2.74813 291.483 322.208 246.096 0 0 0
A4249  ep = 2450400.5
4.03028 0.088375 7.18123 37.8877 15.8316 199.806 0 0 0
A4250  ep = 2450400.5
2.58402 0.0683253 0.43986 115.171 145.125 40.7314 0 0 0
A4251  ep = 2450400.5
1.84282 0.011647 4.51478 324.726 44.4962 110.014 0 0 0
A4252  ep = 2450400.5
3.40932 0.022833 9.5471 292.508 145.977 72.9072 0 0 0
A4253  ep = 2450400.5
1.50984 0.0383841 3.2232 5.39294 327.497 88.7006 0 0 0
A4254  ep = 2450400.5
3.17375 0.0549329 9.56619 356.689 359.826 85.7848 0 0 0
A4255  ep = 2450400.5
3.03427 0.0479511 5.14253 240.941 85.9526 138.611 0 0 0
A4256  ep = 2450400.5
3.13306 0.0925435 6.78153 13.4272 50.3017 11.0434 0 0 0
A4257  ep = 2450400.5
3.3116 0.0303837 2.5955 258.63 3.00019 95.1863 0 0 0
A4258  ep = 2450400.5
1.57751 0.0580816 9.7705 282.238 109.022 293.866 0 0 0
A4259  ep = 2450400.5
3.70321 0.00787068 2.8257 287.95 6.41077 31.7623 0 0 0
A4260  ep = 2450400.5
2.62922 0.0104392 3.50846 356.619 74.9891 73.0051 0 0 0
A4261  ep = 2450400.5
2.54958 0.0914887 1.50264 334.05 115.682 281.578 0 0 0
A4262  ep = 2450400.5
2.13164 0.0249707 3.82914 252.57 114.102 44.5211 0 0 0
A4263  ep = 2450400.5
2.58747 0.0630645 6.25825 272.156 228.767 195.987 0 0 0
A4264  ep = 2450400.5
2.6925 0.0331706 5.97714 326.394 39.4801 271.844 0 0 0
A4265  ep = 2450400.5
2.61413 0.0696035 4.25901 312.749 60.3204 171.191 0 0 0
A4266  ep = 2450400.5
3.82298 0.0693669 2.50293 245.302 55.0857 30.7841 0 0 0
A4267  ep = 2450400.5
2.43317 0.0797018 5.47334 62.2436 194.702 250.838 0 0 0
A4268  ep = 2450400.5
2.84187 0.0556904 3.89304 113.674 100.036 315.529 0 0 0
A4269  ep = 2450400.5
4.07536 0.0301973 5.25296 192.55 201.398 116.965 0 0 0
A4270  ep = 2450400.5
1.74999 0.0734939 9.11831 39.6702 217.255 353.36 0 0 0
A4271  ep = 2450400.5
1.89438 0.023796 0.393981 60.578 17.7559 117.94 0 0 0
A4272  ep = 2450400.5
3.21833 0.0935983 5.07107 204.428 146.485 193.49 0 0 0
A4273  ep = 2450400.5
3.18137 0.0805895 4.68183 294.326 64.906 343.013 0 0 0
A4274  ep = 2450400.5
4.07092 0.0383203 8.49853 335.53 289.233 233.287 0 0 0
A4275  ep = 2450400.5
2.40808 0.00703521 5.40813 273.768 161.342 84.2172 0 0 0
A4276  ep = 2450400.5
2.90624 0.0743478 3.63394 141.219 297.235 137.517 0 0 0
A4277  ep = 2450400.5
2.7337 0.025832 3.58771 359.822 304.977 69.0213 0 0 0
A4278  ep = 2450400.5
3.20618 0.014994 4.04369 199.935 217.795 23.6479 0 0 0
A4279  ep = 2450400.5
3.16347 0.0667203 3.68633 228.051 245.102 198.525 0 0 0
A4280  ep = 2450400.5
2.2886 0.0767079 0.292789 215.665 297.092 213.598 0 0 0
A4281  ep = 2450400.5
1.79056 0.0783948 2.80831 79.2508 241.418 243.622 0 0 0
A4282  ep = 2450400.5
2.86822 0.084788 6.31155 202.98 144.389 322.25 0 0 0
A4283  ep = 2450400.5
2.65708 0.0386038 0.1463 26.8255 32.6475 301.897 0 0 0
A4284  ep = 2450400.5
1.51754 0.0171437 4.33338 108.141 146.97 94.288 0 0 0
A4285  ep = 2450400.5
3.09604 0.0158634 6.15539 72.8144 256.929 176.88 0 0 0
A4286  ep = 2450400.5
4.05498 0.0394684 3.446 272.141 306.115 76.1561 0 0 0
A4287  ep = 2450400.5
2.98391 0.0047153 5.49985 269.892 166.071 10.0466 0 0 0
A4288  ep = 2450400.5
3.46234 0.0586574 7.54895 27.4142 235.522 183.006 0 0 0
A4289  ep = 2450400.5
3.36086 0.036192 4.79449 238.147 156.835 357.091 0 0 0
A4290  ep = 2450400.5
2.36288 0.0666862 3.94852 282.076 85.1955 341.329 0 0 0
A4291  ep = 2450400.5
1.82099 0.0637504 7.53711 326.751 325.765 122.778 0 0 0
A4292  ep = 2450400.5
1.55475 0.0615777 3.35956 214.268 313.473 193.019 0 0 0
A4293  ep = 2450400.5
3.53873 0.0137495 6.87423 234.971 156.08 281.709 0 0 0
A4294  ep = 2450400.5
3.99346 0.01862 1.46943 136.355 211.959 18.9138 0 0 0
A4295  ep = 2450400.5
3.27233 0.0997218 6.23652 259.038 13.8899 195.867 0 0 0
A4296  ep = 2450400.5
2.81815 0.0833753 6.88576 174.56 193.84 238.429 0 0 0
A4297  ep = 2450400.5
3.74344 0.000446598 0.0596866 100.982 217.926 269.755 0 0 0
A4298  ep = 2450400.5
1.61997 0.0393403 9.92978 235.767 160.09 303.332 0 0 0
A4299  ep = 2450400.5
2.98998 0.0272448 2.02645 184.769 154.256 335.701 0 0 0
A4300  ep = 2450400.5
2.22745 0.0306122 7.99631 120.17 250.531 269.018 0 0 0
A4301  ep = 2450400.5
1.57322 0.0336797 2.54763 221.812 278.74 346.425 0 0 0
A4302  ep = 2450400.5
1.6125 0.0934598 3.79197 55.7107 185.172 196.913 0 0 0
A4303  ep = 2450400.5
3.06281 0.0352518 6.77043 192.519 228.344 326.189 0 0 0
A4304  ep = 2450400.5
2.09728 0.0134079 6.46806 138.112 313.442 54.9546 0 0 0
A4305  ep = 2450400.5
3.71988 0.0415662 0.0303365 168.991 12.9643 83.5991 0 0 0
A4306  ep = 2450400.5
3.12878 0.0279525 7.97392 154.359 112.896 3.65678 0 0 0
A4307  ep = 2450400.5
2.52372 0.0934254 0.0149206 157.131 143.97 315.836 0 0 0
A4308  ep = 2450400.5
2.06225 0.0527015 5.53656 289.046 114.087 59.7577 0 0 0
A4309  ep = 2450400.5
3.26667 0.0446102 9.63037 231.685 286.044 288.685 0 0 0
A4310  ep = 2450400.5
1.81289 0.0391955 7.58145 233.251 324.117 335.521 0 0 0
A4311  ep = 2450400.5
3.94315 0.0667264 1.70582 5.22256 39.4938 166.744 0 0 0
A4312  ep = 2450400.5
3.15561 0.0281701 3.54708 108.166 156.958 311.394 0 0 0
A4313  ep = 2450400.5
3.49965 0.0604008 5.56132 50.9889 290.523 346.991 0 0 0
A4314  ep = 2450400.5
3.79919 0.0838836 8.31123 40.3671 150.456 344.32 0 0 0
A4315  ep = 2450400.5
1.87544 0.0560154 1.50124 291.096 111.19 87.551 0 0 0
A4316  ep = 2450400.5
2.44812 0.0247962 4.50571 70.8404 233.52 245.199 0 0 0
A4317  ep = 2450400.5
3.13749 0.0988814 6.00504 185.17 28.6271 2.82276 0 0 0
A4318  ep = 2450400.5
2.73905 0.0461546 5.20955 19.0861 241.863 305.467 0 0 0
A4319  ep = 2450400.5
1.92585 0.0589091 4.845 246.257 308.503 300.226 0 0 0
A4320  ep = 2450400.5
2.16068 0.0380854 6.00804 230.549 147.454 116.339 0 0 0
A4321  ep = 2450400.5
1.86014 0.031134 0.691132 285.808 274.4 216.06 0 0 0
A4322  ep = 2450400.5
2.04235 0.0609082 9.84795 57.6018 83.3153 275.263 0 0 0
A4323  ep = 2450400.5
2.09531 0.040557 2.42331 59.5313 66.2242 74.042 0 0 0
A4324  ep = 2450400.5
2.51761 0.0703271 6.86732 118.304 340.765 59.5159 0 0 0
A4325  ep = 2450400.5
3.22127 0.0587284 1.48987 117.367 59.9464 297.341 0 0 0
A4326  ep = 2450400.5
1.70188 0.0124489 4.28555 354.623 293.741 115.493 0 0 0
A4327  ep = 2450400.5
3.97521 0.0134391 8.70217 117.328 284.449 35.3589 0 0 0
A4328  ep = 2450400.5
4.08584 0.0472258 2.24411 68.0973 64.8269 152.342 0 0 0
A4329  ep = 2450400.5
2.7376 0.0993185 6.45481 275.114 124.201 74.3119 0 0 0
A4330  ep = 2450400.5
2.30486 0.052727 1.82286 84.4356 16.851 172.871 0 0 0
A4331  ep = 2450400.5
1.56289 0.068959 6.93156 47.0679 259.781 128.568 0 0 0
A4332  ep = 2450400.5
1.95042 0.0281422 3.85674 191.897 77.5523 219.556 0 0 0
A4333  ep = 2450400.5
2.16363 0.0808968 1.32954 103.923 10.197 13.468 0 0 0
A4334  ep = 2450400.5
2.89734 0.0912675 0.32595 104.494 91.8081 251.042 0 0 0
A4335  ep = 2450400.5
4.04597 0.0315648 3.09491 41.1006 258.633 298.036 0 0 0
A4336  ep = 2450400.5
1.70981 0.00384812 7.7542 1.18507 264.526 209.185 0 0 0
A4337  ep = 2450400.5
3.62232 0.00182621 6.93183 327.331 321.647 14.4342 0 0 0
A4338  ep = 2450400.5
3.72825 0.0399776 6.04228 118.034 290.376 53.7956 0 0 0
A4339  ep = 2450400.5
3.92322 0.0588772 6.49205 172.174 172.425 172.449 0 0 0
A4340  ep = 2450400.5
2.43433 0.0929255 4.98309 7.9636 296.216 1.1798 0 0 0
A4341  ep = 2450400.5
3.72192 0.0735479 4.19725 224.846 43.2251 25.2323 0 0 0
A4342  ep = 2450400.5
1.90544 0.0835056 9.78194 144.817 264.182 287.222 0 0 0
A4343  ep = 2450400.5
2.18709 0.0640751 2.09814 144.896 337.464 56.3092 0 0 0
A4344  ep = 2450400.5
4.08893 0.0628774 9.79848 103.108 146.311 39.0371 0 0 0
A4345  ep = 2450400.5
2.25384 0.0891704 1.86934 126.123 94.7204 331.367 0 0 0
A4346  ep = 2450400.5
1.77394 0.0919942 1.45824 57.3358 335.084 271.098 0 0 0
A4347  ep = 2450400.5
3.69275 0.0357887 8.00228 3.2 174.173 130.402 0 0 0
A4348  ep = 2450400.5
2.23382 0.0700591 2.82884 102.556 54.3486 0.439574 0 0 0
A4349  ep = 2450400.5
1.52882 0.0420567 9.47654 52.52 219.076 83.0157 0 0 0
A4350  ep = 2450400.5
1.7638 0.0304665 8.4991 30.5297 345.26 16.3234 0 0 0
A4351  ep = 2450400.5
2.07685 0.00894931 6.11081 293.868 184.653 186.755 0 0 0
A4352  ep = 2450400.5
2.47289 0.0296397 2.54355 200.2 339.775 234.948 0 0 0
A4353  ep = 2450400.5
3.47209 0.0461012 9.23706 26.8981 81.0604 73.4489 0 0 0
A4354  ep = 2450400.5
1.93336 0.0700022 5.26822 165.895 208.686 47.1598 0 0 0
A4355  ep = 2450400.5
1.70523 0.0044092 9.05341 85.9521 172.488 58.485 0 0 0
A4356  ep = 2450400.5
2.20027 0.0651248 2.53199 185.544 38.0734 267.179 0 0 0
A4357  ep = 2450400.5
1.76546 0.0314691 4.01519 116.897 42.9762 254.19 0 0 0
A4358  ep = 2450400.5
2.16066 0.023269 2.81338 83.2858 172.823 166.435 0 0 0
A4359  ep = 2450400.5
3.33467 0.0518488 1.22274 153.537 31.0436 201.694 0 0 0
A4360  ep = 2450400.5
3.76447 0.0410312 9.10721 228.917 79.6722 167.108 0 0 0
A4361  ep = 2450400.5
2.29916 0.0731124 7.00273 40.2139 8.32168 225.056 0 0 0
A4362  ep = 2450400.5
3.23437 0.0960142 7.10049 280.171 188.817 336.466 0 0 0
A4363  ep = 2450400.5
2.49638 0.0132854 2.87271 324.016 211.342 34.4475 0 0 0
A4364  ep = 2450400.5
2.0061 0.0963894 3.15838 324.346 101.922 329.926 0 0 0
A4365  ep = 2450400.5
2.97842 0.0385931 1.34753 192.032 92.6223 151.445 0 0 0
A4366  ep = 2450400.5
2.44043 0.0547493 0.714966 354.489 247.219 122.837 0 0 0
A4367  ep = 2450400.5
2.56839 0.0154715 3.30029 315.497 348.018 185.251 0 0 0
A4368  ep = 2450400.5
2.25862 0.0411114 3.59199 225.598 160.893 68.6528 0 0 0
A4369  ep = 2450400.5
2.37115 0.0694159 6.73369 320.507 296.939 334.243 0 0 0
A4370  ep = 2450400.5
2.76359 0.0810353 3.60877 331.73 95.034 181.797 0 0 0
A4371  ep = 2450400.5
1.88464 0.0502085 9.54801 151.854 82.8451 33.9886 0 0 0
A4372  ep = 2450400.5
2.27766 0.0273616 8.66979 66.5221 230.483 132.607 0 0 0
A4373  ep = 2450400.5
3.97002 0.00237259 5.76132 197.26 13.4479 326.147 0 0 0
A4374  ep = 2450400.5
2.81519 0.0583182 5.5344 125.534 76.4912 170.27 0 0 0
A4375  ep = 2450400.5
2.71012 0.00939342 7.75225 65.546 123.965 130.399 0 0 0
A4376  ep = 2450400.5
3.81364 0.0955277 8.34299 240.399 121.157 127.881 0 0 0
A4377  ep = 2450400.5
3.6678 0.0641554 4.59923 41.2587 74.9712 4.89458 0 0 0
A4378  ep = 2450400.5
2.69482 0.0242104 0.0353548 280.661 37.9317 132.001 0 0 0
A4379  ep = 2450400.5
3.74709 0.00886092 7.25522 218.404 343.185 204.252 0 0 0
A4380  ep = 2450400.5
3.39664 0.074552 3.95399 311.321 337.001 327.674 0 0 0
A4381  ep = 2450400.5
3.28199 0.00807274 3.78467 267.201 240.961 284.516 0 0 0
A4382  ep = 2450400.5
3.7995 0.0784548 6.90658 64.4864 82.1236 188.773 0 0 0
A4383  ep = 2450400.5
3.54841 0.0359942 9.54285 98.9936 328.722 183.135 0 0 0
A4384  ep = 2450400.5
3.46089 0.0662297 9.22984 353.656 199.934 63.2913 0 0 0
A4385  ep = 2450400.5
2.80462 0.0574713 4.19735 225.347 257.463 347.61 0 0 0
A4386  ep = 2450400.5
3.03493 0.0891269 6.55019 290.826 285.595 349.665 0 0 0
A4387  ep = 2450400.5
1.53085 0.00825852 8.00944 143.932 331.482 344.81 0 0 0
A4388  ep = 2450400.5
2.83901 0.00375828 6.65381 348.386 319.099 145.127 0 0 0
A4389  ep = 2450400.5
2.15449 0.0522401 1.99816 22.0364 317.851 211.361 0 0 0
A4390  ep = 2450400.5
1.95923 0.0165019 6.48142 69.0169 176.236 217.908 0 0 0
A4391  ep = 2450400.5
1.55592 0.0798606 7.1703 101.872 98.8604 260.363 0 0 0
A4392  ep = 2450400.5
1.85242 0.0969546 1.16712 123.536 227.029 245.243 0 0 0
A4393  ep = 2450400.5
2.88923 0.0933761 7.71657 1.51852 187.139 164.1 0 0 0
A4394  ep = 2450400.5
1.58974 0.0525614 2.99557 260.264 65.317 278.974 0 0 0
A4395  ep = 2450400.5
1.53178 0.0246207 9.00833 65.0268 102.655 194.264 0 0 0
A4396  ep = 2450400.5
1.8895 0.0759825 5.37061 350.559 331.017 237.548 0 0 0
A4397  ep = 2450400.5
1.78177 0.0598972 4.92737 279.326 165.321 251.958 0 0 0
A4398  ep = 2450400.5
2.79617 0.053692 2.02077 82.6709 357.839 128.995 0 0 0
A4399  ep = 2450400.5
1.90564 0.0644016 3.9721 301.164 192.327 21.8722 0 0 0
A4400  ep = 2450400.5
1.76493 0.00494851 9.69535 236.841 183.254 309.741 0 0 0
A4401  ep = 2450400.5
2.20919 0.099642 8.82265 97.1418 211.54 204.547 0 0 0
A4402  ep = 2450400.5
3.96757 0.00745094 3.27898 37.1987 81.2536 284.627 0 0 0
A4403  ep = 2450400.5
2.58925 0.0339777 8.62437 221.265 32.7292 14.708 0 0 0
A4404  ep = 2450400.5
2.54661 0.0849247 8.29534 117.197 108.329 288.739 0 0 0
A4405  ep = 2450400.5
2.56366 0.0539028 2.43915 3.15734 125.562 267.253 0 0 0
A4406  ep = 2450400.5
4.02963 0.0536848 6.79671 13.7316 143.445 6.07636 0 0 0
A4407  ep = 2450400.5
3.43261 0.00839098 2.27277 277.145 242.001 113.56 0 0 0
A4408  ep = 2450400.5
2.43566 0.0523327 1.55311 260.148 68.932 190.818 0 0 0
A4409  ep = 2450400.5
2.3265 0.0639254 6.93912 233.759 100.329 129.428 0 0 0
A4410  ep = 2450400.5
1.9145 0.0393267 3.64423 308.078 105.475 6.75204 0 0 0
A4411  ep = 2450400.5
3.13165 0.0727787 3.91527 312.829 299.832 184.131 0 0 0
A4412  ep = 2450400.5
1.56224 0.00598687 6.21372 300.109 175.213 62.63 0 0 0
A4413  ep = 2450400.5
2.80758 0.00828798 6.95996 36.5445 352.202 172.6 0 0 0
A4414  ep = 2450400.5
1.97569 0.0748305 7.76738 323.778 336.568 235.811 0 0 0
A4415  ep = 2450400.5
4.04098 0.0143672 8.69093 113.258 247.624 92.0257 0 0 0
A4416  ep = 2450400.5
3.34462 0.00255805 7.93133 303.021 291.197 190.269 0 0 0
A4417  ep = 2450400.5
2.06215 0.0779506 6.15421 155.759 356.621 179.908 0 0 0
A4418  ep = 2450400.5
3.06614 0.0252209 5.87745 245.482 216.869 132.59 0 0 0
A4419  ep = 2450400.5
2.7051 0.0533263 7.55198 304.867 254.392 56.6159 0 0 0
A4420  ep = 2450400.5
1.99768 0.0726456 0.55409 22.2825 338.125 157.183 0 0 0
A4421  ep = 2450400.5
1.64765 0.0949253 3.09212 209.539 135.688 285.907 0 0 0
A4422  ep = 2450400.5
3.2468 0.00407686 9.19783 320.886 358.293 92.351 0 0 0
A4423  ep = 2450400.5
2.04276 0.0767025 9.39408 286.75 186.897 353.418 0 0 0
A4424  ep = 2450400.5
3.73093 0.0449531 5.26037 148.857 295.825 163.915 0 0 0
A4425  ep = 2450400.5
3.08942 0.00176925 3.35748 206.338 202.511 179.638 0 0 0
A4426  ep = 2450400.5
2.86665 0.00507896 5.62059 297.416 244.293 116.258 0 0 0
A4427  ep = 2450400.5
3.55969 0.095942 6.97351 266.457 238.385 103.692 0 0 0
A4428  ep = 2450400.5
4.01244 0.0876799 3.35288 84.2837 79.9777 99.9799 0 0 0
A4429  ep = 2450400.5
2.19991 0.0627976 7.39691 23.023 353.472 235.671 0 0 0
A4430  ep = 2450400.5
4.06772 0.0277376 5.8568 196.429 20.7147 47.256 0 0 0
A4431  ep = 2450400.5
1.82866 0.0314058 3.37993 289.824 323.577 217.261 0 0 0
A4432  ep = 2450400.5
2.63823 0.0187559 1.30305 285.772 118.693 220.758 0 0 0
A4433  ep = 2450400.5
1.51877 0.0895846 2.48744 209.035 103.446 227.518 0 0 0
A4434  ep = 2450400.5
3.71717 0.0391383 4.96571 223.617 8.70811 126.953 0 0 0
A4435  ep = 2450400.5
3.17481 0.045282 2.54211 280.429 350.46 125.644 0 0 0
A4436  ep = 2450400.5
3.87586 0.076259 8.84816 138.236 230.009 124.954 0 0 0
A4437  ep = 2450400.5
1.54873 0.090032 3.68387 78.7085 234.414 149.283 0 0 0
A4438  ep = 2450400.5
1.68323 0.0716586 2.65777 324.463 70.2496 129.795 0 0 0
A4439  ep = 2450400.5
3.55777 0.0144392 5.79058 234.643 216.1 115.473 0 0 0
A4440  ep = 2450400.5
3.0724 0.054881 9.8492 173.993 42.7421 107.585 0 0 0
A4441  ep = 2450400.5
3.95322 0.0187363 9.00761 224.795 249.925 214.728 0 0 0
A4442  ep = 2450400.5
2.86046 0.00595796 2.35507 283.791 67.1158 255.05 0 0 0
A4443  ep = 2450400.5
2.52306 0.0692162 7.15968 124.971 241.144 121.519 0 0 0
A4444  ep = 2450400.5
3.35522 0.0189759 6.28475 74.422 47.6715 238.177 0 0 0
A4445  ep = 2450400.5
4.08778 0.0990543 0.0490465 218.523 59.8196 153.511 0 0 0
A4446  ep = 2450400.5
2.53192 0.099497 8.46353 275.402 273.414 137.907 0 0 0
A4447  ep = 2450400.5
1.62743 0.0994508 3.69302 71.5901 301.07 74.0955 0 0 0
A4448  ep = 2450400.5
2.03934 0.0354847 7.91502 357.255 300.876 107.859 0 0 0
A4449  ep = 2450400.5
2.92171 0.0826107 8.38744 247.304 21.4309 232.906 0 0 0
A4450  ep = 2450400.5
2.22191 0.0944131 3.01387 104.203 330.022 243.119 0 0 0
A4451  ep = 2450400.5
4.05455 0.0955702 8.48408 163.919 132.295 279.271 0 0 0
A4452  ep = 2450400.5
2.88034 0.0277139 2.87376 221.235 226.616 23.0276 0 0 0
A4453  ep = 2450400.5
2.13577 0.0684071 3.17844 3.37667 287.454 298.886 0 0 0
A4454  ep = 2450400.5
3.69815 0.0100342 3.44147 149.369 68.869 238.58 0 0 0
A4455  ep = 2450400.5
1.74359 0.0156608 7.10346 144.484 173.169 47.3302 0 0 0
A4456  ep = 2450400.5
3.01971 0.000168304 4.28678 13.5156 358.831 120.933 0 0 0
A4457  ep = 2450400.5
3.17853 0.0735783 8.29748 155.433 29.249 220.938 0 0 0
A4458  ep = 2450400.5
3.42017 0.0854786 1.38475 7.49292 145.131 150.882 0 0 0
A4459  ep = 2450400.5
3.42088 0.098258 6.21418 171.933 3.01245 226.816 0 0 0
A4460  ep = 2450400.5
2.61867 0.0318747 5.18132 299.399 294.659 162.53 0 0 0
A4461  ep = 2450400.5
2.39757 0.0705687 6.48674 43.0854 51.6188 167.508 0 0 0
A4462  ep = 2450400.5
2.09158 0.0361493 2.61795 12.4899 274.794 94.636 0 0 0
A4463  ep = 2450400.5
1.61692 0.0150368 8.23724 120.523 303.539 48.3306 0 0 0
A4464  ep = 2450400.5
4.02052 0.0533712 2.08938 176.73 352.797 100.251 0 0 0
A4465  ep = 2450400.5
1.79648 0.0411463 6.46226 320.193 345.885 85.0788 0 0 0
A4466  ep = 2450400.5
1.56612 0.0462513 2.45518 112.367 131.653 47.6113 0 0 0
A4467  ep = 2450400.5
3.23827 0.0983451 6.85772 121.782 119.218 145.739 0 0 0
A4468  ep = 2450400.5
2.5174 0.0647839 6.22311 260.615 333.265 185.236 0 0 0
A4469  ep = 2450400.5
2.76149 0.0941912 5.71158 319.937 96.7667 256.564 0 0 0
A4470  ep = 2450400.5
1.57389 0.00192164 9.97051 215.14 125.472 59.5778 0 0 0
A4471  ep = 2450400.5
2.68358 0.0192703 6.76597 169.11 276.869 240.789 0 0 0
A4472  ep = 2450400.5
2.34304 0.0170708 5.09557 101.301 151.02 154.315 0 0 0
A4473  ep = 2450400.5
1.76091 0.0766138 8.47338 76.6497 172.806 227.503 0 0 0
A4474  ep = 2450400.5
1.62818 0.0860322 0.436306 164.926 58.9378 347.47 0 0 0
A4475  ep = 2450400.5
3.68602 0.0303175 7.45688 316.046 240.144 324.536 0 0 0
A4476  ep = 2450400.5
3.06398 0.0288099 8.07911 266.657 167.232 74.6842 0 0 0
A4477  ep = 2450400.5
3.76129 0.0166112 4.84396 137.692 74.5068 166.822 0 0 0
A4478  ep = 2450400.5
2.32939 0.0588939 6.30609 192.112 132.148 99.7169 0 0 0
A4479  ep = 2450400.5
1.89142 0.0169233 3.295 279.643 343.158 221.124 0 0 0
A4480  ep = 2450400.5
3.38316 0.035839 8.461 171.921 73.9373 89.129 0 0 0
A4481  ep = 2450400.5
3.43065 0.0978938 3.00494 101.024 281.258 115.624 0 0 0
A4482  ep = 2450400.5
3.30441 0.0431452 9.41411 185.947 67.7929 93.009 0 0 0
A4483  ep = 2450400.5
1.68636 0.0845975 8.29756 54.4966 269.554 272.883 0 0 0
A4484  ep = 2450400.5
4.01651 0.00185402 2.60479 221.645 265.243 146.74 0 0 0
A4485  ep = 2450400.5
2.66765 0.00531999 5.13088 57.2808 133.708 30.2132 0 0 0
A4486  ep = 2450400.5
1.70624 0.0800774 1.60063 94.1267 169.387 7.48919 0 0 0
A4487  ep = 2450400.5
2.39146 0.0967735 0.72133 193.714 202.897 178.394 0 0 0
A4488  ep = 2450400.5
2.57958 0.0409503 5.51968 354.65 107.283 113.962 0 0 0
A4489  ep = 2450400.5
3.66357 0.0288885 6.28925 192.636 292.585 120.339 0 0 0
A4490  ep = 2450400.5
1.844 0.0706209 7.25779 358.992 303.993 197.598 0 0 0
A4491  ep = 2450400.5
3.35541 0.067736 6.38414 241.247 220.743 180.878 0 0 0
A4492  ep = 2450400.5
3.56188 0.0518306 5.17352 147.658 251.666 54.7349 0 0 0
A4493  ep = 2450400.5
3.45039 0.0932905 3.33332 15.3466 218.239 1.83342 0 0 0
A4494  ep = 2450400.5
2.21882 0.0999451 0.778119 302.448 46.5693 49.9053 0 0 0
A4495  ep = 2450400.5
2.93134 0.0050575 0.014045 22.371 311.495 41.1579 0 0 0
A4496  ep = 2450400.5
2.18995 0.0532071 1.52093 98.9374 11.9415 105.214 0 0 0
A4497  ep = 2450400.5
2.77255 0.0275489 4.13632 197.657 332.717 180.156 0 0 0
A4498  ep = 2450400.5
2.1548 0.00394359 4.7997 134.127 203.392 295.305 0 0 0
A4499  ep = 2450400.5
3.24483 0.0841499 0.0671856 53.5186 149.508 303.132 0 0 0
A4500  ep = 2450400.5
2.61413 0.0826295 2.53184 243.854 24.3238 103.021 0 0 0
A4501  ep = 2450400.5
2.87828 0.0851585 5.59124 200.051 5.84964 255.923 0 0 0
A4502  ep = 2450400.5
3.51352 0.0363502 7.37599 234.574 62.5457 27.5193 0 0 0
A4503  ep = 2450400.5
3.07776 0.0367525 1.9915 30.4637 116.389 179.035 0 0 0
A4504  ep = 2450400.5
4.00907 0.0146218 5.49027 200.813 97.2674 130.543 0 0 0
A4505  ep = 2450400.5
2.42466 0.0171056 0.939532 92.3062 176.382 260.624 0 0 0
A4506  ep = 2450400.5
2.5344 0.0590273 0.71382 291 348.754 131.487 0 0 0
A4507  ep = 2450400.5
3.65181 0.076696 9.29418 208.49 334.855 318.861 0 0 0
A4508  ep = 2450400.5
3.11856 0.0301378 4.2684 139.26 126.8 150.373 0 0 0
A4509  ep = 2450400.5
2.98227 0.0161643 0.734291 112.415 171.329 341.64 0 0 0
A4510  ep = 2450400.5
1.66904 0.0891724 2.19695 333.761 99.3569 92.6545 0 0 0
A4511  ep = 2450400.5
3.76347 0.0170899 8.29518 315.647 59.5859 105.33 0 0 0
A4512  ep = 2450400.5
2.00297 0.0512024 9.59283 353.487 257.714 13.0322 0 0 0
A4513  ep = 2450400.5
3.48231 0.0560279 1.61532 341.473 305.875 322.384 0 0 0
A4514  ep = 2450400.5
3.03116 0.097964 9.81438 344.563 323.726 55.6566 0 0 0
A4515  ep = 2450400.5
1.76322 0.00941954 3.14274 239.309 276.459 78.817 0 0 0
A4516  ep = 2450400.5
2.9278 0.0961819 1.29409 70.2051 235.055 273.333 0 0 0
A4517  ep = 2450400.5
3.69341 0.00112957 7.84656 244.96 253.577 174.181 0 0 0
A4518  ep = 2450400.5
3.98811 0.0410286 8.6845 354.918 189.381 98.1816 0 0 0
A4519  ep = 2450400.5
1.94079 0.0968451 1.76286 299.728 33.5767 291.535 0 0 0
A4520  ep = 2450400.5
1.9534 0.0154625 7.78057 175.055 327.276 99.1276 0 0 0
A4521  ep = 2450400.5
3.48253 0.0977707 2.32086 112.386 48.7094 352.819 0 0 0
A4522  ep = 2450400.5
3.94547 0.0168873 0.249185 333.82 302.197 133.488 0 0 0
A4523  ep = 2450400.5
3.66473 0.0688044 7.94949 313.208 348.246 311.334 0 0 0
A4524  ep = 2450400.5
3.27007 0.0866048 7.67117 275.024 223.024 215.033 0 0 0
A4525  ep = 2450400.5
2.56825 0.0203974 5.19184 128.772 241.141 188.227 0 0 0
A4526  ep = 2450400.5
3.79075 0.0577326 1.11123 142.899 81.9563 115.704 0 0 0
A4527  ep = 2450400.5
1.79775 0.0327754 6.56374 180.216 272.086 308.241 0 0 0
A4528  ep = 2450400.5
2.52936 0.0208266 8.31869 244.971 221.405 267.53 0 0 0
A4529  ep = 2450400.5
3.55489 0.0785712 0.469166 295.148 163.726 218.226 0 0 0
A4530  ep = 2450400.5
1.50344 0.0798279 2.68223 72.5076 237.023 158.314 0 0 0
A4531  ep = 2450400.5
2.51305 0.019125 2.34395 163.569 27.8923 319.052 0 0 0
A4532  ep = 2450400.5
3.99144 0.0280821 3.75606 147.69 241.287 151.962 0 0 0
A4533  ep = 2450400.5
3.93944 0.0561768 9.63742 197.295 79.2463 91.2197 0 0 0
A4534  ep = 2450400.5
2.79719 0.0629196 0.889528 305.288 229.936 253.623 0 0 0
A4535  ep = 2450400.5
1.53184 0.080159 4.32134 297.286 115.409 74.2406 0 0 0
A4536  ep = 2450400.5
2.01127 0.0791512 5.94443 182.134 167.091 348.889 0 0 0
A4537  ep = 2450400.5
1.94334 0.0383029 3.56772 158.204 166.091 291.066 0 0 0
A4538  ep = 2450400.5
3.08766 0.0590516 8.80254 288.132 179.809 300.959 0 0 0
A4539  ep = 2450400.5
3.25865 0.0161764 2.76731 55.2319 265.611 236.185 0 0 0
A4540  ep = 2450400.5
3.0999 0.0308883 7.39084 99.3856 227.928 146.374 0 0 0
A4541  ep = 2450400.5
2.0373 0.0684525 5.81281 234.189 114.846 205.403 0 0 0
A4542  ep = 2450400.5
2.60456 0.0104866 9.49109 288.357 109.457 208.914 0 0 0
A4543  ep = 2450400.5
1.96079 0.0808664 4.20787 18.9773 304.391 278.86 0 0 0
A4544  ep = 2450400.5
2.49851 0.0167638 9.49966 215.055 263.115 235.249 0 0 0
A4545  ep = 2450400.5
1.61679 0.0324634 2.12313 275.487 295.613 59.6488 0 0 0
A4546  ep = 2450400.5
3.92416 0.0387538 4.35939 3.44045 46.6706 13.8098 0 0 0
A4547  ep = 2450400.5
3.16622 0.0745068 2.36002 351.699 256.287 112.048 0 0 0
A4548  ep = 2450400.5
2.72687 0.029869 7.09069 63.293 232.454 330.373 0 0 0
A4549  ep = 2450400.5
2.15887 0.0802835 1.24595 208.942 101.493 90.8677 0 0 0
A4550  ep = 2450400.5
3.91981 0.00963953 7.11504 158.232 119.117 41.7831 0 0 0
A4551  ep = 2450400.5
2.67979 0.0527425 2.43727 49.9047 232.812 116.219 0 0 0
A4552  ep = 2450400.5
2.32539 0.0709257 8.4769 52.3755 250.352 105.749 0 0 0
A4553  ep = 2450400.5
3.45336 0.0794845 3.95258 259.969 33.05 328.111 0 0 0
A4554  ep = 2450400.5
3.43468 0.0817062 5.35867 186.311 120.356 202.921 0 0 0
A4555  ep = 2450400.5
2.43326 0.056476 8.9216 28.0668 5.23084 325.42 0 0 0
A4556  ep = 2450400.5
2.92228 0.0756501 3.51521 100.628 290.609 231.543 0 0 0
A4557  ep = 2450400.5
3.9188 0.0436685 4.36168 249.858 154.381 262.357 0 0 0
A4558  ep = 2450400.5
3.35952 0.00814346 8.67205 145.057 311.725 228.019 0 0 0
A4559  ep = 2450400.5
1.95877 0.0488023 4.20112 186.65 51.3909 26.4559 0 0 0
A4560  ep = 2450400.5
2.45813 0.0410251 9.09095 333.566 303.846 44.3649 0 0 0
A4561  ep = 2450400.5
2.5544 0.0880931 1.81418 173.644 237.712 232.592 0 0 0
A4562  ep = 2450400.5
3.79767 0.0781301 4.32976 124.53 28.3008 240.306 0 0 0
A4563  ep = 2450400.5
3.30995 0.0263662 7.36538 4.9711 40.7899 307.188 0 0 0
A4564  ep = 2450400.5
3.74325 0.0833522 5.99912 213.912 216.368 324.696 0 0 0
A4565  ep = 2450400.5
3.71393 0.0804768 2.73399 334.195 294.572 158.774 0 0 0
A4566  ep = 2450400.5
2.23008 0.0570263 7.41713 30.5201 163.59 142.724 0 0 0
A4567  ep = 2450400.5
3.7337 0.0119907 1.28388 131.27 232.149 144.369 0 0 0
A4568  ep = 2450400.5
3.82088 0.0836491 5.91032 333.045 131.732 18.8447 0 0 0
A4569  ep = 2450400.5
2.82207 0.0556274 7.29561 248.442 151.502 292.967 0 0 0
A4570  ep = 2450400.5
1.88237 0.0140271 1.53776 343.097 203.219 278.035 0 0 0
A4571  ep = 2450400.5
1.88091 0.0647416 7.11718 6.27423 265.317 339.171 0 0 0
A4572  ep = 2450400.5
2.21844 0.0437417 6.65958 282.48 53.3842 84.4909 0 0 0
A4573  ep = 2450400.5
1.65317 0.061938 0.913553 63.6319 310.356 329.495 0 0 0
A4574  ep = 2450400.5
3.60864 0.0270267 4.37807 339.594 358.301 195.865 0 0 0
A4575  ep = 2450400.5
3.34099 0.0102733 2.62666 342.9 46.1986 174.396 0 0 0
A4576  ep = 2450400.5
2.08867 0.0138519 6.09651 124.485 313.36 247.504 0 0 0
A4577  ep = 2450400.5
1.76531 0.0276066 3.83971 208.071 117.119 161.624 0 0 0
A4578  ep = 2450400.5
2.25554 0.0570676 4.35853 117.77 163.172 138.77 0 0 0
A4579  ep = 2450400.5
3.4567 0.0313783 9.74523 314.153 353.614 205.863 0 0 0
A4580  ep = 2450400.5
3.42036 0.0708788 9.60226 148.48 244.006 205.961 0 0 0
A4581  ep = 2450400.5
2.24755 0.0518098 0.665866 268.442 341.914 221.091 0 0 0
A4582  ep = 2450400.5
1.67003 0.0437807 7.22602 287.68 43.0879 288.63 0 0 0
A4583  ep = 2450400.5
2.52711 0.0614925 6.04096 163.151 40.7641 12.3885 0 0 0
A4584  ep = 2450400.5
2.54703 0.0215897 5.58609 252.092 260.517 173.002 0 0 0
A4585  ep = 2450400.5
2.69657 0.033947 9.47336 156.066 42.6442 28.8234 0 0 0
A4586  ep = 2450400.5
1.82415 0.0121926 4.2159 59.2163 56.8493 131.101 0 0 0
A4587  ep = 2450400.5
1.67662 0.0210661 4.57189 24.9567 93.9492 259.116 0 0 0
A4588  ep = 2450400.5
3.88369 0.0835878 0.606211 240.145 28.78 136.468 0 0 0
A4589  ep = 2450400.5
3.65877 0.0588869 3.11469 130.07 121.524 278.162 0 0 0
A4590  ep = 2450400.5
3.04407 0.0443234 6.42738 183.237 330.056 144.635 0 0 0
A4591  ep = 2450400.5
2.64311 0.0688595 3.2139 321.963 115.201 60.0222 0 0 0
A4592  ep = 2450400.5
2.86693 0.0309418 1.39004 113.699 295.532 175.908 0 0 0
A4593  ep = 2450400.5
2.84934 0.0454402 5.13783 71.7913 301.209 210.552 0 0 0
A4594  ep = 2450400.5
1.82881 0.0808855 2.43264 326.839 92.2706 54.0762 0 0 0
A4595  ep = 2450400.5
3.11027 0.0980145 7.30219 192.113 283.253 201.201 0 0 0
A4596  ep = 2450400.5
2.2255 0.0466262 3.47007 57.2467 297.735 138.608 0 0 0
A4597  ep = 2450400.5
3.25659 0.0790608 0.742746 165.291 123.59 70.9793 0 0 0
A4598  ep = 2450400.5
1.7166 0.0612544 5.02892 304.388 227.91 326.435 0 0 0
A4599  ep = 2450400.5
3.2673 0.0197679 4.38667 114.818 166.294 99.0967 0 0 0
A4600  ep = 2450400.5
1.83111 0.0645288 8.359 17.6715 95.4395 272.378 0 0 0
A4601  ep = 2450400.5
2.76267 0.0154026 9.71421 322.934 203.728 300.872 0 0 0
A4602  ep = 2450400.5
2.65238 0.0770619 4.78894 223.392 11.0237 183.335 0 0 0
A4603  ep = 2450400.5
2.79115 0.0238508 9.60138 110.504 221.034 89.9547 0 0 0
A4604  ep = 2450400.5
3.02306 0.0266381 5.06365 19.5147 209.082 70.2664 0 0 0
A4605  ep = 2450400.5
4.05753 0.0976684 8.1333 112.737 46.7844 157.714 0 0 0
A4606  ep = 2450400.5
2.99494 0.0804979 9.27974 119.697 318.835 207.431 0 0 0
A4607  ep = 2450400.5
3.82533 0.0953474 4.04333 127.484 152.322 313.403 0 0 0
A4608  ep = 2450400.5
3.50134 0.0484585 9.42543 125.886 134.148 200.49 0 0 0
A4609  ep = 2450400.5
4.04174 0.0674563 2.38616 127.083 297.329 288.147 0 0 0
A4610  ep = 2450400.5
1.52289 0.0306708 2.84946 122.091 65.434 210.684 0 0 0
A4611  ep = 2450400.5
2.68407 0.0416708 0.616298 349.728 72.4055 162.51 0 0 0
A4612  ep = 2450400.5
1.66284 0.0816674 8.83378 229.375 156.647 263.589 0 0 0
A4613  ep = 2450400.5
1.96722 0.0833746 0.777093 300.98 280.367 230.215 0 0 0
A4614  ep = 2450400.5
3.71285 0.007812 6.96336 239.948 55.0387 297.866 0 0 0
A4615  ep = 2450400.5
1.5155 0.0554292 7.9891 102.74 203.157 180.181 0 0 0
A4616  ep = 2450400.5
2.77548 0.0324806 6.00921 49.5284 48.9907 64.0096 0 0 0
A4617  ep = 2450400.5
3.14764 0.0451859 6.39021 289.033 323.624 192.953 0 0 0
A4618  ep = 2450400.5
3.22861 0.0239783 6.04009 185.874 359.599 160.943 0 0 0
A4619  ep = 2450400.5
3.79878 0.0579416 6.24941 247.204 345.546 313.67 0 0 0
A4620  ep = 2450400.5
3.73977 0.0741094 5.56007 3.1733 34.5189 232.911 0 0 0
A4621  ep = 2450400.5
1.64331 0.075885 2.99774 92.6466 225.498 70.5527 0 0 0
A4622  ep = 2450400.5
1.88383 0.023151 5.98688 165.101 228.244 104.544 0 0 0
A4623  ep = 2450400.5
1.62309 0.0157207 6.1818 19.1923 176.917 262.658 0 0 0
A4624  ep = 2450400.5
2.73395 0.0820579 9.47432 83.0176 93.2107 3.44257 0 0 0
A4625  ep = 2450400.5
1.72436 0.0224293 7.69382 74.3289 295.664 128.176 0 0 0
A4626  ep = 2450400.5
1.80719 0.0193159 5.42898 316.682 97.6554 241.443 0 0 0
A4627  ep = 2450400.5
3.40933 0.0799535 8.78781 93.7813 223.817 33.8004 0 0 0
A4628  ep = 2450400.5
2.59817 0.0464516 5.11339 294.706 230.958 343.441 0 0 0
A4629  ep = 2450400.5
3.50773 0.0497939 3.8562 293.894 26.9844 173.725 0 0 0
A4630  ep = 2450400.5
3.01369 0.045414 1.73735 271.876 29.9037 316.105 0 0 0
A4631  ep = 2450400.5
3.59378 0.078026 3.82503 245.22 232.451 114.671 0 0 0
A4632  ep = 2450400.5
3.09458 0.0837912 7.77868 127.798 114.155 240.504 0 0 0
A4633  ep = 2450400.5
3.85869 0.0913862 3.28604 141.106 244.191 339.937 0 0 0
A4634  ep = 2450400.5
3.14475 0.0208003 3.91124 80.5667 314.937 68.2128 0 0 0
A4635  ep = 2450400.5
2.74605 0.0440268 1.58099 153.761 52.4726 185.969 0 0 0
A4636  ep = 2450400.5
2.685 0.00712849 0.084688 15.7192 9.02784 33.6064 0 0 0
A4637  ep = 2450400.5
2.00051 0.00580401 0.480339 142.058 295.483 191.033 0 0 0
A4638  ep = 2450400.5
2.00778 0.0566029 5.25457 284.453 224.577 335.789 0 0 0
A4639  ep = 2450400.5
1.83797 0.0816286 7.3127 139.665 355.862 282.121 0 0 0
A4640  ep = 2450400.5
2.29524 0.0616242 4.18697 89.8408 205.102 233.939 0 0 0
A4641  ep = 2450400.5
3.0055 0.0832963 8.61742 179.144 287.297 249.903 0 0 0
A4642  ep = 2450400.5
2.02455 0.0834894 3.0595 162.727 106.435 179.517 0 0 0
A4643  ep = 2450400.5
1.53584 0.0525586 7.51604 318.815 233.603 347.457 0 0 0
A4644  ep = 2450400.5
3.6824 0.0306915 3.32838 173.724 59.8643 125.581 0 0 0
A4645  ep = 2450400.5
4.08802 0.0692177 6.42668 345.446 318.498 131.446 0 0 0
A4646  ep = 2450400.5
2.83953 0.052859 2.01925 303.712 127.144 7.29508 0 0 0
A4647  ep = 2450400.5
3.50022 0.0338866 1.32301 283.033 32.905 257.638 0 0 0
A4648  ep = 2450400.5
3.10567 0.078704 3.78806 357.16 149.891 127.992 0 0 0
A4649  ep = 2450400.5
2.58617 0.0411122 4.72786 182.662 265.265 324.394 0 0 0
A4650  ep = 2450400.5
3.63605 0.0673727 6.32133 84.7136 299.064 175.891 0 0 0
A4651  ep = 2450400.5
1.87141 0.0835487 8.03306 262.636 58.962 202.965 0 0 0
A4652  ep = 2450400.5
3.94851 0.0548541 2.32803 346.888 217.633 138.663 0 0 0
A4653  ep = 2450400.5
2.28831 0.017323 6.48013 184.04 45.5987 112.609 0 0 0
A4654  ep = 2450400.5
3.16932 0.0452012 0.972115 97.7172 221.47 144.878 0 0 0
A4655  ep = 2450400.5
3.79697 0.00455352 3.31021 114.908 63.2147 78.0631 0 0 0
A4656  ep = 2450400.5
3.74304 0.0718154 9.01425 322.238 281.902 205.691 0 0 0
A4657  ep = 2450400.5
3.45748 0.0682655 5.37481 158.48 34.0157 358.285 0 0 0
A4658  ep = 2450400.5
1.77587 0.0570727 2.20598 174.47 32.7408 140.808 0 0 0
A4659  ep = 2450400.5
2.35082 0.0302235 2.66941 258.656 9.08081 66.4303 0 0 0
A4660  ep = 2450400.5
3.16468 0.0144855 0.582128 82.2768 33.0562 298.787 0 0 0
A4661  ep = 2450400.5
3.59714 0.0949148 6.32534 318.148 129.55 152.679 0 0 0
A4662  ep = 2450400.5
2.21378 0.0170126 7.30162 59.5339 177.501 211.541 0 0 0
A4663  ep = 2450400.5
3.22082 0.074088 3.97 183.678 154.196 304.84 0 0 0
A4664  ep = 2450400.5
3.74182 0.0487838 7.09463 348.252 156.222 51.2246 0 0 0
A4665  ep = 2450400.5
3.01569 0.0245864 4.23506 318.16 279.312 329.956 0 0 0
A4666  ep = 2450400.5
3.4245 0.0419311 3.36719 62.0446 64.4884 261.853 0 0 0
A4667  ep = 2450400.5
2.63779 0.0295237 0.0427532 132.042 75.3703 134.913 0 0 0
A4668  ep = 2450400.5
3.78266 0.0389342 6.66984 296.58 244.659 286.116 0 0 0
A4669  ep = 2450400.5
2.17877 0.0789054 6.63633 296.373 102.449 251.3 0 0 0
A4670  ep = 2450400.5
1.66721 0.0442535 9.6866 53.6237 97.5556 46.3248 0 0 0
A4671  ep = 2450400.5
3.38482 0.0362534 5.10742 89.3693 306.748 308.534 0 0 0
A4672  ep = 2450400.5
2.1056 0.0490404 6.21265 125.299 42.6154 190.352 0 0 0
A4673  ep = 2450400.5
1.69359 0.0673253 1.35936 315.774 178.102 216.18 0 0 0
A4674  ep = 2450400.5
3.64692 0.0788445 1.39701 217.618 179.212 35.3111 0 0 0
A4675  ep = 2450400.5
3.69013 0.0267799 7.89022 7.09074 120.062 138.755 0 0 0
A4676  ep = 2450400.5
2.99757 0.0550888 6.77817 118.967 110.464 307.049 0 0 0
A4677  ep = 2450400.5
3.30232 0.0590171 2.00432 180.64 41.4722 128.625 0 0 0
A4678  ep = 2450400.5
2.83071 0.00600266 9.86646 289.777 191.136 217.356 0 0 0
A4679  ep = 2450400.5
1.64504 0.0728543 6.61986 212.727 233.553 66.8921 0 0 0
A4680  ep = 2450400.5
2.81431 0.0899768 6.40758 320.189 150.186 295.134 0 0 0
A4681  ep = 2450400.5
3.66072 0.0259683 9.48875 212.269 305.436 309.06 0 0 0
A4682  ep = 2450400.5
3.15196 0.0622104 6.70185 98.6591 207.603 21.7747 0 0 0
A4683  ep = 2450400.5
1.64902 0.0323143 0.0638677 121.051 98.6629 340.445 0 0 0
A4684  ep = 2450400.5
4.08302 0.0702122 5.55825 209.965 57.0918 266.98 0 0 0
A4685  ep = 2450400.5
1.93174 0.0202163 0.747135 321.223 102.53 267.87 0 0 0
A4686  ep = 2450400.5
2.22401 0.0976355 0.593811 325.802 83.1993 166.629 0 0 0
A4687  ep = 2450400.5
3.35748 0.0801536 5.41042 213.627 358.097 314.671 0 0 0
A4688  ep = 2450400.5
2.60121 0.00970578 6.25112 322.756 250.89 111.238 0 0 0
A4689  ep = 2450400.5
3.78058 0.0948971 0.35717 110.319 145.509 276.914 0 0 0
A4690  ep = 2450400.5
1.92127 0.0283887 7.29273 175.76 273.676 294.948 0 0 0
A4691  ep = 2450400.5
3.48906 0.0276047 7.52515 70.7816 293.138 300.807 0 0 0
A4692  ep = 2450400.5
3.9744 0.0855178 6.9757 16.2482 44.4614 208.365 0 0 0
A4693  ep = 2450400.5
3.54493 0.0955912 4.01334 31.3613 159.017 239.806 0 0 0
A4694  ep = 2450400.5
2.19807 0.0621473 9.08966 260.356 164.269 283.486 0 0 0
A4695  ep = 2450400.5
3.39882 0.0856545 4.95558 203.907 339.484 196.284 0 0 0
A4696  ep = 2450400.5
2.51256 0.0563376 6.66125 223.025 176.896 276.516 0 0 0
A4697  ep = 2450400.5
1.7906 0.0492094 7.62141 330.679 301.157 351.522 0 0 0
A4698  ep = 2450400.5
2.7658 0.0582965 3.90092 107.696 270.908 258.243 0 0 0
A4699  ep = 2450400.5
3.65243 0.0348487 8.02879 252.294 325.424 33.5028 0 0 0
A4700  ep = 2450400.5
2.39902 0.0122996 9.18805 139.298 41.6898 194.429 0 0 0
A4701  ep = 2450400.5
3.09183 0.0657823 7.03263 188.934 206.755 359.915 0 0 0
A4702  ep = 2450400.5
3.26751 0.0666306 0.602493 273.113 331.011 290.012 0 0 0
A4703  ep = 2450400.5
3.21196 0.0761614 1.44416 211.525 238.142 173.814 0 0 0
A4704  ep = 2450400.5
3.61392 0.016034 9.84145 78.0467 121.946 64.8881 0 0 0
A4705  ep = 2450400.5
2.60566 0.0627324 1.42987 357.574 119.471 117.38 0 0 0
A4706  ep = 2450400.5
3.5007 0.0374771 0.772966 28.5416 226.842 341.269 0 0 0
A4707  ep = 2450400.5
3.51964 0.04068 4.08386 113.82 40.2746 96.4307 0 0 0
A4708  ep = 2450400.5
4.03156 0.0476883 9.97397 260.236 264.681 129.638 0 0 0
A4709  ep = 2450400.5
3.88343 0.0778965 1.06767 327.891 229.334 22.3556 0 0 0
A4710  ep = 2450400.5
3.10927 0.00181411 0.897197 83.104 38.0824 313.151 0 0 0
A4711  ep = 2450400.5
1.68303 0.0597687 8.3292 120.253 166.158 312.483 0 0 0
A4712  ep = 2450400.5
1.56657 0.0247645 1.16887 72.7932 36.8773 262.24 0 0 0
A4713  ep = 2450400.5
3.52187 0.000466376 9.38384 182.275 33.4168 333.391 0 0 0
A4714  ep = 2450400.5
3.61679 0.0298792 4.80082 45.8563 125.891 26.0447 0 0 0
A4715  ep = 2450400.5
1.53722 0.0458285 1.39799 217.259 180.753 230.991 0 0 0
A4716  ep = 2450400.5
2.55029 0.0115 7.81229 289.313 332.273 197.387 0 0 0
A4717  ep = 2450400.5
3.97414 0.0868618 2.8607 221.037 213.311 179.007 0 0 0
A4718  ep = 2450400.5
1.64989 0.0229025 4.2227 167.685 171.059 213.383 0 0 0
A4719  ep = 2450400.5
3.3799 0.0880203 2.57636 166.803 115.763 292.619 0 0 0
A4720  ep = 2450400.5
2.38881 0.0653737 8.36524 304.178 291.929 58.5095 0 0 0
A4721  ep = 2450400.5
2.96372 0.0800298 1.60101 289.969 107.281 285.446 0 0 0
A4722  ep = 2450400.5
3.99927 0.0679904 9.15302 287.985 170.857 56.2979 0 0 0
A4723  ep = 2450400.5
2.41546 0.0117271 1.97652 266.905 312.25 292.059 0 0 0
A4724  ep = 2450400.5
2.51289 0.0593215 0.158458 163.232 218.265 214.165 0 0 0
A4725  ep = 2450400.5
3.73061 0.0959762 3.72076 147.448 214.342 246.671 0 0 0
A4726  ep = 2450400.5
2.70989 0.00832475 6.14023 309.666 26.1044 19.4628 0 0 0
A4727  ep = 2450400.5
3.73543 0.0211724 9.44824 49.4296 238.719 45.618 0 0 0
A4728  ep = 2450400.5
3.61909 0.0572255 8.88211 191.719 216.405 136.069 0 0 0
A4729  ep = 2450400.5
3.27941 0.018615 8.62879 106.031 92.897 266.805 0 0 0
A4730  ep = 2450400.5
3.36608 0.0655572 9.20458 323.613 319.262 276.997 0 0 0
A4731  ep = 2450400.5
3.22658 0.0889946 9.31558 177.928 321.799 45.5221 0 0 0
A4732  ep = 2450400.5
2.66596 0.086119 5.01506 151.119 177.363 44.9112 0 0 0
A4733  ep = 2450400.5
1.68981 0.0618567 3.25053 278.04 298.362 172.509 0 0 0
A4734  ep = 2450400.5
3.97929 0.0953821 5.86705 272.494 107.947 243.054 0 0 0
A4735  ep = 2450400.5
2.82567 0.0516479 3.45855 70.5466 175.537 58.8334 0 0 0
A4736  ep = 2450400.5
2.42016 0.0238194 0.329737 83.4048 48.8753 259.924 0 0 0
A4737  ep = 2450400.5
1.51208 0.099472 0.253919 157.189 117.237 15.7843 0 0 0
A4738  ep = 2450400.5
2.07314 0.0814578 8.6119 18.1162 294.578 4.43362 0 0 0
A4739  ep = 2450400.5
2.48219 0.0185651 6.23911 252.261 293.205 347.105 0 0 0
A4740  ep = 2450400.5
3.92214 0.0632553 2.31972 14.1407 359.368 87.7261 0 0 0
A4741  ep = 2450400.5
2.02484 0.029686 4.32959 135.644 338.196 329.19 0 0 0
A4742  ep = 2450400.5
2.35563 0.0746879 9.80227 303.232 158.076 121.586 0 0 0
A4743  ep = 2450400.5
2.09651 0.0819272 7.50043 109.356 39.0229 199.544 0 0 0
A4744  ep = 2450400.5
3.30162 0.0309614 7.67481 124.031 9.60555 184.769 0 0 0
A4745  ep = 2450400.5
1.58877 0.0764992 4.22547 331.611 247.176 78.5737 0 0 0
A4746  ep = 2450400.5
3.77005 0.0657875 9.90742 265.963 56.2806 211.28 0 0 0
A4747  ep = 2450400.5
3.94398 0.0227515 8.84806 219.376 350.72 178.469 0 0 0
A4748  ep = 2450400.5
4.09477 0.0527934 4.98333 173.425 38.7264 285.917 0 0 0
A4749  ep = 2450400.5
2.03483 0.0976908 1.89384 60.0723 295.311 301.464 0 0 0
A4750  ep = 2450400.5
3.20076 0.00192044 9.76885 135.458 115.659 164.379 0 0 0
A4751  ep = 2450400.5
3.25309 0.0494673 9.96431 26.2901 118.084 273.429 0 0 0
A4752  ep = 2450400.5
4.01911 0.0098229 1.93441 169.119 188.361 285.26 0 0 0
A4753  ep = 2450400.5
3.13985 0.048248 0.0384407 31.3768 140.822 60.8813 0 0 0
A4754  ep = 2450400.5
3.90838 0.0963176 5.10452 60.0086 317.667 87.7365 0 0 0
A4755  ep = 2450400.5
3.5053 0.0209767 6.54735 352.485 358.102 358.014 0 0 0
A4756  ep = 2450400.5
2.76674 0.0373597 7.03768 165.937 305.665 72.6831 0 0 0
A4757  ep = 2450400.5
2.22812 0.00154342 0.40281 99.0791 228.376 142.585 0 0 0
A4758  ep = 2450400.5
1.59432 0.0895632 3.88867 314.062 92.2188 192.18 0 0 0
A4759  ep = 2450400.5
1.56806 0.0165099 5.81301 2.46202 150.787 261.126 0 0 0
A4760  ep = 2450400.5
3.72571 0.0225572 2.19126 356.006 315.581 302.14 0 0 0
A4761  ep = 2450400.5
2.17393 0.04087 2.02767 13.7897 72.7856 89.9486 0 0 0
A4762  ep = 2450400.5
2.05689 0.05564 5.41631 359.305 297.374 179.552 0 0 0
A4763  ep = 2450400.5
2.35873 0.0566564 0.234621 306.8 260.5 252.205 0 0 0
A4764  ep = 2450400.5
1.6477 0.0551516 6.33276 348.015 197.631 17.089 0 0 0
A4765  ep = 2450400.5
1.80736 0.0694136 5.3465 276.445 184.346 295.804 0 0 0
A4766  ep = 2450400.5
3.93251 0.0812074 7.52259 195.344 205.176 357.945 0 0 0
A4767  ep = 2450400.5
3.99863 0.0795687 2.10656 38.4391 52.0661 208.252 0 0 0
A4768  ep = 2450400.5
3.9407 0.00945402 4.93792 162.626 113.083 307.897 0 0 0
A4769  ep = 2450400.5
4.03504 0.0464835 6.47976 329.652 174.732 246.899 0 0 0
A4770  ep = 2450400.5
3.10869 0.0435428 1.23536 193.23 68.7535 353.202 0 0 0
A4771  ep = 2450400.5
2.26543 0.0394006 7.06387 197.897 67.2061 316.712 0 0 0
A4772  ep = 2450400.5
2.56018 0.00240494 8.19786 298.208 343.48 217.36 0 0 0
A4773  ep = 2450400.5
3.30843 0.0616795 3.48134 167.809 227.023 331.761 0 0 0
A4774  ep = 2450400.5
2.20252 0.0951166 4.25437 35.4533 77.7327 276.44 0 0 0
A4775  ep = 2450400.5
1.80629 0.0090155 0.235185 131.007 212.406 320.832 0 0 0
A4776  ep = 2450400.5
4.01653 0.0752546 5.04063 252.127 171.041 253.145 0 0 0
A4777  ep = 2450400.5
3.10331 0.0211788 6.51793 26.2982 53.7464 236.535 0 0 0
A4778  ep = 2450400.5
1.51587 0.0262502 2.86372 124.185 200.715 323.884 0 0 0
A4779  ep = 2450400.5
2.10253 0.0603459 4.3299 3.35437 157.649 182.549 0 0 0
A4780  ep = 2450400.5
2.38283 0.018934 3.23005 12.029 125.751 263.113 0 0 0
A4781  ep = 2450400.5
2.62827 0.0834391 9.61185 321.188 110.536 230.358 0 0 0
A4782  ep = 2450400.5
3.54342 0.0902678 1.3141 199.266 141.219 118.165 0 0 0
A4783  ep = 2450400.5
2.30754 0.051633 8.95268 260.568 108.525 311.947 0 0 0
A4784  ep = 2450400.5
2.25905 0.0392517 1.03748 1.00276 277.878 80.0961 0 0 0
A4785  ep = 2450400.5
4.04736 0.0666147 6.93537 61.642 0.862251 340.819 0 0 0
A4786  ep = 2450400.5
1.82771 0.0239132 1.09697 295.799 82.202 214.373 0 0 0
A4787  ep = 2450400.5
1.75087 0.0401591 9.54016 245.165 301.607 15.7735 0 0 0
A4788  ep = 2450400.5
2.03731 0.0490122 3.47265 328.714 326.802 337.015 0 0 0
A4789  ep = 2450400.5
2.09671 0.0686545 9.76152 172.086 93.4056 159.435 0 0 0
A4790  ep = 2450400.5
1.72023 0.0105465 8.54837 352.976 171.996 83.5982 0 0 0
A4791  ep = 2450400.5
2.05366 0.0305467 2.98024 137.098 148.211 141.945 0 0 0
A4792  ep = 2450400.5
3.47691 0.0772525 0.835937 139.262 82.5381 38.089 0 0 0
A4793  ep = 2450400.5
2.03176 0.0836301 7.71324 348.515 134.782 279.072 0 0 0
A4794  ep = 2450400.5
1.89405 0.083991 4.36975 83.5539 336.383 213.785 0 0 0
A4795  ep = 2450400.5
3.8458 0.0403528 4.09278 74.9178 237.549 334.845 0 0 0
A4796  ep = 2450400.5
3.56818 0.0786818 6.0435 188.015 283.743 39.2604 0 0 0
A4797  ep = 2450400.5
3.06149 0.0424527 4.02186 311.427 276.262 162.556 0 0 0
A4798  ep = 2450400.5
2.64296 0.0965447 3.25952 2.74129 248.511 100.944 0 0 0
A4799  ep = 2450400.5
2.78541 0.00431915 2.91935 47.5392 324.096 125.04 0 0 0
A4800  ep = 2450400.5
2.39931 0.032945 8.06908 183.521 329.508 261.989 0 0 0
A4801  ep = 2450400.5
4.08247 0.033831 3.98387 46.002 214.556 60.7206 0 0 0
A4802  ep = 2450400.5
3.81826 0.020949 2.90602 225.571 51.418 56.816 0 0 0
A4803  ep = 2450400.5
2.86411 0.0452068 4.91064 54.3963 278.851 165.374 0 0 0
A4804  ep = 2450400.5
1.5991 0.074791 2.12856 159.496 17.3658 264.651 0 0 0
A4805  ep = 2450400.5
2.15316 0.0801729 7.65543 7.48331 216.713 266.545 0 0 0
A4806  ep = 2450400.5
2.15009 0.010369 2.71245 292.698 352.75 186.701 0 0 0
A4807  ep = 2450400.5
3.1806 0.0805275 3.26158 43.2427 104.689 139.494 0 0 0
A4808  ep = 2450400.5
3.66689 0.085436 2.22256 248.861 199.652 113.66 0 0 0
A4809  ep = 2450400.5
1.90755 0.086369 5.03544 332.031 290.216 309.125 0 0 0
A4810  ep = 2450400.5
2.07787 0.0185772 3.26664 231.398 26.0165 329.671 0 0 0
A4811  ep = 2450400.5
2.21476 0.0674155 2.52998 317.619 264.049 290.37 0 0 0
A4812  ep = 2450400.5
1.89693 0.0748762 8.43604 127.653 347.546 273.478 0 0 0
A4813  ep = 2450400.5
3.53806 0.0889391 8.99291 177.691 171.392 204.587 0 0 0
A4814  ep = 2450400.5
3.22494 0.0976785 9.81881 87.1664 210.135 130.384 0 0 0
A4815  ep = 2450400.5
1.96289 0.0761721 9.25072 232.657 196.336 350.17 0 0 0
A4816  ep = 2450400.5
3.38513 0.0781967 9.52393 136.156 201.272 233.926 0 0 0
A4817  ep = 2450400.5
3.14866 0.00376268 3.3936 280.979 0.921978 112.019 0 0 0
A4818  ep = 2450400.5
3.64725 0.0056276 2.83073 306.965 105.762 117.032 0 0 0
A4819  ep = 2450400.5
2.90662 0.0149866 2.8003 85.4067 142.998 131.576 0 0 0
A4820  ep = 2450400.5
2.98488 0.0925148 5.96846 262.511 50.5732 316.498 0 0 0
A4821  ep = 2450400.5
3.92864 0.0812721 6.39559 277.439 344.446 326.948 0 0 0
A4822  ep = 2450400.5
3.4114 0.098939 6.67705 100.362 191.165 135.689 0 0 0
A4823  ep = 2450400.5
3.65695 0.0633214 2.42128 21.6894 260.104 137.667 0 0 0
A4824  ep = 2450400.5
3.67651 0.0818722 3.26416 330.246 211.833 302.934 0 0 0
A4825  ep = 2450400.5
4.0862 0.0166794 2.30545 55.7742 246.676 345.298 0 0 0
A4826  ep = 2450400.5
2.16261 3.17338e-05 1.33351 62.1594 176.684 338.918 0 0 0
A4827  ep = 2450400.5
3.61227 0.0433103 9.16731 215.558 217.152 148.581 0 0 0
A4828  ep = 2450400.5
3.18125 0.0931991 7.96638 138.142 263.826 147.529 0 0 0
A4829  ep = 2450400.5
1.89861 0.0166456 6.63199 308.386 143.181 257.903 0 0 0
A4830  ep = 2450400.5
2.20831 0.0165484 5.28329 293.539 313.38 186.228 0 0 0
A4831  ep = 2450400.5
4.08471 0.0131091 4.24971 186.737 205.562 235.446 0 0 0
A4832  ep = 2450400.5
3.80689 0.0396545 6.72411 267.078 225.978 195.106 0 0 0
A4833  ep = 2450400.5
3.5052 0.0187102 8.61888 146.043 353.304 312.895 0 0 0
A4834  ep = 2450400.5
1.6676 0.0829063 2.06537 58.376 50.1997 212.936 0 0 0
A4835  ep = 2450400.5
1.65243 0.0343293 5.73305 256.727 218.888 312.313 0 0 0
A4836  ep = 2450400.5
3.05636 0.0158781 3.62778 92.3137 66.763 247.509 0 0 0
A4837  ep = 2450400.5
2.61847 0.0019078 4.64356 308.055 335.052 317.178 0 0 0
A4838  ep = 2450400.5
3.71546 0.0748529 5.53432 148.954 100.431 129.09 0 0 0
A4839  ep = 2450400.5
2.34341 0.0229236 9.76631 0.907023 159.876 63.1972 0 0 0
A4840  ep = 2450400.5
3.06704 0.0538651 6.102 118.927 181.34 206.38 0 0 0
A4841  ep = 2450400.5
2.38751 0.00236857 6.08478 174.713 301.917 355.422 0 0 0
A4842  ep = 2450400.5
3.71946 0.0222651 0.0877068 138.808 323.6 68.7136 0 0 0
A4843  ep = 2450400.5
2.32965 0.0261686 0.152042 208.751 43.0398 251.469 0 0 0
A4844  ep = 2450400.5
2.76691 0.0598799 8.00884 144.545 336.091 43.5498 0 0 0
A4845  ep = 2450400.5
3.01828 0.0515608 1.83082 191.02 45.5217 222.94 0 0 0
A4846  ep = 2450400.5
3.70016 0.0583299 6.50902 266.024 104.264 11.7681 0 0 0
A4847  ep = 2450400.5
2.23121 0.0818591 1.06117 230.193 113.913 131.674 0 0 0
A4848  ep = 2450400.5
2.77092 0.0548274 7.84406 213.175 241.767 281.344 0 0 0
A4849  ep = 2450400.5
1.94447 0.0747225 7.60602 349.937 2.07968 159.179 0 0 0
A4850  ep = 2450400.5
3.07515 0.0431099 2.47449 40.933 270.95 310.721 0 0 0
A4851  ep = 2450400.5
3.50472 0.06701 8.36479 193.545 88.8311 206.723 0 0 0
A4852  ep = 2450400.5
3.8311 0.0732934 9.41362 63.7919 257.845 119.133 0 0 0
A4853  ep = 2450400.5
2.674 0.0686484 6.73974 324.277 43.4461 321.478 0 0 0
A4854  ep = 2450400.5
2.60824 0.09457 0.379407 120.457 122.554 232.398 0 0 0
A4855  ep = 2450400.5
2.75968 0.0760257 1.64247 16.733 352.631 59.9595 0 0 0
A4856  ep = 2450400.5
1.67866 0.0787268 0.610648 357.933 22.1966 101.712 0 0 0
A4857  ep = 2450400.5
3.77229 0.0767469 4.85988 168.58 177.015 179.641 0 0 0
A4858  ep = 2450400.5
1.61797 0.0669623 0.346888 244.294 138.181 338.783 0 0 0
A4859  ep = 2450400.5
3.23182 0.0270075 1.15349 266.867 216.208 19.7774 0 0 0
A4860  ep = 2450400.5
4.03234 0.0494276 2.29013 166.672 89.7734 25.6276 0 0 0
A4861  ep = 2450400.5
3.34614 0.0455201 9.57047 115.385 356.667 287.733 0 0 0
A4862  ep = 2450400.5
1.98763 0.0696518 2.37334 224.058 131.663 91.7195 0 0 0
A4863  ep = 2450400.5
3.58148 0.0963096 5.76157 13.4246 25.5383 249.21 0 0 0
A4864  ep = 2450400.5
3.99713 0.0937784 6.33381 319.153 275.257 15.0592 0 0 0
A4865  ep = 2450400.5
1.98356 0.0897461 5.62173 300.133 50.1054 141.849 0 0 0
A4866  ep = 2450400.5
3.13158 0.0516613 2.70725 297.335 247.818 1.83363 0 0 0
A4867  ep = 2450400.5
3.7285 0.0315511 1.79038 266.824 152.591 164.419 0 0 0
A4868  ep = 2450400.5
2.16725 0.0338382 6.18512 193.596 22.4005 307.458 0 0 0
A4869  ep = 2450400.5
1.9857 0.0792858 2.56672 92.9408 329.512 226.387 0 0 0
A4870  ep = 2450400.5
3.9972 0.0760473 8.26659 189.867 193.024 54.7217 0 0 0
A4871  ep = 2450400.5
3.74813 0.0560283 5.6724 207.102 262.346 39.4802 0 0 0
A4872  ep = 2450400.5
3.51025 0.0158079 9.82919 43.7995 160.244 219.728 0 0 0
A4873  ep = 2450400.5
3.64452 0.0746068 0.159221 115.7 49.2363 240.705 0 0 0
A4874  ep = 2450400.5
3.63115 0.0522495 9.58092 247.879 103.033 31.4292 0 0 0
A4875  ep = 2450400.5
3.15276 0.0501871 0.953141 177.172 131.936 116.079 0 0 0
A4876  ep = 2450400.5
1.74828 0.00354065 7.07667 241.731 156.392 348.49 0 0 0
A4877  ep = 2450400.5
2.09599 0.00335924 4.58824 282.616 194.211 312.295 0 0 0
A4878  ep = 2450400.5
1.80651 0.0563299 9.36378 170.019 197.21 239.412 0 0 0
A4879  ep = 2450400.5
3.43269 0.022605 1.22235 184.452 2.94384 265.349 0 0 0
A4880  ep = 2450400.5
1.89043 0.0911565 8.66469 263.119 91.345 24.4824 0 0 0
A4881  ep = 2450400.5
3.26153 0.0894064 4.54202 183.084 140.255 31.4191 0 0 0
A4882  ep = 2450400.5
1.68895 0.0679781 8.08201 223.705 117.991 23.3515 0 0 0
A4883  ep = 2450400.5
4.00055 0.0797526 1.01614 355.433 165.985 145.965 0 0 0
A4884  ep = 2450400.5
2.71999 0.079807 4.15923 195.55 98.5152 277.415 0 0 0
A4885  ep = 2450400.5
2.63245 0.0648579 7.66115 190.107 257.999 150.752 0 0 0
A4886  ep = 2450400.5
1.68884 0.0944902 3.96113 350.155 205.256 241.592 0 0 0
A4887  ep = 2450400.5
2.03661 0.0981831 4.6417 132.897 5.87032 60.1211 0 0 0
A4888  ep = 2450400.5
2.21063 0.0610413 1.21641 178.862 296.496 145.963 0 0 0
A4889  ep = 2450400.5
2.16446 0.0320675 9.59212 134.827 134.325 277.106 0 0 0
A4890  ep = 2450400.5
3.05231 0.00140506 3.14924 154.147 53.9504 123.468 0 0 0
A4891  ep = 2450400.5
3.12472 0.0616639 7.85617 189.383 238.506 275.727 0 0 0
A4892  ep = 2450400.5
2.847 0.099982 3.97894 30.034 255.986 52.2607 0 0 0
A4893  ep = 2450400.5
1.97957 0.0235782 2.78504 27.8987 261.415 112.161 0 0 0
A4894  ep = 2450400.5
2.17853 0.0278234 4.27243 42.5406 31.6723 113.146 0 0 0
A4895  ep = 2450400.5
2.25746 0.0295649 3.97814 295.232 283.254 242.781 0 0 0
A4896  ep = 2450400.5
3.44964 0.0316591 3.95302 187.584 322.453 288.766 0 0 0
A4897  ep = 2450400.5
3.93847 0.0671476 7.50336 26.6129 174.775 198.566 0 0 0
A4898  ep = 2450400.5
4.04573 0.09053 5.37719 340.679 235.387 117.118 0 0 0
A4899  ep = 2450400.5
2.41611 0.0892764 4.68073 262.316 53.9891 4.35124 0 0 0
A4900  ep = 2450400.5
2.40366 0.0704924 7.65489 44.2897 165.57 127.755 0 0 0
A4901  ep = 2450400.5
2.56291 0.048237 1.19077 177.806 248.534 349.447 0 0 0
A4902  ep = 2450400.5
3.575 0.0642216 8.72916 126.121 345.456 73.3256 0 0 0
A4903  ep = 2450400.5
3.2804 0.0464309 6.63786 153.494 195.683 153.867 0 0 0
A4904  ep = 2450400.5
1.55983 0.0895367 8.43369 40.1116 174.723 2.11413 0 0 0
A4905  ep = 2450400.5
1.71285 0.0428035 7.98979 257.083 100.135 251.111 0 0 0
A4906  ep = 2450400.5
2.31937 0.0654833 3.78378 79.9649 285.682 89.074 0 0 0
A4907  ep = 2450400.5
2.26218 0.0835376 2.15937 324.433 61.756 131.154 0 0 0
A4908  ep = 2450400.5
2.27441 0.0353287 4.69911 289.664 135.789 349.978 0 0 0
A4909  ep = 2450400.5
2.36601 0.00331404 5.99026 180.368 81.1867 86.535 0 0 0
A4910  ep = 2450400.5
2.12211 0.00866501 6.32804 97.1366 272.536 106.673 0 0 0
A4911  ep = 2450400.5
3.76504 0.0970084 5.19926 109.192 16.051 57.7881 0 0 0
A4912  ep = 2450400.5
3.09583 0.0258819 1.972 70.9813 232.592 2.30706 0 0 0
A4913  ep = 2450400.5
2.6149 0.0940028 4.05068 157.588 155.726 180.615 0 0 0
A4914  ep = 2450400.5
3.38357 0.034591 4.70712 202.641 126.894 64.2275 0 0 0
A4915  ep = 2450400.5
3.86331 0.0421837 5.81198 72.1664 290.711 341.156 0 0 0
A4916  ep = 2450400.5
3.23204 0.00295978 7.45047 201.142 314.077 34.5243 0 0 0
A4917  ep = 2450400.5
1.61592 0.0667465 9.08831 326.798 272.232 262.051 0 0 0
A4918  ep = 2450400.5
2.62784 0.0811575 8.14776 277.956 245.144 268.489 0 0 0
A4919  ep = 2450400.5
2.84831 0.0881765 6.83066 323.883 170.541 259.206 0 0 0
A4920  ep = 2450400.5
2.10977 0.015694 7.69299 12.7598 64.2681 103.219 0 0 0
A4921  ep = 2450400.5
2.91602 0.0737426 9.91599 136.077 115.684 349.873 0 0 0
A4922  ep = 2450400.5
2.87005 0.044881 8.15205 246.262 291.042 147.343 0 0 0
A4923  ep = 2450400.5
3.792 0.0918653 5.80683 269.636 95.0378 15.6256 0 0 0
A4924  ep = 2450400.5
2.83154 0.0615527 1.16498 176.817 104.209 70.222 0 0 0
A4925  ep = 2450400.5
1.7538 0.068279 3.65842 332.779 211.504 334.198 0 0 0
A4926  ep = 2450400.5
3.27765 0.0724407 4.1121 136.094 183.312 215.023 0 0 0
A4927  ep = 2450400.5
1.91309 0.0278111 1.21915 213.462 258.056 182.803 0 0 0
A4928  ep = 2450400.5
3.12821 0.0991612 4.01526 119.1 78.2899 59.1315 0 0 0
A4929  ep = 2450400.5
2.58045 0.0524378 1.22735 132.358 86.4549 152.346 0 0 0
A4930  ep = 2450400.5
1.64473 0.0696335 4.29625 20.7137 67.5681 74.1878 0 0 0
A4931  ep = 2450400.5
2.13748 0.0963189 0.31327 5.51376 61.6346 74.5105 0 0 0
A4932  ep = 2450400.5
1.69904 0.0977177 9.42082 114.592 195.266 129.34 0 0 0
A4933  ep = 2450400.5
1.5829 0.0975381 9.2227 36.9003 107.553 278.218 0 0 0
A4934  ep = 2450400.5
1.60801 0.0374365 5.95691 327.066 36.0595 169.689 0 0 0
A4935  ep = 2450400.5
2.16613 0.0995995 1.69068 297.657 327.609 56.0111 0 0 0
A4936  ep = 2450400.5
2.49541 0.0959696 1.61353 46.1848 20.0967 137.034 0 0 0
A4937  ep = 2450400.5
2.75348 0.0260906 2.0509 74.3313 7.00352 262.957 0 0 0
A4938  ep = 2450400.5
2.56595 0.0708633 3.98741 150.697 240.21 319.978 0 0 0
A4939  ep = 2450400.5
1.78373 0.0164435 5.65509 218.799 343.594 69.4168 0 0 0
A4940  ep = 2450400.5
1.83323 0.0393654 8.13526 96.0203 185.967 267.616 0 0 0
A4941  ep = 2450400.5
3.98472 0.0680815 4.46594 72.2463 53.5786 205.853 0 0 0
A4942  ep = 2450400.5
2.90397 0.0416861 4.17661 117.698 263.347 183.639 0 0 0
A4943  ep = 2450400.5
2.00975 0.0302802 9.18632 119.261 336.238 333.966 0 0 0
A4944  ep = 2450400.5
1.66996 0.0972095 9.00706 214.171 341.67 213.828 0 0 0
A4945  ep = 2450400.5
2.15901 0.0688014 9.45691 160.164 127.409 38.393 0 0 0
A4946  ep = 2450400.5
3.03358 0.0628793 9.12412 157.09 177.223 212.517 0 0 0
A4947  ep = 2450400.5
1.58466 0.0416231 9.59092 116.874 178.963 107.644 0 0 0
A4948  ep = 2450400.5
2.04836 0.0252464 0.165309 185.237 298.653 262.065 0 0 0
A4949  ep = 2450400.5
2.54251 0.0172537 7.82601 255.244 220.43 242.224 0 0 0
A4950  ep = 2450400.5
3.76013 0.0644455 1.36313 92.9406 219.387 190.632 0 0 0
A4951  ep = 2450400.5
4.038 0.0539357 6.97429 338.732 342.461 47.2285 0 0 0
A4952  ep = 2450400.5
2.87955 0.0189423 4.62545 57.6799 132.485 207.933 0 0 0
A4953  ep = 2450400.5
2.29733 0.0122058 1.43165 223.906 22.1802 140.043 0 0 0
A4954  ep = 2450400.5
2.31996 0.0634325 1.09923 90.7706 207.96 249.573 0 0 0
A4955  ep = 2450400.5
3.4002 0.0250237 4.73217 334.005 203.062 3.97112 0 0 0
A4956  ep = 2450400.5
3.44126 0.0321931 2.70179 296.282 338.757 21.1968 0 0 0
A4957  ep = 2450400.5
1.99256 0.0597238 4.77177 84.7969 227.401 145.461 0 0 0
A4958  ep = 2450400.5
2.82313 0.0452044 4.50159 208.684 186.772 62.587 0 0 0
A4959  ep = 2450400.5
1.97971 0.0517769 9.141 193.977 171.538 298.885 0 0 0
A4960  ep = 2450400.5
3.95826 0.0816245 8.62649 84.1899 61.8304 263.249 0 0 0
A4961  ep = 2450400.5
3.18956 0.0117734 7.76316 84.7741 344.161 151.877 0 0 0
A4962  ep = 2450400.5
2.81017 0.00141592 9.97302 181.855 165.7 91.2749 0 0 0
A4963  ep = 2450400.5
2.67693 0.0613835 3.71818 221.195 333.419 329.415 0 0 0
A4964  ep = 2450400.5
1.97354 0.0492161 6.75246 26.2494 216.612 239.316 0 0 0
A4965  ep = 2450400.5
2.5362 0.0141131 4.98852 305.121 61.7691 324.109 0 0 0
A4966  ep = 2450400.5
3.67128 0.0169833 5.37547 15.876 357.819 357.249 0 0 0
A4967  ep = 2450400.5
3.66403 0.0403226 1.02005 216.283 61.2021 134.501 0 0 0
A4968  ep = 2450400.5
2.84728 0.0196634 6.82513 334.325 37.6194 98.0117 0 0 0
A4969  ep = 2450400.5
2.3219 0.0584287 5.11555 263.533 331.549 159.281 0 0 0
A4970  ep = 2450400.5
3.21656 0.0988252 6.55915 20.6828 79.3325 25.2171 0 0 0
A4971  ep = 2450400.5
3.78237 0.0499327 0.197114 143.138 285.626 238.907 0 0 0
A4972  ep = 2450400.5
2.91263 0.0868194 7.73713 349.073 45.5716 333.997 0 0 0
A4973  ep = 2450400.5
4.0613 0.0638094 2.44084 354.15 138.943 148.494 0 0 0
A4974  ep = 2450400.5
1.85711 0.0582702 2.47262 265.36 83.1481 283.599 0 0 0
A4975  ep = 2450400.5
3.7477 0.0657456 2.85512 262.541 129.92 126.659 0 0 0
A4976  ep = 2450400.5
3.02846 0.0806502 6.87169 99.6547 275.054 189.68 0 0 0
A4977  ep = 2450400.5
3.32429 0.0785154 6.07529 222.414 141.202 45.2785 0 0 0
A4978  ep = 2450400.5
2.21696 0.00071995 4.00208 80.1219 352.827 214.296 0 0 0
A4979  ep = 2450400.5
1.77799 0.0206195 0.514179 153.143 260.813 7.26364 0 0 0
A4980  ep = 2450400.5
1.73583 0.0599945 3.27044 317.138 28.5304 145.76 0 0 0
A4981  ep = 2450400.5
2.23105 0.0786753 1.9598 98.613 292.062 100.134 0 0 0
A4982  ep = 2450400.5
2.20728 0.0280124 7.05068 204.436 199.025 108.482 0 0 0
A4983  ep = 2450400.5
2.19911 0.0892849 9.10607 119.157 194.558 159.117 0 0 0
A4984  ep = 2450400.5
4.06953 0.0834875 1.74876 200.174 29.4443 345.657 0 0 0
A4985  ep = 2450400.5
2.75134 0.0959101 0.608399 11.1637 34.3863 28.8078 0 0 0
A4986  ep = 2450400.5
3.7782 0.0683144 6.59975 148.514 48.4902 165.742 0 0 0
A4987  ep = 2450400.5
2.70977 0.0258517 8.89563 195.235 138.976 26.0399 0 0 0
A4988  ep = 2450400.5
2.66296 0.0288518 4.12576 201.287 208.468 191.386 0 0 0
A4989  ep = 2450400.5
3.14539 0.0301675 0.258978 127.061 316.222 224.937 0 0 0
A4990  ep = 2450400.5
3.48701 0.0863379 9.81694 149.736 76.014 358.481 0 0 0
A4991  ep = 2450400.5
2.4239 0.0753033 8.22099 85.2331 162.873 281.636 0 0 0
A4992  ep = 2450400.5
1.57602 0.016373 8.80921 90.9179 314.095 32.3914 0 0 0
A4993  ep = 2450400.5
3.53752 0.0841273 6.27017 246.307 335.753 109.108 0 0 0
A4994  ep = 2450400.5
2.95894 0.0514462 9.56715 222.192 72.8989 70.2628 0 0 0
A4995  ep = 2450400.5
3.23981 0.0582788 9.92254 155.802 248.606 314.085 0 0 0
A4996  ep = 2450400.5
2.25233 0.0669267 4.37012 110.177 349.825 81.2214 0 0 0
A4997  ep = 2450400.5
2.20031 0.096421 0.469845 95.7208 37.3341 283.366 0 0 0
A4998  ep = 2450400.5
2.31509 0.00563468 2.02085 152.844 305.545 41.9189 0 0 0
A4999  ep = 2450400.5
3.79387 0.0776782 0.370337 164.649 31.3878 323.208 0 0 0
A5000  ep = 2450400.5
2.41657 0.0704426 1.29063 264.725 205.306 190.856 0 0 0
