)O+_06 Small-body initial data  (WARNING: Do not delete this line!!)
) Lines beginning with `)' are ignored.
)----------------------------------------------------------------------
 style (Cartesian, Asteroidal, Cometary) = Ast
)---------------------------------------------------------------------
A2001  ep = 2450400.5
1.69548 0.0605592 4.17661 23.1201 117.722 183.558 0 0 0
A2002  ep = 2450400.5
2.32354 0.0984154 3.67283 112.379 143.409 40.832 0 0 0
A2003  ep = 2450400.5
2.05366 0.00931295 7.22687 155.54 290.281 90.8341 0 0 0
A2004  ep = 2450400.5
2.351 0.0335001 4.35711 237.569 50.8768 284.03 0 0 0
A2005  ep = 2450400.5
2.77551 0.0535287 7.56187 304.086 352.126 258.442 0 0 0
A2006  ep = 2450400.5
2.84819 0.0909384 1.01708 227.993 284.602 259.256 0 0 0
A2007  ep = 2450400.5
3.81819 0.035255 6.30708 349.376 290.194 136.039 0 0 0
A2008  ep = 2450400.5
1.83473 0.0427862 4.07768 308.655 196.306 95.3268 0 0 0
A2009  ep = 2450400.5
2.92194 0.00884195 8.06693 144.664 328.001 327.264 0 0 0
A2010  ep = 2450400.5
2.30612 0.00526942 1.63175 211.369 128.266 252.595 0 0 0
A2011  ep = 2450400.5
3.5012 0.0791942 6.16298 296.635 65.5592 191.927 0 0 0
A2012  ep = 2450400.5
2.9614 0.0482488 6.17578 79.739 295.821 173.42 0 0 0
A2013  ep = 2450400.5
3.52619 0.0771098 7.84585 311.824 340.453 244.697 0 0 0
A2014  ep = 2450400.5
1.75319 0.0584636 3.97074 340.077 246.899 306.052 0 0 0
A2015  ep = 2450400.5
1.72989 0.0783728 4.11631 256.507 62.8666 48.8893 0 0 0
A2016  ep = 2450400.5
2.94033 0.0344849 6.87102 96.0014 227.679 66.7233 0 0 0
A2017  ep = 2450400.5
2.69211 0.022111 7.19252 145.923 227.314 217.721 0 0 0
A2018  ep = 2450400.5
3.80893 0.0669685 8.40299 283.187 133.858 85.078 0 0 0
A2019  ep = 2450400.5
3.22104 0.0769163 5.31775 217.383 338.671 163.017 0 0 0
A2020  ep = 2450400.5
2.60264 0.0515691 2.22702 70.7427 35.5985 319.559 0 0 0
A2021  ep = 2450400.5
3.14108 0.0203417 3.83155 26.5847 119.189 211.101 0 0 0
A2022  ep = 2450400.5
4.01016 0.0111074 0.827937 240.174 296.712 240.816 0 0 0
A2023  ep = 2450400.5
1.59763 0.0348239 0.845299 130.536 323.09 222.368 0 0 0
A2024  ep = 2450400.5
2.74011 0.0887932 0.47747 8.24596 108.306 36.3253 0 0 0
A2025  ep = 2450400.5
2.97385 0.0316724 5.1837 250.969 338.304 9.46963 0 0 0
A2026  ep = 2450400.5
3.67935 0.0817105 8.07714 7.39039 124.454 231.711 0 0 0
A2027  ep = 2450400.5
2.84546 0.0182519 1.60394 172.94 242.672 28.0308 0 0 0
A2028  ep = 2450400.5
1.68759 0.0333682 9.18883 283.182 86.8164 150.637 0 0 0
A2029  ep = 2450400.5
1.70797 0.0922494 2.35712 37.6785 73.4619 35.9289 0 0 0
A2030  ep = 2450400.5
4.06895 0.0965252 1.99242 212.811 60.8935 126.263 0 0 0
A2031  ep = 2450400.5
3.22757 0.061017 5.12752 345.861 301.253 236.504 0 0 0
A2032  ep = 2450400.5
3.50408 0.0475599 6.39297 118.961 146.408 179.379 0 0 0
A2033  ep = 2450400.5
2.64874 0.046738 1.2573 334.089 342.086 173.35 0 0 0
A2034  ep = 2450400.5
3.14412 0.0596846 6.19778 14.194 26.1094 47.9709 0 0 0
A2035  ep = 2450400.5
3.7605 0.0827979 7.83727 150.733 49.2722 162.108 0 0 0
A2036  ep = 2450400.5
3.48439 0.0783679 0.296373 145.76 3.97418 274.213 0 0 0
A2037  ep = 2450400.5
3.3662 0.0340157 1.01962 136.109 89.2151 67.8398 0 0 0
A2038  ep = 2450400.5
3.50385 0.0471799 9.52013 134.604 353.251 316.163 0 0 0
A2039  ep = 2450400.5
2.08014 0.074325 3.7994 235.636 98.3938 36.9602 0 0 0
A2040  ep = 2450400.5
1.78036 0.0031952 5.0168 120.182 337.838 94.2873 0 0 0
A2041  ep = 2450400.5
2.78507 0.0172746 3.34855 59.6213 242.505 321.347 0 0 0
A2042  ep = 2450400.5
1.56225 0.0560505 1.40037 293.364 336.028 320.477 0 0 0
A2043  ep = 2450400.5
3.79332 0.0322373 9.11557 355.603 250.571 125.715 0 0 0
A2044  ep = 2450400.5
1.54087 0.0607529 7.73857 17.3098 282.255 326.754 0 0 0
A2045  ep = 2450400.5
1.90907 0.0251642 5.34314 270.166 322.37 241.474 0 0 0
A2046  ep = 2450400.5
3.12392 0.0180905 8.46445 137.12 349.255 112.462 0 0 0
A2047  ep = 2450400.5
2.00592 0.0676503 1.98563 220.644 0.947767 105.875 0 0 0
A2048  ep = 2450400.5
3.34947 0.0299334 9.90223 336.375 60.4354 233.982 0 0 0
A2049  ep = 2450400.5
3.19631 0.0160231 9.00773 272.72 82.5826 230.335 0 0 0
A2050  ep = 2450400.5
3.45777 0.00905679 6.1739 139.329 289.716 155.695 0 0 0
A2051  ep = 2450400.5
3.63304 0.0654198 8.10312 130.871 79.1677 109.192 0 0 0
A2052  ep = 2450400.5
3.09854 0.0783221 8.59757 203.805 60.8427 147.424 0 0 0
A2053  ep = 2450400.5
2.89865 0.0372572 0.810182 291.434 106.029 11.5093 0 0 0
A2054  ep = 2450400.5
3.13074 0.0853123 2.43221 353.858 129.657 81.0366 0 0 0
A2055  ep = 2450400.5
2.15344 0.0616885 2.9828 345.668 177.286 340.083 0 0 0
A2056  ep = 2450400.5
1.50079 0.0290725 7.20768 165.974 213.596 137.306 0 0 0
A2057  ep = 2450400.5
2.68793 0.0277666 6.7399 203.503 3.64433 1.75631 0 0 0
A2058  ep = 2450400.5
2.34283 0.0651775 9.38296 186.449 54.5992 260.736 0 0 0
A2059  ep = 2450400.5
2.61886 0.033366 7.82044 288.084 323.93 57.2 0 0 0
A2060  ep = 2450400.5
1.54685 0.00962045 5.90907 132.335 193.944 211.568 0 0 0
A2061  ep = 2450400.5
1.88691 0.00351573 0.889048 349.014 23.7571 19.5158 0 0 0
A2062  ep = 2450400.5
1.68531 0.0110998 9.5477 142.255 55.647 63.2576 0 0 0
A2063  ep = 2450400.5
3.62981 0.0406422 2.73241 95.0984 225.687 249.608 0 0 0
A2064  ep = 2450400.5
2.04303 0.0838085 4.68928 356.151 161.692 17.256 0 0 0
A2065  ep = 2450400.5
2.15413 0.0185975 9.67656 266.37 10.1035 202.87 0 0 0
A2066  ep = 2450400.5
3.91941 0.0782561 0.49482 70.404 326.126 315.332 0 0 0
A2067  ep = 2450400.5
1.92125 0.0286374 7.08461 227.263 273.325 13.6006 0 0 0
A2068  ep = 2450400.5
1.7331 0.0277726 4.7377 261.136 62.205 87.5685 0 0 0
A2069  ep = 2450400.5
2.41323 0.0828628 0.74965 212.034 265.426 35.8401 0 0 0
A2070  ep = 2450400.5
1.62585 0.0945162 3.34342 60.0432 105.41 22.7075 0 0 0
A2071  ep = 2450400.5
2.7516 0.0903146 0.170253 277.667 157.636 52.7863 0 0 0
A2072  ep = 2450400.5
3.84984 0.00133413 2.22715 153.425 187.831 48.275 0 0 0
A2073  ep = 2450400.5
3.20603 0.0161738 2.33047 207.365 100.675 145.342 0 0 0
A2074  ep = 2450400.5
2.75693 0.0713673 5.70873 262.182 266.692 275.171 0 0 0
A2075  ep = 2450400.5
2.77881 0.0721993 3.53794 199.733 171.983 170.137 0 0 0
A2076  ep = 2450400.5
2.02857 0.0676304 8.63502 57.6495 139.171 308.181 0 0 0
A2077  ep = 2450400.5
3.78654 0.0728549 1.71831 109.242 235.764 6.71339 0 0 0
A2078  ep = 2450400.5
3.80126 0.031808 4.97737 216.021 104.261 276.151 0 0 0
A2079  ep = 2450400.5
2.11764 0.0937628 8.70748 346.897 341.891 315.062 0 0 0
A2080  ep = 2450400.5
3.21529 0.0273911 2.61955 150.086 262.991 305.787 0 0 0
A2081  ep = 2450400.5
3.2647 0.0378626 0.568173 315.253 280.216 336.834 0 0 0
A2082  ep = 2450400.5
2.92094 0.0238023 0.45627 345.4 201.319 85.3995 0 0 0
A2083  ep = 2450400.5
3.47808 0.0439965 6.49408 256.969 231.751 219.38 0 0 0
A2084  ep = 2450400.5
1.81195 0.0839689 8.65952 323.25 334.485 185.438 0 0 0
A2085  ep = 2450400.5
3.15728 0.0340656 6.41211 326.387 118.638 16.3813 0 0 0
A2086  ep = 2450400.5
2.80233 0.0820614 7.06437 64.3697 73.131 230.277 0 0 0
A2087  ep = 2450400.5
2.09649 0.0194633 8.18895 225.016 26.0537 162.613 0 0 0
A2088  ep = 2450400.5
3.66229 0.0591806 5.48936 263.191 17.0949 251.261 0 0 0
A2089  ep = 2450400.5
2.91355 0.0830859 7.25271 316.844 269.76 91.2309 0 0 0
A2090  ep = 2450400.5
3.55687 0.0478446 8.24307 4.92127 118.454 124.233 0 0 0
A2091  ep = 2450400.5
3.02287 0.0445568 3.66005 306.556 202.351 184.745 0 0 0
A2092  ep = 2450400.5
2.17772 0.00831062 8.76552 301.121 285.205 37.9501 0 0 0
A2093  ep = 2450400.5
2.09386 0.0985922 8.38697 164.438 11.7958 285.715 0 0 0
A2094  ep = 2450400.5
3.92567 0.0207915 3.43513 89.1137 296.307 355.269 0 0 0
A2095  ep = 2450400.5
2.68884 0.0263939 9.0173 345.219 291.308 110.037 0 0 0
A2096  ep = 2450400.5
2.54404 0.0235324 0.0859698 247.497 207.637 143.726 0 0 0
A2097  ep = 2450400.5
1.52873 0.0862034 7.20765 101.745 157.053 173.171 0 0 0
A2098  ep = 2450400.5
3.60863 0.0386754 4.17257 239.654 180.899 224.254 0 0 0
A2099  ep = 2450400.5
3.80386 0.0695312 8.1149 37.0158 15.6603 238.436 0 0 0
A2100  ep = 2450400.5
4.02441 0.0588045 2.27372 293.035 50.5333 311.57 0 0 0
A2101  ep = 2450400.5
3.07343 0.0505614 3.84895 305.517 294.964 20.2918 0 0 0
A2102  ep = 2450400.5
1.98044 0.00377186 7.93673 134.436 181.171 279.853 0 0 0
A2103  ep = 2450400.5
2.5444 0.0286463 9.5828 265.279 211.891 166.257 0 0 0
A2104  ep = 2450400.5
3.81233 0.0768786 3.97872 142.808 38.5849 163.853 0 0 0
A2105  ep = 2450400.5
2.04436 0.0940012 5.78113 351.785 350.689 249.351 0 0 0
A2106  ep = 2450400.5
2.73606 0.0150859 5.48785 342.942 44.4899 306.094 0 0 0
A2107  ep = 2450400.5
3.04663 0.0108316 3.46473 165.891 84.4492 107.733 0 0 0
A2108  ep = 2450400.5
3.35117 0.00122426 1.76199 287.252 289.917 350.513 0 0 0
A2109  ep = 2450400.5
4.06295 0.0195999 9.15858 50.5869 289.684 71.9513 0 0 0
A2110  ep = 2450400.5
2.60604 0.0482653 9.94733 265.252 355.683 231.33 0 0 0
A2111  ep = 2450400.5
3.24833 0.0284209 9.7015 299.575 58.9829 102.294 0 0 0
A2112  ep = 2450400.5
2.51795 0.00277921 0.102222 113.429 209.823 221.992 0 0 0
A2113  ep = 2450400.5
2.37738 0.0729599 1.37768 238.802 85.0295 278.856 0 0 0
A2114  ep = 2450400.5
4.01815 0.0759037 6.13156 310.374 101.622 255.111 0 0 0
A2115  ep = 2450400.5
2.54443 0.0522885 1.12281 259.744 38.4462 219.989 0 0 0
A2116  ep = 2450400.5
2.07388 0.0451399 4.67139 274.239 204.674 93.8236 0 0 0
A2117  ep = 2450400.5
2.7041 0.0236669 9.69495 199.02 21.8207 348.201 0 0 0
A2118  ep = 2450400.5
2.25114 0.071703 9.13103 181.384 167.095 200.853 0 0 0
A2119  ep = 2450400.5
2.46837 0.0375149 1.13477 178.929 147.28 136.332 0 0 0
A2120  ep = 2450400.5
1.83046 0.0973525 5.03139 270.382 304.611 267.04 0 0 0
A2121  ep = 2450400.5
1.56064 0.0592712 4.71467 345.962 161.553 12.2458 0 0 0
A2122  ep = 2450400.5
1.53083 0.0356469 7.18227 335.577 23.185 121.384 0 0 0
A2123  ep = 2450400.5
3.88463 0.00542829 4.33233 242.088 189.563 27.8542 0 0 0
A2124  ep = 2450400.5
3.0918 0.0124115 2.99756 287.349 189.83 84.1072 0 0 0
A2125  ep = 2450400.5
3.10879 0.0375758 0.370441 149.816 127.715 65.3513 0 0 0
A2126  ep = 2450400.5
1.55905 0.0864557 2.6171 65.3093 99.831 11.0666 0 0 0
A2127  ep = 2450400.5
2.16394 0.031649 7.25268 225.283 136.509 67.9468 0 0 0
A2128  ep = 2450400.5
4.08601 0.0654916 9.17075 298.073 328.094 313.18 0 0 0
A2129  ep = 2450400.5
2.13333 0.0923042 9.57058 345.199 7.63515 335.404 0 0 0
A2130  ep = 2450400.5
3.26644 0.0438701 4.24014 158.441 23.8217 219.115 0 0 0
A2131  ep = 2450400.5
2.76739 0.00612457 0.357175 356.674 77.6043 285.829 0 0 0
A2132  ep = 2450400.5
2.36084 0.067825 1.3468 56.1475 8.99986 351.998 0 0 0
A2133  ep = 2450400.5
1.68742 0.080468 9.26178 264.033 82.26 203.258 0 0 0
A2134  ep = 2450400.5
2.37797 0.0614874 9.19493 223.216 50.6257 147.865 0 0 0
A2135  ep = 2450400.5
2.60556 0.0641321 4.67627 325.847 57.9262 349.828 0 0 0
A2136  ep = 2450400.5
3.05069 0.0209264 9.09827 303.425 225.24 354.293 0 0 0
A2137  ep = 2450400.5
3.14237 0.0953311 4.30197 235.096 33.8757 6.99069 0 0 0
A2138  ep = 2450400.5
2.99068 0.0444899 3.41395 23.2437 105.002 60.0308 0 0 0
A2139  ep = 2450400.5
2.07752 0.0423059 0.359514 207.514 351.602 17.2203 0 0 0
A2140  ep = 2450400.5
3.58789 0.0432831 9.59061 125.678 78.5271 50.8305 0 0 0
A2141  ep = 2450400.5
1.58712 0.0981321 6.06299 168.747 198.784 297.2 0 0 0
A2142  ep = 2450400.5
2.39989 0.0245218 0.387324 242.403 302.283 9.76582 0 0 0
A2143  ep = 2450400.5
2.64119 0.0364807 3.30468 92.3708 243.535 219.782 0 0 0
A2144  ep = 2450400.5
3.95448 0.0977269 7.96692 12.4234 50.4335 66.004 0 0 0
A2145  ep = 2450400.5
2.09321 0.0361208 2.82572 350.995 17.292 106.324 0 0 0
A2146  ep = 2450400.5
2.54178 0.0382065 9.3624 49.0462 252.585 208.248 0 0 0
A2147  ep = 2450400.5
2.55325 0.0271355 5.66546 79.9475 26.9406 334.056 0 0 0
A2148  ep = 2450400.5
2.45684 0.0246572 8.14004 261.373 121.269 53.2625 0 0 0
A2149  ep = 2450400.5
3.61896 0.0478251 0.961046 173.051 32.8493 229.838 0 0 0
A2150  ep = 2450400.5
2.93186 0.0961419 1.56837 140.926 213.472 325.742 0 0 0
A2151  ep = 2450400.5
3.77901 0.0981469 8.55714 63.8288 345.711 39.6135 0 0 0
A2152  ep = 2450400.5
3.60478 0.0947225 8.01621 222.789 213.062 195.26 0 0 0
A2153  ep = 2450400.5
3.52665 0.0980905 9.06626 108.367 321.537 201.548 0 0 0
A2154  ep = 2450400.5
1.80956 0.0305453 3.74778 22.1092 245.958 93.6258 0 0 0
A2155  ep = 2450400.5
3.01506 0.099382 3.13085 341.401 113.383 1.43743 0 0 0
A2156  ep = 2450400.5
2.52565 0.0752796 9.24112 338.059 225.545 162.461 0 0 0
A2157  ep = 2450400.5
1.6118 0.0247248 5.49567 139.137 275.229 151.413 0 0 0
A2158  ep = 2450400.5
2.49237 0.0185631 1.8984 347.494 321.249 164.112 0 0 0
A2159  ep = 2450400.5
3.63661 0.00533178 2.11305 227.929 164.601 149.109 0 0 0
A2160  ep = 2450400.5
1.74835 0.0604935 8.14635 270.136 218.496 138.193 0 0 0
A2161  ep = 2450400.5
1.8942 0.00188858 7.41439 32.7877 72.2239 308.476 0 0 0
A2162  ep = 2450400.5
2.86196 0.0863843 2.61745 179.539 343.989 212.661 0 0 0
A2163  ep = 2450400.5
3.43441 0.0739659 7.44136 242.117 110.937 38.3878 0 0 0
A2164  ep = 2450400.5
2.15564 0.00870635 9.27595 242.295 150.848 12.8128 0 0 0
A2165  ep = 2450400.5
3.2251 0.0240388 2.20006 294.791 349.576 317.899 0 0 0
A2166  ep = 2450400.5
1.69324 0.0854853 3.52055 243.715 193.976 180.232 0 0 0
A2167  ep = 2450400.5
3.82843 0.034085 9.67313 142.212 272.295 186.509 0 0 0
A2168  ep = 2450400.5
1.91504 0.00147441 9.80354 9.56556 194.84 117.888 0 0 0
A2169  ep = 2450400.5
3.58919 0.036932 3.15714 209.393 240.119 176.922 0 0 0
A2170  ep = 2450400.5
3.90387 0.0213612 5.17811 60.1726 220.505 176.124 0 0 0
A2171  ep = 2450400.5
3.47126 0.044267 1.95269 34.1223 223.178 333.905 0 0 0
A2172  ep = 2450400.5
2.94195 0.0855063 6.04029 198.586 345.32 229.513 0 0 0
A2173  ep = 2450400.5
2.0081 0.0782177 0.0436849 273.538 297.682 351.302 0 0 0
A2174  ep = 2450400.5
2.42694 0.0258945 9.09464 258.99 154.124 128.607 0 0 0
A2175  ep = 2450400.5
3.22298 0.0647179 6.13217 5.4231 264.494 7.13471 0 0 0
A2176  ep = 2450400.5
3.78064 0.0781132 9.48605 54.3361 101.325 235.645 0 0 0
A2177  ep = 2450400.5
3.78381 0.0756304 9.19474 24.2247 305.052 105.065 0 0 0
A2178  ep = 2450400.5
2.87916 0.0642889 2.02953 299.556 169.546 11.2942 0 0 0
A2179  ep = 2450400.5
3.58113 0.0679859 1.38885 70.9258 238.931 173.815 0 0 0
A2180  ep = 2450400.5
3.59092 0.0022327 9.24906 62.7936 271.401 10.97 0 0 0
A2181  ep = 2450400.5
2.41881 0.045241 0.651029 203.721 54.5715 314.094 0 0 0
A2182  ep = 2450400.5
2.23839 0.0162946 6.63754 216.739 57.2928 204.961 0 0 0
A2183  ep = 2450400.5
2.21389 0.0666266 9.92934 18.7436 10.1679 322.658 0 0 0
A2184  ep = 2450400.5
2.2488 0.0364427 3.92258 300.944 10.0985 99.6856 0 0 0
A2185  ep = 2450400.5
3.54878 0.0606155 0.653322 30.181 288.054 173.426 0 0 0
A2186  ep = 2450400.5
2.28318 0.0761222 1.85586 150.676 268.952 138.327 0 0 0
A2187  ep = 2450400.5
2.24696 0.0880573 8.78543 205.797 155.716 55.5593 0 0 0
A2188  ep = 2450400.5
2.62469 0.0528986 1.66536 14.2183 282.885 123.301 0 0 0
A2189  ep = 2450400.5
3.00206 0.0617687 8.46134 31.131 212.891 22.1327 0 0 0
A2190  ep = 2450400.5
2.05374 0.00345693 4.00599 73.9249 68.1501 238.092 0 0 0
A2191  ep = 2450400.5
1.65628 0.0906067 9.26663 89.9741 52.0695 34.0727 0 0 0
A2192  ep = 2450400.5
3.05173 0.065907 8.98885 44.48 245.687 136.556 0 0 0
A2193  ep = 2450400.5
2.85423 0.093608 5.69583 150.848 339.496 220.999 0 0 0
A2194  ep = 2450400.5
3.79452 0.0220684 3.04009 148.53 227.196 4.1642 0 0 0
A2195  ep = 2450400.5
2.00566 0.0772779 0.0987642 64.5912 175.533 48.1153 0 0 0
A2196  ep = 2450400.5
1.80161 0.0830358 5.82569 20.0797 193.235 180.082 0 0 0
A2197  ep = 2450400.5
3.76702 0.0879188 3.50498 95.3601 91.2346 70.8441 0 0 0
A2198  ep = 2450400.5
3.98785 0.0729749 8.89493 111.431 54.6855 248.145 0 0 0
A2199  ep = 2450400.5
2.21673 0.0403049 4.044 218.804 335.132 349.315 0 0 0
A2200  ep = 2450400.5
2.91709 0.034729 0.896966 89.4344 271.529 343.307 0 0 0
A2201  ep = 2450400.5
1.58248 0.0242988 7.89638 239.271 174.673 180.2 0 0 0
A2202  ep = 2450400.5
3.93434 0.017343 7.83916 6.31053 261.1 129.876 0 0 0
A2203  ep = 2450400.5
2.11093 0.0242659 3.36251 353.86 128.615 64.8929 0 0 0
A2204  ep = 2450400.5
4.03171 0.0524479 0.910799 260.063 40.6877 144.643 0 0 0
A2205  ep = 2450400.5
2.30162 0.0993203 4.75788 220.175 99.0797 330.068 0 0 0
A2206  ep = 2450400.5
3.34325 0.00909725 3.97542 218.645 304.149 35.9124 0 0 0
A2207  ep = 2450400.5
1.90164 0.0200026 7.83232 82.1802 93.3163 259.479 0 0 0
A2208  ep = 2450400.5
1.98244 0.0117858 3.83321 246.115 250.497 291.037 0 0 0
A2209  ep = 2450400.5
2.67162 0.0163149 7.04518 53.0744 145.812 207.422 0 0 0
A2210  ep = 2450400.5
2.13279 0.0868796 9.85627 103.997 85.1022 205.522 0 0 0
A2211  ep = 2450400.5
3.18319 0.0155072 1.29844 214.927 335.894 320.339 0 0 0
A2212  ep = 2450400.5
3.38264 0.0170306 9.33837 148.733 144.181 198.558 0 0 0
A2213  ep = 2450400.5
2.39567 0.0674458 4.61073 226.504 17.0153 46.9817 0 0 0
A2214  ep = 2450400.5
2.3096 0.0156012 7.09704 162.543 118.085 250.389 0 0 0
A2215  ep = 2450400.5
3.92073 0.00370063 9.96485 174.309 194.119 272.409 0 0 0
A2216  ep = 2450400.5
2.67633 0.0168992 5.24312 174.144 39.8384 186.091 0 0 0
A2217  ep = 2450400.5
2.68934 0.0895828 7.17802 183.179 262.494 243.609 0 0 0
A2218  ep = 2450400.5
3.73376 0.0636749 8.83944 96.8089 321.011 359.605 0 0 0
A2219  ep = 2450400.5
2.91656 0.0615623 1.77347 211.334 321.597 212.926 0 0 0
A2220  ep = 2450400.5
3.10972 0.079676 0.150043 37.108 33.5472 287.345 0 0 0
A2221  ep = 2450400.5
1.77611 0.0220935 4.25185 167.534 3.88463 267.224 0 0 0
A2222  ep = 2450400.5
1.93096 0.0187642 2.69213 183.894 228.952 296.566 0 0 0
A2223  ep = 2450400.5
1.91219 0.0743044 2.3447 183.846 293.345 273.62 0 0 0
A2224  ep = 2450400.5
2.31191 0.0269854 7.43045 250.638 256.169 49.4183 0 0 0
A2225  ep = 2450400.5
3.6385 0.0773103 5.5464 157.743 296.562 320.085 0 0 0
A2226  ep = 2450400.5
3.21645 0.00534197 8.82447 283.412 253.411 253.496 0 0 0
A2227  ep = 2450400.5
2.53131 0.0154726 4.48268 324.123 75.6259 157.579 0 0 0
A2228  ep = 2450400.5
2.3585 0.0694891 1.02624 163.051 262.063 123.245 0 0 0
A2229  ep = 2450400.5
3.09779 0.0416379 5.08889 187.692 199.88 236.015 0 0 0
A2230  ep = 2450400.5
2.17974 0.0556936 6.42393 250.65 25.2365 346.706 0 0 0
A2231  ep = 2450400.5
3.17178 0.0174295 4.38293 341.703 185.589 282.075 0 0 0
A2232  ep = 2450400.5
3.68727 0.0909761 5.35093 216.603 303.463 175.229 0 0 0
A2233  ep = 2450400.5
4.00295 0.0666352 4.37992 165.412 9.91155 57.1422 0 0 0
A2234  ep = 2450400.5
4.03086 0.041604 0.380801 11.506 304.423 177.495 0 0 0
A2235  ep = 2450400.5
3.1479 6.01614e-05 6.11133 54.5852 149.362 78.6212 0 0 0
A2236  ep = 2450400.5
1.7466 0.0193528 7.61781 149.68 67.8727 188.726 0 0 0
A2237  ep = 2450400.5
2.81314 0.0942419 8.23736 121.684 279.281 193.369 0 0 0
A2238  ep = 2450400.5
2.98234 0.0143363 6.50609 224.822 38.853 219.72 0 0 0
A2239  ep = 2450400.5
3.3445 0.00352767 6.89549 81.5505 125.294 79.344 0 0 0
A2240  ep = 2450400.5
3.90487 0.0538604 1.32301 350.507 44.8855 144.842 0 0 0
A2241  ep = 2450400.5
1.636 0.0998671 1.65709 32.0361 237.771 50.8535 0 0 0
A2242  ep = 2450400.5
3.63821 0.068163 7.15561 173.675 10.6456 55.0255 0 0 0
A2243  ep = 2450400.5
2.09144 0.0633939 5.6068 225.331 344.636 71.3351 0 0 0
A2244  ep = 2450400.5
3.63236 0.00338386 6.72539 278.434 276.029 298.879 0 0 0
A2245  ep = 2450400.5
2.52421 0.0971665 8.76913 102.546 157.602 33.3555 0 0 0
A2246  ep = 2450400.5
1.98122 0.0735671 3.42701 292.784 187.01 134.463 0 0 0
A2247  ep = 2450400.5
3.29636 0.0392274 8.94949 274.897 314.903 275.046 0 0 0
A2248  ep = 2450400.5
2.4758 0.0489712 3.59477 206.712 71.6915 97.8302 0 0 0
A2249  ep = 2450400.5
3.403 0.0692659 7.51421 273.318 16.1779 245.942 0 0 0
A2250  ep = 2450400.5
3.23225 0.0218447 5.43287 177.37 93.2632 124.657 0 0 0
A2251  ep = 2450400.5
3.99212 0.0891037 5.6642 277.893 198.342 70.8371 0 0 0
A2252  ep = 2450400.5
2.88294 0.071356 3.7953 183.014 357.094 89.468 0 0 0
A2253  ep = 2450400.5
3.99703 0.0216578 6.02622 354.371 178.231 183.046 0 0 0
A2254  ep = 2450400.5
2.10413 0.00497222 9.68049 174.537 100.135 243.578 0 0 0
A2255  ep = 2450400.5
1.95326 0.0806988 4.05302 194.701 53.4169 343.958 0 0 0
A2256  ep = 2450400.5
3.75501 0.0733573 2.16932 337.63 26.5317 40.0789 0 0 0
A2257  ep = 2450400.5
1.81892 0.0518709 0.945739 53.9883 78.4184 9.81765 0 0 0
A2258  ep = 2450400.5
4.06473 0.0348574 2.4754 104.87 357.054 197.136 0 0 0
A2259  ep = 2450400.5
2.27135 0.00784286 3.14954 267.593 317.912 216.216 0 0 0
A2260  ep = 2450400.5
3.67531 0.0123451 9.84513 198.122 48.6391 316.423 0 0 0
A2261  ep = 2450400.5
2.63711 0.0201875 8.90916 56.215 85.0039 345.582 0 0 0
A2262  ep = 2450400.5
1.64059 0.0798125 3.09159 73.5675 295.609 64.8871 0 0 0
A2263  ep = 2450400.5
3.63457 0.0616512 4.71689 289.713 251.844 53.4574 0 0 0
A2264  ep = 2450400.5
1.60884 0.0774955 8.66896 334.024 312.676 353.023 0 0 0
A2265  ep = 2450400.5
3.15282 0.086344 0.834858 192.032 106.319 240.245 0 0 0
A2266  ep = 2450400.5
2.75233 0.0183737 8.07259 35.7855 279.269 85.8856 0 0 0
A2267  ep = 2450400.5
3.19103 0.0937832 4.14417 325.039 242.042 134.153 0 0 0
A2268  ep = 2450400.5
3.81513 0.0555672 9.1786 137.287 330.351 317.191 0 0 0
A2269  ep = 2450400.5
1.95176 0.077215 5.51942 17.5633 316.223 293.273 0 0 0
A2270  ep = 2450400.5
1.5961 0.000791467 7.02188 351.821 175.012 156.794 0 0 0
A2271  ep = 2450400.5
2.63245 0.076482 8.33373 180.267 304.608 36.1996 0 0 0
A2272  ep = 2450400.5
3.57895 0.062577 5.31035 354.018 314.945 167.901 0 0 0
A2273  ep = 2450400.5
2.60616 0.0638343 7.63523 66.7102 189.889 160.115 0 0 0
A2274  ep = 2450400.5
1.72352 0.0125495 7.19866 158.704 112.584 55.837 0 0 0
A2275  ep = 2450400.5
2.35938 0.0847431 0.778276 100.077 177.285 76.4549 0 0 0
A2276  ep = 2450400.5
3.90165 0.046135 5.91737 276.441 207.726 213.008 0 0 0
A2277  ep = 2450400.5
3.85485 0.0289688 4.78984 118.395 24.5278 255.961 0 0 0
A2278  ep = 2450400.5
1.65422 0.0158908 6.77143 62.367 47.2421 331.077 0 0 0
A2279  ep = 2450400.5
2.15092 0.0221 2.33874 150.979 332.467 249.593 0 0 0
A2280  ep = 2450400.5
3.33412 0.0650294 0.48748 121.809 215.336 167.988 0 0 0
A2281  ep = 2450400.5
3.28999 0.0561996 2.46209 211.06 258.268 33.4532 0 0 0
A2282  ep = 2450400.5
1.93354 0.0427442 9.01345 348.934 247.475 185.962 0 0 0
A2283  ep = 2450400.5
2.75648 0.048864 3.57897 79.6191 89.6081 10.1345 0 0 0
A2284  ep = 2450400.5
1.92727 0.0164748 1.9209 160.728 162.374 122.446 0 0 0
A2285  ep = 2450400.5
2.53603 0.0807478 8.28839 203.201 207.537 38.0785 0 0 0
A2286  ep = 2450400.5
2.26878 0.0267563 3.93488 213.984 269.426 175.017 0 0 0
A2287  ep = 2450400.5
1.69422 0.0588081 1.87229 205.486 53.1044 349.589 0 0 0
A2288  ep = 2450400.5
3.13637 0.0695818 9.61198 127.959 322.517 186.729 0 0 0
A2289  ep = 2450400.5
2.45293 0.0410074 4.10946 218.941 154.504 193.483 0 0 0
A2290  ep = 2450400.5
1.52047 0.0477503 8.39581 194.707 165.05 128.707 0 0 0
A2291  ep = 2450400.5
2.29903 0.0346452 1.82198 352.045 117.266 311.034 0 0 0
A2292  ep = 2450400.5
1.71317 0.0951612 9.74354 2.52018 315.694 254.139 0 0 0
A2293  ep = 2450400.5
1.72648 0.0980636 9.55286 210.578 33.4666 248.342 0 0 0
A2294  ep = 2450400.5
1.68598 0.0108883 1.00075 262.684 170.624 197.151 0 0 0
A2295  ep = 2450400.5
1.69826 0.0351556 1.60171 163.571 338.058 186.352 0 0 0
A2296  ep = 2450400.5
1.85357 0.00338294 9.57111 189.942 184.122 236.536 0 0 0
A2297  ep = 2450400.5
3.63764 0.093126 6.68037 342.284 88.0955 303.856 0 0 0
A2298  ep = 2450400.5
3.34834 0.0217041 2.80186 77.6151 6.60442 250.766 0 0 0
A2299  ep = 2450400.5
1.65025 0.0820824 2.58599 300.341 13.8721 9.89624 0 0 0
A2300  ep = 2450400.5
1.80238 0.0696971 1.99888 337.548 144.093 56.1709 0 0 0
A2301  ep = 2450400.5
2.28373 0.0616402 0.860384 332.063 287.062 122.91 0 0 0
A2302  ep = 2450400.5
3.28554 0.0952308 3.43341 330.921 116.543 194.424 0 0 0
A2303  ep = 2450400.5
3.16165 0.0625683 5.85583 43.2798 109.22 258.753 0 0 0
A2304  ep = 2450400.5
3.72773 0.0544246 9.14131 155.553 50.1671 79.4225 0 0 0
A2305  ep = 2450400.5
2.79045 0.00789718 7.27955 231.093 100.189 228.054 0 0 0
A2306  ep = 2450400.5
2.48346 0.0141989 6.40229 346.909 197.994 229.896 0 0 0
A2307  ep = 2450400.5
3.78613 0.0644933 5.39141 213.125 11.4865 99.9519 0 0 0
A2308  ep = 2450400.5
2.61181 0.0586944 6.76934 64.7686 87.3896 298.02 0 0 0
A2309  ep = 2450400.5
3.95099 0.0786983 3.82999 131.978 185.657 87.9785 0 0 0
A2310  ep = 2450400.5
3.35846 0.0132359 7.55173 212.949 134.281 119.706 0 0 0
A2311  ep = 2450400.5
2.32211 0.016049 8.34726 183.736 98.2293 173.445 0 0 0
A2312  ep = 2450400.5
4.0117 0.0788486 1.08621 123.734 349.761 277.154 0 0 0
A2313  ep = 2450400.5
3.64066 0.0809907 8.1033 53.4925 18.8516 98.1513 0 0 0
A2314  ep = 2450400.5
3.40923 0.0797016 1.45115 12.1025 221.307 68.4665 0 0 0
A2315  ep = 2450400.5
3.56534 0.0678666 6.33645 124.705 278.092 122.075 0 0 0
A2316  ep = 2450400.5
2.67507 0.0513062 2.03949 333.206 188.431 31.5964 0 0 0
A2317  ep = 2450400.5
3.76544 0.0654668 7.01162 152.271 40.7973 116.542 0 0 0
A2318  ep = 2450400.5
1.71501 0.0748661 4.74951 327.24 27.4027 258.645 0 0 0
A2319  ep = 2450400.5
2.76455 0.0154926 3.84652 122.091 306.779 105.778 0 0 0
A2320  ep = 2450400.5
2.18795 0.0742945 8.67109 282.937 238.801 69.4579 0 0 0
A2321  ep = 2450400.5
2.15136 0.0520733 3.96606 72.6737 316.798 99.3072 0 0 0
A2322  ep = 2450400.5
2.74252 0.0393181 0.192482 308.825 9.34942 349.258 0 0 0
A2323  ep = 2450400.5
1.72415 0.0393425 8.29475 346.91 259.625 231.164 0 0 0
A2324  ep = 2450400.5
2.72823 0.0842362 5.58033 152.228 9.27792 194.245 0 0 0
A2325  ep = 2450400.5
3.75545 0.0627273 9.57745 347.065 223.595 2.46821 0 0 0
A2326  ep = 2450400.5
1.52196 0.0988432 1.57696 159.317 349.715 186.386 0 0 0
A2327  ep = 2450400.5
3.07998 0.0982897 8.5531 183.971 146.372 177.289 0 0 0
A2328  ep = 2450400.5
2.92714 0.031445 7.96727 306.49 65.7695 277.009 0 0 0
A2329  ep = 2450400.5
2.4912 0.0329886 1.40029 288.206 51.6275 112.186 0 0 0
A2330  ep = 2450400.5
1.80687 0.00459877 2.91557 228.936 71.1054 180.139 0 0 0
A2331  ep = 2450400.5
3.69698 0.0456835 8.03167 309.362 49.4808 51.0702 0 0 0
A2332  ep = 2450400.5
3.93362 0.0320022 5.61732 270.818 155.82 61.1461 0 0 0
A2333  ep = 2450400.5
1.80332 0.00770628 5.19464 299.315 129.417 326.368 0 0 0
A2334  ep = 2450400.5
2.47663 0.0302219 9.39567 166.848 318.481 315.951 0 0 0
A2335  ep = 2450400.5
2.41429 0.0392691 4.95568 233.048 159.733 215.528 0 0 0
A2336  ep = 2450400.5
1.6562 0.0699987 8.6893 74.7691 267.894 212.27 0 0 0
A2337  ep = 2450400.5
3.39542 0.0234048 0.653098 297.564 265.05 69.88 0 0 0
A2338  ep = 2450400.5
3.07372 0.0781733 4.57959 295.43 346.707 340.334 0 0 0
A2339  ep = 2450400.5
3.66675 0.0277111 8.41099 161.293 15.0888 150.279 0 0 0
A2340  ep = 2450400.5
3.42955 0.0657928 6.79328 167.93 88.2042 351.26 0 0 0
A2341  ep = 2450400.5
3.50415 0.0827666 9.58722 72.5932 151.485 345.827 0 0 0
A2342  ep = 2450400.5
2.30908 0.0898077 4.98564 3.61366 154.931 272.694 0 0 0
A2343  ep = 2450400.5
3.13178 0.00891849 7.93021 268.726 78.1752 131.995 0 0 0
A2344  ep = 2450400.5
2.33072 0.0547721 0.550802 29.5026 226.499 107.203 0 0 0
A2345  ep = 2450400.5
2.06733 0.04561 2.6754 48.6794 180.566 35.0301 0 0 0
A2346  ep = 2450400.5
2.76808 0.0240081 1.0491 345.37 272.155 133.25 0 0 0
A2347  ep = 2450400.5
3.1227 0.0138432 9.63235 272.841 7.26537 301.397 0 0 0
A2348  ep = 2450400.5
3.53124 0.0196653 1.15501 70.0893 354.759 20.9423 0 0 0
A2349  ep = 2450400.5
3.7781 0.0816511 4.09273 200.457 269.979 296.012 0 0 0
A2350  ep = 2450400.5
3.94911 0.0750641 1.02285 277.686 335.879 105.056 0 0 0
A2351  ep = 2450400.5
3.35547 0.0610752 5.9068 326.379 209.899 182.163 0 0 0
A2352  ep = 2450400.5
3.85496 0.0604527 2.28224 194.244 276.523 175.76 0 0 0
A2353  ep = 2450400.5
3.78064 0.0693043 0.979421 106.763 230.537 106.558 0 0 0
A2354  ep = 2450400.5
3.54136 0.0466579 9.79229 110.823 214.169 53.6874 0 0 0
A2355  ep = 2450400.5
3.29877 0.0858865 1.94157 147.057 182.021 284.642 0 0 0
A2356  ep = 2450400.5
4.00611 0.0406158 7.29135 331.37 145.984 285.234 0 0 0
A2357  ep = 2450400.5
3.35122 0.00813516 9.27556 246.377 33.9357 347.66 0 0 0
A2358  ep = 2450400.5
2.38389 0.0678328 7.66019 41.8102 305.867 131.838 0 0 0
A2359  ep = 2450400.5
1.58932 0.0952626 2.7866 344.428 242.137 153.659 0 0 0
A2360  ep = 2450400.5
2.82747 0.0745674 8.53783 105.396 113.974 240.266 0 0 0
A2361  ep = 2450400.5
3.41714 0.0958864 6.63116 45.6287 290.601 199.487 0 0 0
A2362  ep = 2450400.5
3.2135 0.00633968 9.51013 316.521 356.327 87.6473 0 0 0
A2363  ep = 2450400.5
2.55414 0.0354459 1.38935 282.76 43.8898 84.8227 0 0 0
A2364  ep = 2450400.5
1.87639 0.0615809 4.90548 162.761 210.119 14.5695 0 0 0
A2365  ep = 2450400.5
2.70048 0.0342645 0.829731 161.417 247.678 61.059 0 0 0
A2366  ep = 2450400.5
4.02846 0.071075 4.57787 140.433 206.418 120.653 0 0 0
A2367  ep = 2450400.5
3.16283 0.0974932 1.67952 53.4011 334.965 50.8641 0 0 0
A2368  ep = 2450400.5
1.86333 0.0936047 2.14685 104.913 172.538 3.05442 0 0 0
A2369  ep = 2450400.5
2.54813 0.0467459 9.57867 163.47 278.376 22.1749 0 0 0
A2370  ep = 2450400.5
2.35691 0.0100871 0.332151 266.215 108.656 208.84 0 0 0
A2371  ep = 2450400.5
3.34696 0.00651174 6.42738 297.09 130.822 68.4005 0 0 0
A2372  ep = 2450400.5
1.62197 0.0327928 4.48768 174.119 43.4584 211.156 0 0 0
A2373  ep = 2450400.5
2.34588 0.0967918 7.79471 260.146 314.927 119.58 0 0 0
A2374  ep = 2450400.5
3.88167 0.0757823 3.73191 321.945 353.901 31.0014 0 0 0
A2375  ep = 2450400.5
3.49917 0.0102763 6.14269 325.737 107.206 97.2825 0 0 0
A2376  ep = 2450400.5
2.83862 0.000840526 5.26719 266.94 23.747 310.662 0 0 0
A2377  ep = 2450400.5
3.32502 0.0127922 2.98827 155.123 56.462 26.8146 0 0 0
A2378  ep = 2450400.5
1.59465 0.087793 6.37571 35.6247 67.2871 145 0 0 0
A2379  ep = 2450400.5
2.47831 0.084554 6.98619 111.271 22.9994 224.944 0 0 0
A2380  ep = 2450400.5
2.52622 0.0685098 1.44285 144.314 47.6207 200.922 0 0 0
A2381  ep = 2450400.5
1.66008 0.00711347 9.56027 314.956 328.357 89.2243 0 0 0
A2382  ep = 2450400.5
1.90692 0.031244 1.17128 79.72 231.097 135.959 0 0 0
A2383  ep = 2450400.5
2.48335 0.0174743 1.90173 166.736 67.0737 107.838 0 0 0
A2384  ep = 2450400.5
3.13311 0.0317771 5.77751 105.578 354.111 322.567 0 0 0
A2385  ep = 2450400.5
2.54771 0.000683713 4.91163 272.083 71.4937 116.364 0 0 0
A2386  ep = 2450400.5
3.03215 0.04235 6.7711 122.265 10.2418 51.5659 0 0 0
A2387  ep = 2450400.5
3.37396 0.0822277 5.00287 67.4484 279.82 286.725 0 0 0
A2388  ep = 2450400.5
1.56313 0.0361192 6.56065 166.398 1.99847 115.97 0 0 0
A2389  ep = 2450400.5
2.43102 0.0709919 2.6106 106.44 203.63 354.855 0 0 0
A2390  ep = 2450400.5
2.36874 0.0248257 5.45049 237.839 86.1886 27.4584 0 0 0
A2391  ep = 2450400.5
2.39966 0.0436393 2.46307 176.175 265.506 287.614 0 0 0
A2392  ep = 2450400.5
1.91261 0.0820789 2.99288 94.5472 356.64 233.667 0 0 0
A2393  ep = 2450400.5
1.89286 0.0821353 0.485569 98.5541 342.882 70.5995 0 0 0
A2394  ep = 2450400.5
3.97576 0.0709664 3.31683 27.4473 251.074 287.814 0 0 0
A2395  ep = 2450400.5
1.66091 0.0886986 1.56569 164.577 167.301 298.01 0 0 0
A2396  ep = 2450400.5
2.80974 0.000998373 7.79648 295.48 356.9 343.303 0 0 0
A2397  ep = 2450400.5
1.58915 0.095253 9.17763 287.819 324.25 140.086 0 0 0
A2398  ep = 2450400.5
2.03447 0.0238077 3.36181 341.958 31.619 288.65 0 0 0
A2399  ep = 2450400.5
2.78942 0.0164339 2.046 82.1008 174.182 118.091 0 0 0
A2400  ep = 2450400.5
2.7262 0.01896 1.613 339.144 219.19 235.227 0 0 0
A2401  ep = 2450400.5
3.20184 0.0867936 6.39942 345.357 16.5268 180.801 0 0 0
A2402  ep = 2450400.5
1.91266 0.0629664 3.76502 250.789 283.82 259.492 0 0 0
A2403  ep = 2450400.5
1.73812 0.0261163 3.37075 160.001 200.741 351.751 0 0 0
A2404  ep = 2450400.5
2.68942 0.0898826 5.56755 134.153 151.058 189.077 0 0 0
A2405  ep = 2450400.5
4.09199 0.0917522 4.79186 83.9225 215.627 354.838 0 0 0
A2406  ep = 2450400.5
2.98386 0.0650066 1.66013 83.6269 57.1085 260.665 0 0 0
A2407  ep = 2450400.5
2.45345 0.0839681 8.51229 343.803 63.0673 286.434 0 0 0
A2408  ep = 2450400.5
3.23329 0.0899575 6.15131 324.016 129.918 140.563 0 0 0
A2409  ep = 2450400.5
1.53975 0.0195419 4.41178 328.831 218.022 339.527 0 0 0
A2410  ep = 2450400.5
1.88447 0.0788771 1.87713 209.532 137.225 288.516 0 0 0
A2411  ep = 2450400.5
3.34437 0.0437392 0.248304 176.421 155.466 342.296 0 0 0
A2412  ep = 2450400.5
1.62704 0.0585208 6.5832 83.8675 63.6112 172.955 0 0 0
A2413  ep = 2450400.5
3.34753 0.0702602 5.6255 84.308 107.839 357.535 0 0 0
A2414  ep = 2450400.5
3.50533 0.0436174 4.7742 247.918 5.52932 150.651 0 0 0
A2415  ep = 2450400.5
2.77891 0.0596132 9.18436 315.314 317.129 77.8144 0 0 0
A2416  ep = 2450400.5
2.75606 0.0838454 4.88962 189.644 76.6103 149.742 0 0 0
A2417  ep = 2450400.5
1.9008 0.0721339 6.54492 347.675 186.196 190.658 0 0 0
A2418  ep = 2450400.5
3.46608 0.0672734 7.6464 117.214 303.393 318.208 0 0 0
A2419  ep = 2450400.5
3.17574 0.0893594 5.63519 167.383 98.6372 61.1372 0 0 0
A2420  ep = 2450400.5
3.8266 0.0178945 5.53561 86.6636 303.66 46.909 0 0 0
A2421  ep = 2450400.5
3.57793 0.0485196 0.68383 324.051 30.7388 77.1264 0 0 0
A2422  ep = 2450400.5
3.4471 0.0255629 6.35702 198.408 184.798 41.5292 0 0 0
A2423  ep = 2450400.5
2.73165 0.0406066 7.75901 155.892 91.4206 8.27476 0 0 0
A2424  ep = 2450400.5
3.85424 0.0712461 6.33746 31.3329 137.317 163.692 0 0 0
A2425  ep = 2450400.5
1.78099 0.0656152 7.95236 129.82 121.52 203.302 0 0 0
A2426  ep = 2450400.5
2.38214 0.0208963 6.03862 103.652 47.6138 356.513 0 0 0
A2427  ep = 2450400.5
4.05835 0.0155296 7.05715 164.206 85.2862 36.1276 0 0 0
A2428  ep = 2450400.5
2.02855 0.0955283 7.43854 122.584 331.712 86.2492 0 0 0
A2429  ep = 2450400.5
3.81842 0.0532656 0.349607 339.081 317.882 121.772 0 0 0
A2430  ep = 2450400.5
4.05015 0.0907986 6.51243 171.731 300.937 137.854 0 0 0
A2431  ep = 2450400.5
3.3693 0.0867924 4.20089 235.672 102.353 52.4669 0 0 0
A2432  ep = 2450400.5
4.07151 0.099896 4.51743 273.809 56.414 45.5481 0 0 0
A2433  ep = 2450400.5
2.52529 0.0285993 3.68122 131.589 332.761 302.542 0 0 0
A2434  ep = 2450400.5
2.36804 0.0236331 0.0153144 297.459 241.973 190.688 0 0 0
A2435  ep = 2450400.5
2.45294 0.0341886 1.07273 252.231 151.016 2.24045 0 0 0
A2436  ep = 2450400.5
3.87241 5.02896e-05 5.45217 299.524 291.306 178.304 0 0 0
A2437  ep = 2450400.5
3.94645 0.0903606 7.90518 8.49649 342.021 169.733 0 0 0
A2438  ep = 2450400.5
1.94283 0.00584408 2.21522 326.395 78.4034 281.665 0 0 0
A2439  ep = 2450400.5
4.0841 0.0735038 4.77622 232.835 0.0684081 216.151 0 0 0
A2440  ep = 2450400.5
2.16755 0.0846149 4.23016 98.8557 283.7 144.877 0 0 0
A2441  ep = 2450400.5
2.80705 0.0312958 4.88323 77.0512 102.545 142.815 0 0 0
A2442  ep = 2450400.5
2.06071 0.0897155 8.47939 194.634 278.261 206.995 0 0 0
A2443  ep = 2450400.5
1.71094 0.094259 7.10231 288.591 336.187 69.7096 0 0 0
A2444  ep = 2450400.5
3.94184 0.0447857 5.14091 75.4273 58.0246 341.749 0 0 0
A2445  ep = 2450400.5
2.88133 0.0801454 1.04128 283.787 238.33 352.733 0 0 0
A2446  ep = 2450400.5
1.85037 0.00999306 9.53365 88.1767 272.924 20.449 0 0 0
A2447  ep = 2450400.5
3.56745 0.0345689 2.99788 115.298 32.657 300.855 0 0 0
A2448  ep = 2450400.5
3.74225 0.0889195 9.69449 341.584 243.173 171.68 0 0 0
A2449  ep = 2450400.5
2.2293 0.087782 2.51818 147.991 307.713 299.29 0 0 0
A2450  ep = 2450400.5
4.03384 0.0665875 2.36644 351.833 143.808 176.83 0 0 0
A2451  ep = 2450400.5
2.09613 0.00953228 1.09078 23.0854 356.645 165.279 0 0 0
A2452  ep = 2450400.5
2.10693 0.06991 8.78099 36.7917 240.173 155.827 0 0 0
A2453  ep = 2450400.5
2.65395 0.0191047 4.92672 272.862 30.2007 232.914 0 0 0
A2454  ep = 2450400.5
3.30488 0.00958484 0.92432 27.5009 45.1654 118.02 0 0 0
A2455  ep = 2450400.5
2.68327 0.0144639 4.94185 346.573 61.0311 205.925 0 0 0
A2456  ep = 2450400.5
3.45989 0.0627845 8.1882 237.623 56.0988 238.022 0 0 0
A2457  ep = 2450400.5
2.11184 0.0622079 7.28478 307.696 178.904 2.72003 0 0 0
A2458  ep = 2450400.5
2.01344 0.0439812 9.92565 256.682 206.798 249.419 0 0 0
A2459  ep = 2450400.5
3.35537 0.0278405 2.15278 272.478 47.0642 141.07 0 0 0
A2460  ep = 2450400.5
3.0723 0.0332232 3.82438 347.875 159.876 119.96 0 0 0
A2461  ep = 2450400.5
1.78451 0.0720619 0.446067 202.607 175.528 169.962 0 0 0
A2462  ep = 2450400.5
4.03863 0.0359624 1.20207 296.877 52.097 280.513 0 0 0
A2463  ep = 2450400.5
2.7766 0.0439244 8.37168 9.2849 225.987 237.127 0 0 0
A2464  ep = 2450400.5
2.20297 0.0134443 5.57856 44.0124 171.725 135.415 0 0 0
A2465  ep = 2450400.5
3.69736 0.00348955 8.48945 219.482 199.655 287.385 0 0 0
A2466  ep = 2450400.5
2.21076 0.0418137 8.63414 63.543 334.683 142.722 0 0 0
A2467  ep = 2450400.5
2.79815 0.07543 6.51285 72.6691 143.06 328.832 0 0 0
A2468  ep = 2450400.5
2.65726 0.0611614 2.39579 131.535 97.0168 279.049 0 0 0
A2469  ep = 2450400.5
3.07365 0.0334702 5.33049 63.2056 316.062 102.825 0 0 0
A2470  ep = 2450400.5
3.58507 0.00467037 8.94954 87.0362 234.132 97.8351 0 0 0
A2471  ep = 2450400.5
2.77786 0.0561359 0.765686 78.4436 100.358 270.965 0 0 0
A2472  ep = 2450400.5
3.70483 0.0152609 7.90533 326.781 172.335 45.7512 0 0 0
A2473  ep = 2450400.5
3.60151 0.0294612 5.54448 50.3296 108.996 44.4055 0 0 0
A2474  ep = 2450400.5
1.61407 0.0246418 2.55298 265.744 63.3295 28.3353 0 0 0
A2475  ep = 2450400.5
2.13936 0.0322729 6.11145 5.90791 285.945 332.16 0 0 0
A2476  ep = 2450400.5
1.96549 0.0114145 3.42682 261.549 116.068 313.759 0 0 0
A2477  ep = 2450400.5
2.70783 0.0597974 8.14758 178.47 186.102 111.924 0 0 0
A2478  ep = 2450400.5
3.44639 0.0363692 6.56866 251.698 304.547 126.806 0 0 0
A2479  ep = 2450400.5
3.41912 0.0400002 8.82897 320.846 327.878 159.722 0 0 0
A2480  ep = 2450400.5
2.6722 0.08581 5.09253 218.196 319.483 35.5316 0 0 0
A2481  ep = 2450400.5
3.48486 0.0246628 3.07946 106.191 164.386 27.1219 0 0 0
A2482  ep = 2450400.5
1.62757 0.0140323 3.41512 45.7206 237.025 38.878 0 0 0
A2483  ep = 2450400.5
2.04589 0.0380809 5.25073 196.912 80.2981 145.161 0 0 0
A2484  ep = 2450400.5
2.10203 0.0499816 6.40472 175.507 127.021 316.16 0 0 0
A2485  ep = 2450400.5
3.42112 0.0606887 7.95501 214.517 173.917 244.33 0 0 0
A2486  ep = 2450400.5
3.91417 0.0593502 4.98348 53.9584 184.529 163.547 0 0 0
A2487  ep = 2450400.5
2.05855 0.0655764 3.43043 267.748 353.664 198.706 0 0 0
A2488  ep = 2450400.5
2.58124 0.0625739 8.79757 344.757 296.036 240.537 0 0 0
A2489  ep = 2450400.5
2.58223 0.0384277 7.54548 80.9319 207.73 46.2201 0 0 0
A2490  ep = 2450400.5
3.64151 0.069513 0.0446308 169.559 5.13856 180.927 0 0 0
A2491  ep = 2450400.5
3.49005 0.0405335 8.46522 354.207 202.587 206.792 0 0 0
A2492  ep = 2450400.5
2.51192 0.0129605 0.270139 138.874 269.248 55.2506 0 0 0
A2493  ep = 2450400.5
3.56175 0.0529281 4.62047 19.6159 39.8065 120.659 0 0 0
A2494  ep = 2450400.5
3.67238 0.0707271 2.10168 73.2144 68.8439 71.9586 0 0 0
A2495  ep = 2450400.5
3.46112 0.0292476 9.64938 21.6562 170.823 28.5193 0 0 0
A2496  ep = 2450400.5
2.52015 0.0429654 5.20222 294.145 26.9421 198.135 0 0 0
A2497  ep = 2450400.5
2.8291 0.0664805 0.378371 303.85 225.319 288.814 0 0 0
A2498  ep = 2450400.5
2.99203 0.0604935 0.137137 184.789 240.428 125.822 0 0 0
A2499  ep = 2450400.5
3.45758 0.0512253 1.42863 39.723 323.331 69.1632 0 0 0
A2500  ep = 2450400.5
3.80237 0.0530482 3.81227 311.679 156.296 183.357 0 0 0
A2501  ep = 2450400.5
2.21387 0.0527241 7.33476 222.11 121.822 141.933 0 0 0
A2502  ep = 2450400.5
3.92609 0.0455826 2.07048 359.842 124.315 203.684 0 0 0
A2503  ep = 2450400.5
1.95233 0.0370218 7.24702 22.6586 275.506 65.7524 0 0 0
A2504  ep = 2450400.5
3.39733 0.0282681 4.01619 94.002 250.383 104.851 0 0 0
A2505  ep = 2450400.5
1.71941 0.0860691 9.62723 320.427 278.937 204.361 0 0 0
A2506  ep = 2450400.5
3.23912 0.048554 1.46734 164.761 164.006 299.063 0 0 0
A2507  ep = 2450400.5
2.54649 0.0853848 7.62881 255.437 35.5871 49.3194 0 0 0
A2508  ep = 2450400.5
3.48912 0.0407502 2.88809 230.125 65.9191 92.1317 0 0 0
A2509  ep = 2450400.5
1.59367 0.0837863 8.9682 133.578 48.3783 228.705 0 0 0
A2510  ep = 2450400.5
3.58922 0.0208718 1.92164 299.028 234.736 246.163 0 0 0
A2511  ep = 2450400.5
2.08623 0.00293962 8.06206 334.329 84.5675 128.652 0 0 0
A2512  ep = 2450400.5
3.21002 0.0498713 2.87186 7.59234 55.1369 31.4148 0 0 0
A2513  ep = 2450400.5
3.9393 0.0734616 7.69316 92.1281 301.399 116.597 0 0 0
A2514  ep = 2450400.5
3.77741 0.0199869 9.19786 237.606 92.9382 250.649 0 0 0
A2515  ep = 2450400.5
3.98139 0.0333048 8.52996 107.693 338.526 212.727 0 0 0
A2516  ep = 2450400.5
2.54012 0.0389558 1.29888 357.234 22.6306 36.4225 0 0 0
A2517  ep = 2450400.5
3.50254 0.0250268 1.25073 95.9027 23.1539 347.053 0 0 0
A2518  ep = 2450400.5
2.11126 0.00527537 1.63201 33.2633 272.116 99.1789 0 0 0
A2519  ep = 2450400.5
2.45851 0.0367716 2.20665 117.686 259.498 244.434 0 0 0
A2520  ep = 2450400.5
3.76555 0.0634672 2.93008 216.381 42.4038 73.0351 0 0 0
A2521  ep = 2450400.5
3.88425 0.0269021 9.43418 266.127 297.479 338.32 0 0 0
A2522  ep = 2450400.5
3.64611 0.0848731 1.61411 282.616 304.991 216.534 0 0 0
A2523  ep = 2450400.5
2.97001 0.0296618 6.25559 354.804 95.2756 179.209 0 0 0
A2524  ep = 2450400.5
1.97016 0.0507446 2.64862 70.7891 84.6998 63.3101 0 0 0
A2525  ep = 2450400.5
3.72219 0.0934633 5.37847 200.018 17.2159 87.3897 0 0 0
A2526  ep = 2450400.5
3.85616 0.0614703 0.313937 263.318 296.547 275.084 0 0 0
A2527  ep = 2450400.5
3.08842 0.0157568 6.23788 7.36867 112.869 289.018 0 0 0
A2528  ep = 2450400.5
3.48727 0.0559026 0.550364 131.546 65.6757 110.106 0 0 0
A2529  ep = 2450400.5
3.332 0.0136162 0.482558 132.586 174.711 81.4746 0 0 0
A2530  ep = 2450400.5
3.64989 0.00801836 0.645063 31.5721 36.9796 270.954 0 0 0
A2531  ep = 2450400.5
2.49466 0.0208962 8.02553 136.279 105.827 85.8545 0 0 0
A2532  ep = 2450400.5
2.68429 0.0767442 7.39843 171.334 75.526 283.844 0 0 0
A2533  ep = 2450400.5
1.62258 0.000363171 3.03817 201.888 15.528 107.891 0 0 0
A2534  ep = 2450400.5
2.52027 0.0425929 8.58183 264.307 320.526 82.4699 0 0 0
A2535  ep = 2450400.5
2.35094 0.0541381 3.98568 200.272 18.9536 117.04 0 0 0
A2536  ep = 2450400.5
1.65816 0.0797238 1.18719 32.3928 145.272 67.9667 0 0 0
A2537  ep = 2450400.5
2.04463 0.0181238 2.0635 187.212 90.1989 161.557 0 0 0
A2538  ep = 2450400.5
3.30347 0.00173251 3.18274 140.674 315.742 47.9885 0 0 0
A2539  ep = 2450400.5
1.56722 0.00612936 1.16126 280.321 110.643 47.2401 0 0 0
A2540  ep = 2450400.5
2.95287 0.00651933 5.70428 99.1207 350.927 7.91777 0 0 0
A2541  ep = 2450400.5
3.87254 0.0979024 1.44824 275.735 53.061 285.404 0 0 0
A2542  ep = 2450400.5
3.22353 0.0736721 1.06445 260.137 231.462 124.787 0 0 0
A2543  ep = 2450400.5
2.56288 0.0222586 8.01084 24.2939 132.492 321.61 0 0 0
A2544  ep = 2450400.5
2.54069 0.0293334 9.05633 355.801 227.942 183.237 0 0 0
A2545  ep = 2450400.5
1.60924 0.0107441 4.76767 170.212 78.1817 238.118 0 0 0
A2546  ep = 2450400.5
2.42361 0.0295945 8.95105 62.6317 227.221 154.166 0 0 0
A2547  ep = 2450400.5
2.69353 0.0587185 5.81072 278.245 65.7356 227.919 0 0 0
A2548  ep = 2450400.5
1.658 0.0753763 2.50293 34.1764 88.5643 349.847 0 0 0
A2549  ep = 2450400.5
1.97315 0.00489536 3.76344 298.222 110.382 65.6969 0 0 0
A2550  ep = 2450400.5
3.75165 0.0182468 4.73269 342.444 3.95716 316.93 0 0 0
A2551  ep = 2450400.5
3.0531 0.0115411 0.719461 6.54585 30.5314 84.6596 0 0 0
A2552  ep = 2450400.5
3.01061 3.38426e-05 4.68792 202.746 11.0485 334.333 0 0 0
A2553  ep = 2450400.5
2.17309 0.0503845 3.12023 297.765 59.0313 356.765 0 0 0
A2554  ep = 2450400.5
2.53191 0.0683526 9.02087 28.634 244.772 60.3566 0 0 0
A2555  ep = 2450400.5
3.40805 0.0387487 1.49984 190.819 326.91 62.9937 0 0 0
A2556  ep = 2450400.5
1.90006 0.0483035 3.37427 12.7863 266.811 112.899 0 0 0
A2557  ep = 2450400.5
2.3 0.0412665 9.65645 220.471 72.4016 247.173 0 0 0
A2558  ep = 2450400.5
2.68406 0.0619405 2.33483 231.355 144.151 319.812 0 0 0
A2559  ep = 2450400.5
2.75846 0.0472918 4.32564 53.2963 205.679 288.849 0 0 0
A2560  ep = 2450400.5
2.94255 0.0638371 5.09805 333.186 338.612 346.145 0 0 0
A2561  ep = 2450400.5
3.59578 0.090435 9.40524 183.16 281.935 337.077 0 0 0
A2562  ep = 2450400.5
2.14193 0.0838549 8.50103 61.002 135.721 214.993 0 0 0
A2563  ep = 2450400.5
1.63428 0.0881584 2.77885 256.9 29.8169 262.676 0 0 0
A2564  ep = 2450400.5
2.94857 0.0740346 1.99228 348.746 160.504 186.396 0 0 0
A2565  ep = 2450400.5
2.68313 0.0652725 3.34124 133.169 33.7742 238.543 0 0 0
A2566  ep = 2450400.5
3.02624 0.0838815 1.96589 176.282 17.1019 272.476 0 0 0
A2567  ep = 2450400.5
1.98177 0.0529538 3.94303 351.48 124.414 103.777 0 0 0
A2568  ep = 2450400.5
3.70502 0.0937793 2.49494 282.555 55.8688 47.6137 0 0 0
A2569  ep = 2450400.5
3.52434 0.0812006 4.39235 297.601 192.596 180.997 0 0 0
A2570  ep = 2450400.5
2.34317 0.00857802 0.707714 255.413 285.519 284.284 0 0 0
A2571  ep = 2450400.5
3.65944 0.0108154 1.74643 44.5165 82.5357 308.914 0 0 0
A2572  ep = 2450400.5
3.76968 0.0966053 8.45943 76.2676 100.733 274.016 0 0 0
A2573  ep = 2450400.5
2.17691 0.0455455 4.82551 162.887 248.559 212.95 0 0 0
A2574  ep = 2450400.5
2.85756 0.0106007 9.66651 282.223 174.064 186.069 0 0 0
A2575  ep = 2450400.5
2.36917 0.0551353 5.58276 86.4396 164.01 88.74 0 0 0
A2576  ep = 2450400.5
3.22625 0.0381379 5.84063 48.5366 226.51 245.388 0 0 0
A2577  ep = 2450400.5
3.48393 0.0758302 9.78527 304.088 199.986 267.053 0 0 0
A2578  ep = 2450400.5
2.31553 0.0287409 6.47712 163.948 241.825 155.663 0 0 0
A2579  ep = 2450400.5
2.86589 0.024253 0.200639 162.757 141.853 216.806 0 0 0
A2580  ep = 2450400.5
2.66482 0.0129116 4.04576 133.243 294.133 1.18044 0 0 0
A2581  ep = 2450400.5
1.5372 0.045364 2.3288 354.341 334.71 278.981 0 0 0
A2582  ep = 2450400.5
2.3662 0.0133732 2.62729 182.394 241.449 73.8397 0 0 0
A2583  ep = 2450400.5
2.76224 0.0420461 0.679655 48.0717 275.915 359.854 0 0 0
A2584  ep = 2450400.5
3.63828 0.0774182 9.67371 123.701 334.513 120.072 0 0 0
A2585  ep = 2450400.5
3.44028 0.0403732 6.52368 226.912 32.4524 154.123 0 0 0
A2586  ep = 2450400.5
3.89898 0.0571427 9.9682 352.442 345.024 138.021 0 0 0
A2587  ep = 2450400.5
2.88126 0.0423989 4.97674 128.977 132.912 308.011 0 0 0
A2588  ep = 2450400.5
2.79394 0.00352804 3.958 348.815 74.9729 153.042 0 0 0
A2589  ep = 2450400.5
1.76597 0.0186195 1.38215 103.6 313.071 190.319 0 0 0
A2590  ep = 2450400.5
1.56555 0.00998111 4.52485 144.203 7.02438 277.46 0 0 0
A2591  ep = 2450400.5
2.63124 0.0705715 3.95309 339.34 146.62 236.756 0 0 0
A2592  ep = 2450400.5
3.39113 0.01034 6.84166 352.193 297.863 83.2017 0 0 0
A2593  ep = 2450400.5
2.53633 0.0255438 9.14918 291.676 206.826 214.117 0 0 0
A2594  ep = 2450400.5
2.93178 0.0568056 4.32101 78.1651 209.021 1.46494 0 0 0
A2595  ep = 2450400.5
2.93018 0.0455134 7.43105 29.3175 126.151 341.601 0 0 0
A2596  ep = 2450400.5
1.5825 0.039606 2.58256 196.774 272.671 318.956 0 0 0
A2597  ep = 2450400.5
2.1538 0.00974493 9.83009 294.679 295.554 264.695 0 0 0
A2598  ep = 2450400.5
3.93134 0.0726256 2.18802 91.9671 301.133 210.576 0 0 0
A2599  ep = 2450400.5
1.70513 0.0739682 3.83482 150.664 110.744 156.462 0 0 0
A2600  ep = 2450400.5
4.02941 0.0645414 4.46579 287.824 93.5849 2.36496 0 0 0
A2601  ep = 2450400.5
2.21278 0.0250322 6.1542 26.9811 84.8038 291.884 0 0 0
A2602  ep = 2450400.5
1.88241 0.0750816 4.96583 42.2223 39.9419 354.384 0 0 0
A2603  ep = 2450400.5
3.22085 0.00474566 4.60344 176.634 142.652 303.935 0 0 0
A2604  ep = 2450400.5
4.00717 0.00583093 3.00401 300.957 143.078 234.009 0 0 0
A2605  ep = 2450400.5
3.74258 0.0859944 6.07275 263.284 32.1592 191.869 0 0 0
A2606  ep = 2450400.5
3.83198 0.0542259 5.73923 178.154 308.202 299.175 0 0 0
A2607  ep = 2450400.5
3.88986 0.010895 7.12735 143.315 265.935 132.177 0 0 0
A2608  ep = 2450400.5
2.73659 0.00921086 0.0690504 234.192 264.871 122.499 0 0 0
A2609  ep = 2450400.5
1.72681 0.0279001 0.169877 289.82 49.3756 86.2271 0 0 0
A2610  ep = 2450400.5
3.41087 0.0777245 3.14965 177.272 106.629 259.992 0 0 0
A2611  ep = 2450400.5
3.89242 0.0167426 7.93147 80.9879 43.9421 300.761 0 0 0
A2612  ep = 2450400.5
2.82447 0.0341015 7.43984 312.76 221.907 93.3449 0 0 0
A2613  ep = 2450400.5
2.34606 0.0601162 1.72406 100.221 245.215 203.289 0 0 0
A2614  ep = 2450400.5
1.76441 0.0565451 3.54319 120.811 136.686 216.241 0 0 0
A2615  ep = 2450400.5
3.34592 0.00965484 0.6883 83.7284 103.788 244.771 0 0 0
A2616  ep = 2450400.5
1.70949 0.0606652 8.0072 140.058 21.3364 24.896 0 0 0
A2617  ep = 2450400.5
3.94607 0.0262237 2.41082 82.9812 253.468 252.379 0 0 0
A2618  ep = 2450400.5
2.71813 0.0760519 2.04299 23.1819 202.132 33.6888 0 0 0
A2619  ep = 2450400.5
3.98948 0.0116876 6.33475 240.759 263.195 27.1634 0 0 0
A2620  ep = 2450400.5
2.09033 0.0773676 2.16788 253.991 293.022 88.1836 0 0 0
A2621  ep = 2450400.5
3.801 0.0851917 8.17155 124.224 126.349 147.392 0 0 0
A2622  ep = 2450400.5
3.17232 0.0863803 7.93118 292.775 319.228 195.46 0 0 0
A2623  ep = 2450400.5
3.97048 0.059299 1.37795 349.593 218.116 305.357 0 0 0
A2624  ep = 2450400.5
1.96036 0.00482347 9.68107 339.459 304.723 342.077 0 0 0
A2625  ep = 2450400.5
2.92244 0.0524733 7.17925 86.9161 283.21 262.447 0 0 0
A2626  ep = 2450400.5
2.80629 0.0341751 9.81129 52.5618 130.857 266.605 0 0 0
A2627  ep = 2450400.5
2.66733 0.0291631 6.44062 290.705 34.9689 243.113 0 0 0
A2628  ep = 2450400.5
3.25395 0.0174976 1.81757 261.548 77.3005 228.094 0 0 0
A2629  ep = 2450400.5
3.88057 0.017906 6.46122 295.553 224.243 248.813 0 0 0
A2630  ep = 2450400.5
1.71984 0.0672173 0.207459 240.704 45.1959 344.378 0 0 0
A2631  ep = 2450400.5
2.89755 0.0651451 5.93132 42.4269 53.7936 1.67908 0 0 0
A2632  ep = 2450400.5
3.75753 0.0235441 0.0508972 280.547 196.844 333.982 0 0 0
A2633  ep = 2450400.5
3.08086 0.0811119 5.4791 62.5923 178.232 172.916 0 0 0
A2634  ep = 2450400.5
2.64718 0.0760299 2.33786 26.5327 16.5979 80.0148 0 0 0
A2635  ep = 2450400.5
2.9224 0.0955355 2.64787 152.719 60.9056 120.583 0 0 0
A2636  ep = 2450400.5
3.55943 0.0297937 3.43213 117.355 42.4055 351.234 0 0 0
A2637  ep = 2450400.5
1.95515 0.0476596 3.14602 224.158 152.629 82.6138 0 0 0
A2638  ep = 2450400.5
2.74211 0.0179434 9.74918 104.804 207.023 268.011 0 0 0
A2639  ep = 2450400.5
2.94447 0.0653096 0.581937 30.3195 349.173 109.637 0 0 0
A2640  ep = 2450400.5
3.62001 0.07604 7.03821 206.589 354.075 219.881 0 0 0
A2641  ep = 2450400.5
2.46005 0.0375212 8.19513 66.8714 37.7822 85.2191 0 0 0
A2642  ep = 2450400.5
1.9833 0.0135996 9.67798 11.4189 182.572 358.036 0 0 0
A2643  ep = 2450400.5
3.74803 0.0680419 9.80411 126.729 250.508 15.3346 0 0 0
A2644  ep = 2450400.5
3.03865 0.0493181 5.88762 93.1203 233.661 199.457 0 0 0
A2645  ep = 2450400.5
2.35369 0.0303424 9.65132 235.14 229.286 56.4393 0 0 0
A2646  ep = 2450400.5
2.46254 0.0857501 2.01189 54.0953 268.635 32.4193 0 0 0
A2647  ep = 2450400.5
3.99029 0.0578738 5.85299 221.98 179.337 116.37 0 0 0
A2648  ep = 2450400.5
2.88994 0.0979103 7.78712 348.404 223.151 114.467 0 0 0
A2649  ep = 2450400.5
3.43757 0.00744335 4.00312 100.419 346.539 247.413 0 0 0
A2650  ep = 2450400.5
1.8311 0.0785049 6.3193 9.00369 29.7497 35.9251 0 0 0
A2651  ep = 2450400.5
2.0704 0.0540401 4.52408 163.062 222.452 56.6995 0 0 0
A2652  ep = 2450400.5
2.70563 0.0179969 1.74285 307.904 336.961 71.2842 0 0 0
A2653  ep = 2450400.5
3.27962 0.0973313 3.46603 278.088 156.767 95.5357 0 0 0
A2654  ep = 2450400.5
2.32788 0.0536797 4.95046 31.395 284.922 88.2831 0 0 0
A2655  ep = 2450400.5
2.67036 0.0642633 8.72782 223.38 156.763 188.55 0 0 0
A2656  ep = 2450400.5
2.88659 0.0128791 6.59055 204.665 201.385 184.672 0 0 0
A2657  ep = 2450400.5
2.56344 5.67322e-05 8.53498 359.543 321.784 82.1146 0 0 0
A2658  ep = 2450400.5
3.95003 0.0714684 7.68627 228.161 120.808 99.8338 0 0 0
A2659  ep = 2450400.5
1.81029 0.0807638 4.96904 146.114 60.8404 352.612 0 0 0
A2660  ep = 2450400.5
3.86514 0.0424197 8.48478 208.217 333.769 212.961 0 0 0
A2661  ep = 2450400.5
2.2288 0.00806432 6.37045 133.319 42.9214 174.554 0 0 0
A2662  ep = 2450400.5
1.95915 0.0527537 1.30599 161.299 329.711 74.1561 0 0 0
A2663  ep = 2450400.5
3.53082 0.0756925 0.636436 196.666 218.051 336.487 0 0 0
A2664  ep = 2450400.5
3.40634 0.0842609 9.73182 306.56 83.5935 104.968 0 0 0
A2665  ep = 2450400.5
2.53727 0.0178424 0.771892 169.003 8.95569 299.853 0 0 0
A2666  ep = 2450400.5
2.72376 0.038891 1.4127 36.9439 19.6485 205.149 0 0 0
A2667  ep = 2450400.5
3.35912 0.0584664 9.45584 351.761 138.41 114.018 0 0 0
A2668  ep = 2450400.5
3.14156 0.0307766 7.63107 63.2064 135.523 341.664 0 0 0
A2669  ep = 2450400.5
1.94899 0.0122292 8.36605 285.013 56.1308 167.889 0 0 0
A2670  ep = 2450400.5
2.3472 0.0197094 5.55087 19.0739 340.536 189.728 0 0 0
A2671  ep = 2450400.5
3.80963 0.0766689 1.73628 131.329 209.47 317.159 0 0 0
A2672  ep = 2450400.5
2.51562 0.0511996 2.11988 305.258 281.59 234.126 0 0 0
A2673  ep = 2450400.5
1.60051 0.0529737 6.28395 188.28 154.092 225.182 0 0 0
A2674  ep = 2450400.5
3.0026 0.0956345 5.28734 136.815 216.075 260.06 0 0 0
A2675  ep = 2450400.5
3.54288 0.0505835 2.57361 44.4012 291.753 5.34211 0 0 0
A2676  ep = 2450400.5
3.97806 0.083764 2.21596 343.184 55.5851 284.822 0 0 0
A2677  ep = 2450400.5
3.80916 0.08872 6.17704 106.807 298.686 2.94859 0 0 0
A2678  ep = 2450400.5
1.58817 0.0524106 8.65129 223.193 197.049 176.5 0 0 0
A2679  ep = 2450400.5
4.07412 0.0182133 1.10175 94.5044 281.454 108.081 0 0 0
A2680  ep = 2450400.5
2.15784 0.0506691 4.95042 113.465 289.718 198.938 0 0 0
A2681  ep = 2450400.5
1.77598 0.00324287 1.02837 64.1489 238.479 176.167 0 0 0
A2682  ep = 2450400.5
2.06105 0.0443398 8.18965 178.846 226.523 98.7031 0 0 0
A2683  ep = 2450400.5
3.55448 0.00623304 1.5865 19.9474 57.1763 152.043 0 0 0
A2684  ep = 2450400.5
2.45594 0.00036788 9.82953 101.164 43.7545 18.76 0 0 0
A2685  ep = 2450400.5
2.89705 0.0854992 5.84887 60.0318 157.631 339.864 0 0 0
A2686  ep = 2450400.5
2.87742 0.0526006 2.59089 263.892 247.399 256.661 0 0 0
A2687  ep = 2450400.5
3.33016 0.0980916 1.26273 229.083 50.1262 12.5564 0 0 0
A2688  ep = 2450400.5
1.86653 0.0741606 4.17638 156.007 77.5519 38.8811 0 0 0
A2689  ep = 2450400.5
3.02259 0.0735991 2.8005 217.575 113.07 140.685 0 0 0
A2690  ep = 2450400.5
2.37775 0.0933152 2.47814 261.658 42.17 52.521 0 0 0
A2691  ep = 2450400.5
3.70597 0.0983691 6.89887 253.59 26.5806 161.227 0 0 0
A2692  ep = 2450400.5
2.94555 0.0805136 5.92458 227.96 313.195 302.689 0 0 0
A2693  ep = 2450400.5
1.61622 0.0584769 9.20486 109.928 103.167 134.455 0 0 0
A2694  ep = 2450400.5
2.58504 0.092856 0.312489 252.863 266.039 193.719 0 0 0
A2695  ep = 2450400.5
2.96063 0.0616505 0.593761 87.774 70.8173 286.304 0 0 0
A2696  ep = 2450400.5
3.23848 0.013677 0.69118 230.101 101.903 304.907 0 0 0
A2697  ep = 2450400.5
2.69528 0.015774 9.14377 81.0912 274.148 295.401 0 0 0
A2698  ep = 2450400.5
3.16698 0.0579386 7.73281 279.964 12.1793 277.396 0 0 0
A2699  ep = 2450400.5
1.91946 0.0624036 7.172 245.598 235.776 165.137 0 0 0
A2700  ep = 2450400.5
1.83689 0.0437143 8.0598 254.32 61.6285 338.006 0 0 0
A2701  ep = 2450400.5
2.45586 0.0326879 3.84861 47.5999 145.191 264.048 0 0 0
A2702  ep = 2450400.5
1.7857 0.0369173 2.69476 251.558 133.161 353.415 0 0 0
A2703  ep = 2450400.5
3.10548 0.0432787 1.85317 45.5219 327.067 253.099 0 0 0
A2704  ep = 2450400.5
2.2045 0.0487367 5.17208 97.5405 106.276 7.43001 0 0 0
A2705  ep = 2450400.5
3.92784 0.0796939 1.15823 315.103 65.1592 271.696 0 0 0
A2706  ep = 2450400.5
2.27032 0.0785313 0.762961 16.3491 54.8645 151.964 0 0 0
A2707  ep = 2450400.5
3.75428 0.0222634 0.817243 44.5995 309.23 324.946 0 0 0
A2708  ep = 2450400.5
3.20446 0.0196892 3.16106 111.008 175.66 321.435 0 0 0
A2709  ep = 2450400.5
1.83287 0.0107405 0.154018 113.71 38.9682 97.444 0 0 0
A2710  ep = 2450400.5
3.15102 0.0665053 7.55215 150.902 219.488 355.566 0 0 0
A2711  ep = 2450400.5
3.72737 0.0112354 0.330112 266.991 145.952 0.241519 0 0 0
A2712  ep = 2450400.5
2.22233 0.0339436 7.90533 30.9872 358.931 243.372 0 0 0
A2713  ep = 2450400.5
3.17031 0.0924644 6.49503 186.007 20.7389 47.3743 0 0 0
A2714  ep = 2450400.5
2.93397 0.0534599 5.00994 231.229 298.299 113.318 0 0 0
A2715  ep = 2450400.5
2.3915 0.0796588 3.24654 215.09 257.23 311.263 0 0 0
A2716  ep = 2450400.5
2.43018 0.0249756 4.64527 136.093 243.069 220.334 0 0 0
A2717  ep = 2450400.5
3.22729 0.0488804 7.33555 159.903 34.7534 149.001 0 0 0
A2718  ep = 2450400.5
3.99015 0.0732473 0.677809 302.579 111.257 327.87 0 0 0
A2719  ep = 2450400.5
1.87368 0.0427905 5.80589 84.7073 177.167 88.6401 0 0 0
A2720  ep = 2450400.5
4.08462 0.0923535 4.85949 64.5511 299.949 351.404 0 0 0
A2721  ep = 2450400.5
2.70021 0.0667734 4.59698 120.446 11.9784 142.796 0 0 0
A2722  ep = 2450400.5
3.77709 0.0989388 1.64788 6.46494 127.009 148.306 0 0 0
A2723  ep = 2450400.5
3.05721 0.0420881 5.75283 347.449 10.699 231.991 0 0 0
A2724  ep = 2450400.5
1.91661 0.0378738 8.45297 118.66 195.419 68.4005 0 0 0
A2725  ep = 2450400.5
2.15717 0.0509337 6.42349 322.263 293.897 333.323 0 0 0
A2726  ep = 2450400.5
2.82678 0.0165192 7.38307 228.957 52.288 114.841 0 0 0
A2727  ep = 2450400.5
2.73628 0.0344342 2.3485 125.586 112.796 276.488 0 0 0
A2728  ep = 2450400.5
4.01297 0.0900009 2.44914 100.288 317.253 242.068 0 0 0
A2729  ep = 2450400.5
1.90054 0.0426346 7.59577 345.508 326.794 178.526 0 0 0
A2730  ep = 2450400.5
4.03477 0.0418713 4.30242 267.555 89.5589 339.101 0 0 0
A2731  ep = 2450400.5
3.02551 0.0555568 0.432943 340.031 147.684 186.983 0 0 0
A2732  ep = 2450400.5
2.12278 0.058038 8.4417 327.279 47.9945 356.158 0 0 0
A2733  ep = 2450400.5
2.24567 0.0529295 6.8689 40.7957 198.437 224.996 0 0 0
A2734  ep = 2450400.5
1.77152 0.0178825 9.51122 204.524 179.488 318.207 0 0 0
A2735  ep = 2450400.5
1.73171 0.0687326 4.88678 266.525 36.8977 349.891 0 0 0
A2736  ep = 2450400.5
2.83342 0.0565532 5.89164 298.341 38.8831 60.8875 0 0 0
A2737  ep = 2450400.5
2.22914 0.0603367 6.793 242.359 103.483 316.162 0 0 0
A2738  ep = 2450400.5
1.85424 0.0229041 4.49873 315.885 37.7595 345.647 0 0 0
A2739  ep = 2450400.5
1.98957 0.049817 6.73815 230.935 112.329 94.2777 0 0 0
A2740  ep = 2450400.5
2.88397 0.0431723 0.966939 37.475 10.9452 30.2265 0 0 0
A2741  ep = 2450400.5
2.12601 0.0688885 0.0959226 63.5181 4.14151 146.077 0 0 0
A2742  ep = 2450400.5
2.61969 0.0910182 9.42384 175.289 79.133 356.766 0 0 0
A2743  ep = 2450400.5
3.23184 0.0927244 3.19634 33.8079 176.209 325.643 0 0 0
A2744  ep = 2450400.5
2.28678 0.054337 6.42296 89.6276 209.773 259.847 0 0 0
A2745  ep = 2450400.5
1.61359 0.09485 8.44406 154.623 271.613 285.903 0 0 0
A2746  ep = 2450400.5
2.87337 0.0852873 6.22901 112.486 208.816 69.4432 0 0 0
A2747  ep = 2450400.5
3.06172 0.0691963 7.82341 68.0005 189.929 63.0581 0 0 0
A2748  ep = 2450400.5
4.09498 0.0788612 9.20214 14.678 266.645 162.042 0 0 0
A2749  ep = 2450400.5
3.93895 0.0964014 2.17737 78.1178 75.485 280.166 0 0 0
A2750  ep = 2450400.5
1.56737 0.063204 9.70294 57.9702 174.369 328.933 0 0 0
A2751  ep = 2450400.5
3.92204 0.0267548 0.677907 221.439 224.546 273.355 0 0 0
A2752  ep = 2450400.5
3.67924 0.0778041 9.5311 145.696 288.723 267.406 0 0 0
A2753  ep = 2450400.5
2.09415 0.0184498 5.85027 274.037 258.036 180.043 0 0 0
A2754  ep = 2450400.5
3.34732 0.0940336 3.2238 258.128 84.4109 48.4474 0 0 0
A2755  ep = 2450400.5
2.8501 0.00466069 8.32155 208.306 200.621 294.943 0 0 0
A2756  ep = 2450400.5
3.39535 0.0360219 6.19277 119.317 43.9173 305.035 0 0 0
A2757  ep = 2450400.5
1.91027 0.00526088 2.19547 324.192 233.889 176.061 0 0 0
A2758  ep = 2450400.5
3.96694 0.0693554 7.5584 126.115 173.803 349.173 0 0 0
A2759  ep = 2450400.5
2.63785 0.0383026 7.52618 292.451 84.162 95.3532 0 0 0
A2760  ep = 2450400.5
2.96149 0.057218 3.62367 84.1608 225.097 152.529 0 0 0
A2761  ep = 2450400.5
2.40485 0.0206585 8.08222 59.4862 110.202 30.9994 0 0 0
A2762  ep = 2450400.5
3.03173 0.0564221 5.86786 144.94 124.771 304.032 0 0 0
A2763  ep = 2450400.5
1.8576 0.0965709 7.6706 107.746 129.183 6.08922 0 0 0
A2764  ep = 2450400.5
3.15596 0.00758226 8.35058 357.349 269.573 24.9246 0 0 0
A2765  ep = 2450400.5
2.1553 0.00602426 9.49674 323.817 227.284 62.095 0 0 0
A2766  ep = 2450400.5
2.93419 0.0856433 0.0694525 119.047 290.711 336.72 0 0 0
A2767  ep = 2450400.5
1.79594 0.00967093 7.39324 39.2842 52.2679 163.284 0 0 0
A2768  ep = 2450400.5
4.00674 0.0314011 0.591005 255.785 259.509 289.976 0 0 0
A2769  ep = 2450400.5
1.84334 0.064414 8.05508 220.765 155.795 123.75 0 0 0
A2770  ep = 2450400.5
1.55386 0.0459349 8.28593 129.028 177.018 141.118 0 0 0
A2771  ep = 2450400.5
2.73617 0.00798092 4.35287 38.2944 279.505 59.3532 0 0 0
A2772  ep = 2450400.5
1.52537 0.0893216 0.286632 52.236 156.173 277.721 0 0 0
A2773  ep = 2450400.5
2.02974 0.0528891 8.06776 162.504 114.109 182.083 0 0 0
A2774  ep = 2450400.5
3.15695 0.072298 7.12564 249.256 55.4306 1.4605 0 0 0
A2775  ep = 2450400.5
4.0329 0.0781646 8.13172 176.201 214.301 221.127 0 0 0
A2776  ep = 2450400.5
2.51097 0.0776278 6.90157 178.487 156.083 187.123 0 0 0
A2777  ep = 2450400.5
3.68245 0.0392914 3.70333 307.901 264.791 199.795 0 0 0
A2778  ep = 2450400.5
3.06083 0.0286291 4.69965 277.59 117.302 26.5383 0 0 0
A2779  ep = 2450400.5
3.82196 0.0819112 4.82245 63.8603 165.926 337.099 0 0 0
A2780  ep = 2450400.5
3.42728 0.0856084 9.21054 280.835 271.764 322.556 0 0 0
A2781  ep = 2450400.5
3.35498 0.0839475 0.0641156 29.1874 105.347 293.329 0 0 0
A2782  ep = 2450400.5
3.54369 0.0374234 2.74578 46.1836 287.061 340.503 0 0 0
A2783  ep = 2450400.5
2.30766 0.0838556 4.619 344.241 131.121 117.096 0 0 0
A2784  ep = 2450400.5
2.669 0.0408398 3.94182 305.005 41.9879 49.7104 0 0 0
A2785  ep = 2450400.5
2.46162 0.0465439 4.63722 16.0191 222.691 178.754 0 0 0
A2786  ep = 2450400.5
3.6067 0.0132245 8.6437 134.149 121.293 197.463 0 0 0
A2787  ep = 2450400.5
2.77209 0.0203692 3.45004 155.642 330.258 336.023 0 0 0
A2788  ep = 2450400.5
3.40157 0.0872624 3.19739 187.487 267.322 29.5576 0 0 0
A2789  ep = 2450400.5
1.69025 0.022388 7.75127 210.005 142.766 46.2145 0 0 0
A2790  ep = 2450400.5
1.98587 0.0238276 3.70898 347.731 259.446 60.5971 0 0 0
A2791  ep = 2450400.5
3.56584 0.0637284 0.83191 315.302 232.436 356.681 0 0 0
A2792  ep = 2450400.5
3.96865 0.0504822 4.5508 217 251.111 351.573 0 0 0
A2793  ep = 2450400.5
1.89617 0.0575979 2.48056 111.839 172.942 261.821 0 0 0
A2794  ep = 2450400.5
3.405 0.0165689 9.74272 358.715 282.219 231.983 0 0 0
A2795  ep = 2450400.5
2.48639 0.0844075 6.37075 118.701 289.214 250.546 0 0 0
A2796  ep = 2450400.5
2.04441 0.0476614 5.45923 259.483 131.974 339.339 0 0 0
A2797  ep = 2450400.5
2.93258 0.0720972 1.37941 47.625 13.0919 291.52 0 0 0
A2798  ep = 2450400.5
1.58842 0.0721615 4.1809 320.754 175.467 308.677 0 0 0
A2799  ep = 2450400.5
3.8155 0.00765688 5.89181 19.2518 176.376 153.77 0 0 0
A2800  ep = 2450400.5
3.43933 0.0559667 5.31614 212.604 316.567 137.645 0 0 0
A2801  ep = 2450400.5
3.35275 0.0785037 6.11721 205.519 48.1668 140.186 0 0 0
A2802  ep = 2450400.5
3.7142 0.0107523 7.13539 343.287 319.519 63.5413 0 0 0
A2803  ep = 2450400.5
1.9049 0.0352003 8.1174 7.38455 37.5672 279.485 0 0 0
A2804  ep = 2450400.5
3.90928 0.0612851 7.19088 257.678 123.336 151.135 0 0 0
A2805  ep = 2450400.5
1.5057 0.051403 0.306412 10.7333 273.348 211.702 0 0 0
A2806  ep = 2450400.5
2.49607 0.000796374 9.84653 166.442 94.6304 270.791 0 0 0
A2807  ep = 2450400.5
1.73614 0.0611721 5.19802 325.061 334.058 36.3421 0 0 0
A2808  ep = 2450400.5
1.61183 0.0492926 5.60125 284.931 64.1019 19.9209 0 0 0
A2809  ep = 2450400.5
2.29143 0.078538 4.87611 38.0941 93.3487 46.1201 0 0 0
A2810  ep = 2450400.5
2.08208 0.0723116 4.40784 73.7908 120.488 73.8588 0 0 0
A2811  ep = 2450400.5
2.85169 0.0408272 6.8269 341.023 159.765 301.797 0 0 0
A2812  ep = 2450400.5
2.11871 0.0385075 6.9626 251.649 27.645 242.017 0 0 0
A2813  ep = 2450400.5
3.53284 0.0277548 6.74836 112.639 317.496 129.501 0 0 0
A2814  ep = 2450400.5
2.71665 0.0142114 2.51101 166.94 256.2 211.456 0 0 0
A2815  ep = 2450400.5
3.29419 0.0282509 7.13025 79.3175 357.128 130.384 0 0 0
A2816  ep = 2450400.5
3.54103 0.0776857 4.63888 245.694 113.498 146.482 0 0 0
A2817  ep = 2450400.5
4.02216 0.0543844 1.38001 239.292 8.6247 185.967 0 0 0
A2818  ep = 2450400.5
2.23151 0.0360178 2.51129 168.984 65.2101 126.625 0 0 0
A2819  ep = 2450400.5
2.17573 0.0609211 1.01487 164.825 75.2442 118.741 0 0 0
A2820  ep = 2450400.5
3.23301 0.0935775 3.57641 96.2724 200.659 262.986 0 0 0
A2821  ep = 2450400.5
2.71235 0.0307748 3.32513 37.0831 104.587 91.5958 0 0 0
A2822  ep = 2450400.5
2.89389 0.0259079 2.34123 304.52 311.091 243.952 0 0 0
A2823  ep = 2450400.5
2.02833 0.0573642 2.19478 184.982 77.2889 202.466 0 0 0
A2824  ep = 2450400.5
1.63481 0.029869 5.07664 336.226 351.604 15.8805 0 0 0
A2825  ep = 2450400.5
3.14253 0.00331037 3.37414 268.85 164.151 266.042 0 0 0
A2826  ep = 2450400.5
1.87115 0.0652604 2.31299 319.516 16.948 194.648 0 0 0
A2827  ep = 2450400.5
1.74357 0.0161849 6.191 164.396 248.299 132.071 0 0 0
A2828  ep = 2450400.5
3.90909 0.0171799 0.423085 274.398 174.69 270.751 0 0 0
A2829  ep = 2450400.5
3.50863 0.0668139 3.40815 49.179 304.846 1.06683 0 0 0
A2830  ep = 2450400.5
3.92894 0.0478399 7.44466 279.089 325.672 341.93 0 0 0
A2831  ep = 2450400.5
1.92073 0.00976307 5.87944 252.647 326.456 222.407 0 0 0
A2832  ep = 2450400.5
3.39089 0.0544782 1.15474 40.312 107.875 105.531 0 0 0
A2833  ep = 2450400.5
1.91556 0.0545542 0.917837 232.115 54.5634 270.997 0 0 0
A2834  ep = 2450400.5
2.58756 0.0446973 8.26849 104.656 202.574 1.05295 0 0 0
A2835  ep = 2450400.5
1.63851 0.0337609 9.18711 122.544 87.1709 333.9 0 0 0
A2836  ep = 2450400.5
1.55277 0.0693069 6.41424 96.6833 331.02 18.2629 0 0 0
A2837  ep = 2450400.5
3.89108 0.00750001 3.52709 19.5805 311.252 259.383 0 0 0
A2838  ep = 2450400.5
3.57722 0.0162456 6.39718 229.407 115.734 25.7786 0 0 0
A2839  ep = 2450400.5
3.36953 0.0643501 3.32849 153.023 56.4694 16.7631 0 0 0
A2840  ep = 2450400.5
3.59961 0.0633502 5.26945 223.496 346.294 34.2076 0 0 0
A2841  ep = 2450400.5
3.70385 0.0316657 0.0464962 206.493 355.093 271.699 0 0 0
A2842  ep = 2450400.5
3.94044 0.0122086 6.89726 15.1333 249.101 78.8688 0 0 0
A2843  ep = 2450400.5
3.70103 0.0323421 8.73745 14.5692 115.414 292.561 0 0 0
A2844  ep = 2450400.5
3.04543 0.0419213 0.719582 27.0121 89.3296 266.021 0 0 0
A2845  ep = 2450400.5
2.15843 0.0437884 5.50811 317.921 32.8856 33.2904 0 0 0
A2846  ep = 2450400.5
3.14713 0.0391251 3.75337 9.61605 97.131 62.4746 0 0 0
A2847  ep = 2450400.5
2.57455 0.0830711 7.76705 327.838 151.352 149.814 0 0 0
A2848  ep = 2450400.5
2.33908 0.0835133 8.08389 270.784 57.1431 55.2818 0 0 0
A2849  ep = 2450400.5
2.86139 0.074535 2.0893 251.105 239.21 15.9332 0 0 0
A2850  ep = 2450400.5
1.56251 0.00165657 0.418923 346.355 84.0388 307.194 0 0 0
A2851  ep = 2450400.5
3.25195 0.0383597 6.10681 353.44 162.577 311.879 0 0 0
A2852  ep = 2450400.5
2.03965 0.0879142 5.73406 134.969 291.063 86.8083 0 0 0
A2853  ep = 2450400.5
2.25399 0.062461 3.82403 112.974 343.627 104.851 0 0 0
A2854  ep = 2450400.5
3.04425 0.0617009 3.06678 155.986 73.9477 264.982 0 0 0
A2855  ep = 2450400.5
2.50985 0.00734123 2.84099 32.7323 335.574 312.156 0 0 0
A2856  ep = 2450400.5
2.77267 0.046546 6.98174 224.521 301.638 261.705 0 0 0
A2857  ep = 2450400.5
2.75165 0.00577463 7.54257 313.082 15.1744 74.9255 0 0 0
A2858  ep = 2450400.5
3.93873 0.031485 8.68331 219.085 73.3189 259.406 0 0 0
A2859  ep = 2450400.5
2.85832 0.0771407 2.04354 85.9644 293.027 348.25 0 0 0
A2860  ep = 2450400.5
3.95674 0.0453907 7.81962 270.208 206.747 187.464 0 0 0
A2861  ep = 2450400.5
1.71965 0.0926808 3.85808 52.0784 273.598 311.105 0 0 0
A2862  ep = 2450400.5
4.00694 0.0661862 2.92105 253.781 288.193 180.877 0 0 0
A2863  ep = 2450400.5
2.64011 0.0761444 8.5936 216.932 207.528 34.036 0 0 0
A2864  ep = 2450400.5
3.66235 0.0953247 9.21465 295.849 93.5234 151.082 0 0 0
A2865  ep = 2450400.5
3.34101 0.0501273 5.89738 269.14 336.754 96.5217 0 0 0
A2866  ep = 2450400.5
3.68547 0.00901312 2.83452 279.548 354.92 66.4296 0 0 0
A2867  ep = 2450400.5
3.99348 0.0576606 0.00956968 290.569 175.026 273.119 0 0 0
A2868  ep = 2450400.5
1.61995 0.010898 5.62716 189.782 288.516 250.54 0 0 0
A2869  ep = 2450400.5
2.30178 0.0639438 0.0360839 31.585 120.12 320.406 0 0 0
A2870  ep = 2450400.5
3.95796 0.0665956 8.73002 85.4375 76.778 261.32 0 0 0
A2871  ep = 2450400.5
3.89528 0.0226543 4.51503 141.25 311.519 310.978 0 0 0
A2872  ep = 2450400.5
2.14306 0.0788704 7.74599 63.6507 11.9089 31.2046 0 0 0
A2873  ep = 2450400.5
2.26563 0.0656021 2.7482 339.427 7.68512 86.9853 0 0 0
A2874  ep = 2450400.5
3.01186 0.080438 8.21295 91.0175 71.9841 257.588 0 0 0
A2875  ep = 2450400.5
3.63388 0.0653772 8.94351 214.588 109.502 131.495 0 0 0
A2876  ep = 2450400.5
2.6707 0.0781721 0.383908 150.031 215.928 44.0771 0 0 0
A2877  ep = 2450400.5
1.84119 0.0989349 1.99491 252.802 146.173 125.28 0 0 0
A2878  ep = 2450400.5
4.07555 0.0717381 0.0285546 191.752 274.715 336.135 0 0 0
A2879  ep = 2450400.5
2.5578 0.0831634 3.26428 158.604 55.7421 289.27 0 0 0
A2880  ep = 2450400.5
2.53117 0.0803833 8.02471 33.0576 26.3869 164.691 0 0 0
A2881  ep = 2450400.5
1.99628 0.00892813 5.55009 224.649 349.74 287.149 0 0 0
A2882  ep = 2450400.5
3.06291 0.0657214 7.79324 313.134 274.256 354.55 0 0 0
A2883  ep = 2450400.5
3.87312 0.0611786 8.29401 315.764 284.184 220.329 0 0 0
A2884  ep = 2450400.5
2.97335 0.0174826 1.30529 341.728 135.952 11.6778 0 0 0
A2885  ep = 2450400.5
3.3757 0.0245182 9.76695 248.836 130.422 347.68 0 0 0
A2886  ep = 2450400.5
1.85299 0.030563 5.72712 109.943 54.7902 163.57 0 0 0
A2887  ep = 2450400.5
2.57083 0.0564679 9.55537 77.3125 62.6525 8.98296 0 0 0
A2888  ep = 2450400.5
1.94934 0.0090467 2.47831 321.436 155.694 227.478 0 0 0
A2889  ep = 2450400.5
4.06672 0.092911 1.54611 174.823 84.6208 218.38 0 0 0
A2890  ep = 2450400.5
2.47509 0.0354659 6.74785 17.6492 108.163 359.891 0 0 0
A2891  ep = 2450400.5
2.58889 0.0450925 2.69698 268.886 239.611 194.311 0 0 0
A2892  ep = 2450400.5
1.72745 0.0833881 5.04279 258.943 44.8185 144.396 0 0 0
A2893  ep = 2450400.5
3.62586 0.0012043 6.40599 72.4009 222.596 358.452 0 0 0
A2894  ep = 2450400.5
3.00905 0.0820657 3.78232 16.8239 311.534 308.915 0 0 0
A2895  ep = 2450400.5
3.62303 0.0659566 2.33128 168.662 194.063 102.247 0 0 0
A2896  ep = 2450400.5
2.38577 0.0757057 0.864056 34.6091 324.59 254.796 0 0 0
A2897  ep = 2450400.5
3.54234 0.00389251 3.2138 317.819 330.16 60.1026 0 0 0
A2898  ep = 2450400.5
1.65439 0.0317918 7.25394 74.9701 38.8526 31.4711 0 0 0
A2899  ep = 2450400.5
3.19574 0.0117699 1.1595 140.424 63.7585 189.232 0 0 0
A2900  ep = 2450400.5
3.31979 0.0731918 3.34941 38.2389 330.864 149.498 0 0 0
A2901  ep = 2450400.5
4.00147 0.0460985 1.77176 46.6505 263.983 57.5524 0 0 0
A2902  ep = 2450400.5
3.10724 0.0967854 1.71959 257.887 228.159 13.0137 0 0 0
A2903  ep = 2450400.5
1.69394 0.0733607 2.73944 208.455 41.4939 304.091 0 0 0
A2904  ep = 2450400.5
2.11105 0.054111 7.42827 3.95872 339.6 138.254 0 0 0
A2905  ep = 2450400.5
2.64591 0.0211717 0.32865 94.0247 28.5026 185.729 0 0 0
A2906  ep = 2450400.5
1.99263 0.00538104 0.390649 166.677 203.533 324.083 0 0 0
A2907  ep = 2450400.5
3.98847 0.0494703 3.46935 147.502 335.554 44.2186 0 0 0
A2908  ep = 2450400.5
2.48729 0.0829717 9.05697 295.914 131.024 137.854 0 0 0
A2909  ep = 2450400.5
3.78734 0.0423886 4.26029 105.884 215 24.3272 0 0 0
A2910  ep = 2450400.5
2.91308 0.0268815 3.97127 146.706 87.5573 24.6298 0 0 0
A2911  ep = 2450400.5
1.64548 0.0421916 2.13585 359.34 249.486 31.0349 0 0 0
A2912  ep = 2450400.5
1.70702 0.0844066 5.22182 183.043 155.719 12.3814 0 0 0
A2913  ep = 2450400.5
2.68666 0.0523879 2.8384 331.858 236.31 86.0214 0 0 0
A2914  ep = 2450400.5
3.03415 0.0830584 3.63285 150.556 138.456 269.076 0 0 0
A2915  ep = 2450400.5
1.96428 0.0503116 8.87514 332.212 172.608 213.04 0 0 0
A2916  ep = 2450400.5
2.6341 0.0353919 5.31731 178.028 330.821 208.444 0 0 0
A2917  ep = 2450400.5
1.92236 0.0457737 1.17923 180.194 18.896 337.667 0 0 0
A2918  ep = 2450400.5
3.1829 0.0784107 0.478429 0.118563 240.616 207.834 0 0 0
A2919  ep = 2450400.5
2.63319 0.0159529 2.20416 52.6405 357.223 171.632 0 0 0
A2920  ep = 2450400.5
2.13721 0.0678316 5.45182 206.574 107.472 297.322 0 0 0
A2921  ep = 2450400.5
2.61475 0.0837749 6.05167 200.191 189.804 77.3724 0 0 0
A2922  ep = 2450400.5
3.17763 0.0216986 7.88419 31.8686 356.515 238.597 0 0 0
A2923  ep = 2450400.5
1.76919 0.0497654 7.06776 280.868 267.874 352.229 0 0 0
A2924  ep = 2450400.5
2.84406 0.0742041 6.48333 55.3157 265.093 144.24 0 0 0
A2925  ep = 2450400.5
2.88457 0.0547602 4.54678 163.204 88.1204 157.958 0 0 0
A2926  ep = 2450400.5
3.41073 0.00798795 8.53484 241.833 291.145 256.219 0 0 0
A2927  ep = 2450400.5
2.58576 0.0910967 6.62481 222.454 164.615 342.331 0 0 0
A2928  ep = 2450400.5
1.81182 0.0691002 3.67627 221.012 87.015 63.9703 0 0 0
A2929  ep = 2450400.5
2.45006 0.0423895 5.40636 217.502 181.568 46.3679 0 0 0
A2930  ep = 2450400.5
3.3012 0.0951589 8.35844 48.9603 93.8817 125.309 0 0 0
A2931  ep = 2450400.5
1.94683 0.0760913 8.67028 5.45707 39.5686 110.552 0 0 0
A2932  ep = 2450400.5
3.71368 0.0457572 0.405041 86.0424 252.492 243.903 0 0 0
A2933  ep = 2450400.5
3.3618 0.0352003 4.11031 51.8061 151.88 36.863 0 0 0
A2934  ep = 2450400.5
2.46673 0.0159969 6.59964 18.356 77.4276 60.1601 0 0 0
A2935  ep = 2450400.5
1.94663 0.0297953 9.69357 91.1061 109.028 66.8067 0 0 0
A2936  ep = 2450400.5
3.7454 0.0225551 8.84368 283.062 199.322 289.794 0 0 0
A2937  ep = 2450400.5
3.07133 0.0340977 6.80033 57.9827 169.898 110.188 0 0 0
A2938  ep = 2450400.5
2.20794 0.027972 3.24759 31.2425 60.5058 269.808 0 0 0
A2939  ep = 2450400.5
3.37943 0.0867741 0.130944 285.195 141.675 276.887 0 0 0
A2940  ep = 2450400.5
1.62455 0.0388925 1.6565 98.8053 271.881 314.636 0 0 0
A2941  ep = 2450400.5
3.12146 0.00578804 6.79525 333.717 206.101 226.824 0 0 0
A2942  ep = 2450400.5
2.91322 0.0369331 7.35318 297.795 308.872 45.2953 0 0 0
A2943  ep = 2450400.5
3.92024 0.0173649 3.5194 143.135 39.435 308.948 0 0 0
A2944  ep = 2450400.5
2.72557 0.0503713 2.91061 187.715 192.857 104.658 0 0 0
A2945  ep = 2450400.5
3.54199 0.0302486 9.89005 9.51628 130.928 351.839 0 0 0
A2946  ep = 2450400.5
3.67921 0.0134376 3.4628 281.895 268.296 297.546 0 0 0
A2947  ep = 2450400.5
2.48456 0.044472 2.41379 65.7438 345.476 74.9005 0 0 0
A2948  ep = 2450400.5
3.91401 0.0353172 9.76803 298.606 157.801 70.1899 0 0 0
A2949  ep = 2450400.5
2.94887 0.0449561 1.76444 134.129 5.76455 168.918 0 0 0
A2950  ep = 2450400.5
3.53303 0.0235997 7.40776 174.024 142.911 121.455 0 0 0
A2951  ep = 2450400.5
3.02087 0.0920836 2.48651 211.476 174.529 39.5934 0 0 0
A2952  ep = 2450400.5
3.76938 0.058107 7.03919 281.515 215.06 242.129 0 0 0
A2953  ep = 2450400.5
3.26606 0.031582 4.98102 342.408 107.609 163.538 0 0 0
A2954  ep = 2450400.5
3.8203 0.042608 0.131081 14.6066 65.6667 162.125 0 0 0
A2955  ep = 2450400.5
2.85203 0.0139073 6.40289 31.3072 183.079 261.539 0 0 0
A2956  ep = 2450400.5
3.53214 0.0610227 3.07838 34.1296 47.8084 13.1892 0 0 0
A2957  ep = 2450400.5
3.99892 0.00889809 3.5028 29.7315 189.886 138.699 0 0 0
A2958  ep = 2450400.5
3.09942 0.0849307 3.30366 248.364 310.928 62.7794 0 0 0
A2959  ep = 2450400.5
4.01965 0.022818 1.01578 241.056 270.938 356.079 0 0 0
A2960  ep = 2450400.5
2.25308 0.0631708 8.12031 270.138 36.1709 195.538 0 0 0
A2961  ep = 2450400.5
4.05514 0.0376513 5.04575 170.994 202.353 242.118 0 0 0
A2962  ep = 2450400.5
4.02319 0.0211701 8.05488 104.195 89.7718 296.061 0 0 0
A2963  ep = 2450400.5
3.52506 0.0767638 4.68654 209.31 195.091 88.7924 0 0 0
A2964  ep = 2450400.5
3.73557 0.0127181 5.52966 152.145 196.083 254.619 0 0 0
A2965  ep = 2450400.5
2.94931 0.0124824 2.91901 198.112 317.262 315.443 0 0 0
A2966  ep = 2450400.5
2.84728 0.0316505 8.50646 40.297 20.5518 355.463 0 0 0
A2967  ep = 2450400.5
2.59899 0.0799287 6.61512 100.759 267.702 263.587 0 0 0
A2968  ep = 2450400.5
2.64251 0.0306944 4.80992 257.609 11.9668 166.142 0 0 0
A2969  ep = 2450400.5
2.83728 0.0808001 3.07722 331.599 109.891 41.1005 0 0 0
A2970  ep = 2450400.5
2.50872 0.0280037 2.57413 180.669 33.5599 326.904 0 0 0
A2971  ep = 2450400.5
3.72028 0.054666 1.71961 80.628 345.329 73.1954 0 0 0
A2972  ep = 2450400.5
2.45968 0.0264855 2.42293 280.381 8.19026 153.883 0 0 0
A2973  ep = 2450400.5
3.88992 0.000442035 1.2928 230.727 33.1298 132.947 0 0 0
A2974  ep = 2450400.5
1.72375 0.0791834 1.35832 145.115 72.8275 173.003 0 0 0
A2975  ep = 2450400.5
1.50544 0.0661202 9.82518 252.313 130.311 96.1838 0 0 0
A2976  ep = 2450400.5
3.03574 0.0318132 5.84562 13.3645 290.393 56.1864 0 0 0
A2977  ep = 2450400.5
1.90231 0.08911 2.72096 122.257 235.771 90.0835 0 0 0
A2978  ep = 2450400.5
1.51766 0.0565236 2.92326 91.437 333.389 319.742 0 0 0
A2979  ep = 2450400.5
1.51352 0.0525976 3.08459 2.02764 290.154 170.297 0 0 0
A2980  ep = 2450400.5
1.96637 0.0848022 1.69821 258.578 292.291 280.553 0 0 0
A2981  ep = 2450400.5
1.77534 0.0728071 4.68838 22.6252 133.251 280.467 0 0 0
A2982  ep = 2450400.5
2.45775 0.0389378 1.27364 50.7748 81.1188 210.561 0 0 0
A2983  ep = 2450400.5
2.21719 0.0590831 1.09002 51.5769 99.2895 224.207 0 0 0
A2984  ep = 2450400.5
2.68767 0.071825 5.62307 260.49 339.667 187.371 0 0 0
A2985  ep = 2450400.5
3.34385 0.0903712 1.68191 256.261 194.306 86.7549 0 0 0
A2986  ep = 2450400.5
2.98455 0.0431995 7.54201 95.1894 295.755 171.192 0 0 0
A2987  ep = 2450400.5
3.76378 0.0702453 5.13172 350.984 282.42 106.286 0 0 0
A2988  ep = 2450400.5
2.17787 0.0717705 5.46082 119.895 197.389 107.709 0 0 0
A2989  ep = 2450400.5
1.8345 0.0856615 5.1293 95.0371 160.587 273.565 0 0 0
A2990  ep = 2450400.5
2.41874 0.0558936 2.03365 9.01289 16.049 107.094 0 0 0
A2991  ep = 2450400.5
2.05321 0.0546894 7.65414 312.58 62.3371 62.8413 0 0 0
A2992  ep = 2450400.5
3.7832 0.0497268 5.57683 44.7485 342.309 42.9767 0 0 0
A2993  ep = 2450400.5
1.50583 0.00176983 9.45541 249.472 286.494 17.2604 0 0 0
A2994  ep = 2450400.5
1.62342 0.0283742 7.8596 56.3766 289.203 316.295 0 0 0
A2995  ep = 2450400.5
3.09731 0.0869089 7.7734 27.1973 212.037 157.619 0 0 0
A2996  ep = 2450400.5
2.05368 0.0101434 7.79618 314.195 4.9049 91.4955 0 0 0
A2997  ep = 2450400.5
2.56882 0.0950341 4.38001 11.2507 193.424 155.109 0 0 0
A2998  ep = 2450400.5
1.83762 0.0728741 5.95386 19.5717 100.265 196.71 0 0 0
A2999  ep = 2450400.5
2.69658 0.0211848 4.53072 139.672 44.0891 183.485 0 0 0
A3000  ep = 2450400.5
1.90516 0.0499345 0.497592 154.093 132.158 284.09 0 0 0
