)O+_06 Small-body initial data  (WARNING: Do not delete this line!!)
) Lines beginning with `)' are ignored.
)----------------------------------------------------------------------
 style (Cartesian, Asteroidal, Cometary) = Ast
)---------------------------------------------------------------------
A1  ep = 2450400.5
3.04525 0.0404213 2.60635 98.553 137.284 257.403 0 0 0
A2  ep = 2450400.5
2.7592 0.0349109 0.469473 315.262 153.696 291.856 0 0 0
A3  ep = 2450400.5
3.47961 0.0201048 9.01127 97.6628 302.197 123.835 0 0 0
A4  ep = 2450400.5
2.70692 0.0629467 2.44465 86.2087 220.189 84.625 0 0 0
A5  ep = 2450400.5
3.98455 0.0447735 8.07704 159.015 341.575 62.7544 0 0 0
A6  ep = 2450400.5
2.66404 0.0619106 4.30806 80.8796 38.6806 315.667 0 0 0
A7  ep = 2450400.5
1.82343 0.0359619 5.10919 311.108 54.7482 286.234 0 0 0
A8  ep = 2450400.5
2.94873 0.0757448 5.42812 147.104 55.3327 195.633 0 0 0
A9  ep = 2450400.5
3.91017 0.0449839 5.43863 1.82884 80.5384 35.6561 0 0 0
A10  ep = 2450400.5
3.80127 0.0482749 5.56415 123.733 229.936 351.089 0 0 0
A11  ep = 2450400.5
2.56521 0.0408514 7.8935 303.816 51.2195 355.32 0 0 0
A12  ep = 2450400.5
2.14551 0.0181492 6.33546 184.088 127.466 117.531 0 0 0
A13  ep = 2450400.5
2.49152 0.0941808 7.97352 307.618 62.8842 332.99 0 0 0
A14  ep = 2450400.5
1.64485 0.0308885 0.43528 355.713 55.98 45.4932 0 0 0
A15  ep = 2450400.5
4.08229 0.0209321 8.05897 219.49 103.483 46.1136 0 0 0
A16  ep = 2450400.5
3.13478 0.0600327 4.70047 45.8922 122.634 351.958 0 0 0
A17  ep = 2450400.5
1.72142 0.0577842 9.78381 251.78 154.053 136.878 0 0 0
A18  ep = 2450400.5
1.72502 0.0138426 1.52335 44.7703 101.883 302.16 0 0 0
A19  ep = 2450400.5
2.77972 0.0593775 9.56892 334.094 7.72196 43.7994 0 0 0
A20  ep = 2450400.5
2.39174 0.092819 4.0917 298.973 306.001 65.3053 0 0 0
A21  ep = 2450400.5
2.96633 0.0646254 4.59405 256.619 41.3951 153.871 0 0 0
A22  ep = 2450400.5
2.26483 0.00140772 6.59468 256.424 219.398 267.012 0 0 0
A23  ep = 2450400.5
3.00931 0.0392055 1.26901 324.649 313.053 138.516 0 0 0
A24  ep = 2450400.5
1.80167 0.0608209 5.17072 133.627 353.08 58.8599 0 0 0
A25  ep = 2450400.5
2.11359 0.0173277 6.26498 153.408 195.096 113.384 0 0 0
A26  ep = 2450400.5
4.05079 0.0190849 2.60416 91.7122 307.394 114.875 0 0 0
A27  ep = 2450400.5
3.42488 0.0008536 8.46449 309.423 89.8783 224.767 0 0 0
A28  ep = 2450400.5
2.21779 0.0465601 1.35031 11.1601 334.782 266.241 0 0 0
A29  ep = 2450400.5
1.84105 0.0436881 4.65339 97.4115 254.018 123.946 0 0 0
A30  ep = 2450400.5
3.99345 0.098721 3.04281 87.8103 335.389 41.8147 0 0 0
A31  ep = 2450400.5
2.59666 0.0404395 8.67499 76.0882 141.457 207.08 0 0 0
A32  ep = 2450400.5
3.61013 0.0130796 6.29006 43.0886 184.636 276.802 0 0 0
A33  ep = 2450400.5
1.88155 0.0295018 3.37496 90.3858 293.668 173.688 0 0 0
A34  ep = 2450400.5
1.63471 0.0520273 8.23267 319.943 342.836 139.581 0 0 0
A35  ep = 2450400.5
2.32037 0.0558781 7.43069 121.994 96.5262 326.572 0 0 0
A36  ep = 2450400.5
3.97444 0.0273414 6.27673 58.8795 22.5092 35.7903 0 0 0
A37  ep = 2450400.5
2.76605 0.0202523 2.79801 183.167 148.66 350.898 0 0 0
A38  ep = 2450400.5
1.76792 0.0389043 1.6483 347.849 332.077 168.397 0 0 0
A39  ep = 2450400.5
2.69816 0.0569597 9.2231 137.25 210.741 53.9975 0 0 0
A40  ep = 2450400.5
3.17464 0.0981285 8.46427 279.184 183.557 77.2398 0 0 0
A41  ep = 2450400.5
1.54555 0.0952788 1.51544 345.602 356.688 93.8469 0 0 0
A42  ep = 2450400.5
2.56554 0.0504299 6.75747 300.129 231.416 315.501 0 0 0
A43  ep = 2450400.5
2.04981 0.0986213 6.27492 45.2303 130.508 181.336 0 0 0
A44  ep = 2450400.5
1.55048 0.0381165 7.24055 166.378 50.3101 302.194 0 0 0
A45  ep = 2450400.5
2.2128 0.0515848 2.85643 181.707 102.875 275.091 0 0 0
A46  ep = 2450400.5
3.67525 0.00128893 8.63065 55.7421 347.033 259.453 0 0 0
A47  ep = 2450400.5
1.60555 0.0351557 5.62105 30.672 143.526 258.6 0 0 0
A48  ep = 2450400.5
2.39499 0.0667463 3.04897 102.37 235.011 287.558 0 0 0
A49  ep = 2450400.5
2.94663 0.00913406 4.16208 74.3408 244.79 132.164 0 0 0
A50  ep = 2450400.5
1.86968 0.00753774 3.86864 283.705 193.356 251.648 0 0 0
A51  ep = 2450400.5
1.53223 0.0257065 6.48444 216.452 56.3495 157.413 0 0 0
A52  ep = 2450400.5
3.64 0.087613 4.11672 300.59 36.243 201.012 0 0 0
A53  ep = 2450400.5
3.38615 0.0284438 2.54674 62.071 21.1165 293.161 0 0 0
A54  ep = 2450400.5
3.06947 0.05015 0.715313 270.329 79.0626 88.2498 0 0 0
A55  ep = 2450400.5
2.17183 0.0525091 7.20389 182.826 355.036 292.828 0 0 0
A56  ep = 2450400.5
3.48139 0.0976243 5.70962 263.576 353.02 116.684 0 0 0
A57  ep = 2450400.5
3.42707 0.00598821 5.43826 7.42556 321.305 63.3401 0 0 0
A58  ep = 2450400.5
1.82146 0.0757483 6.01567 248.418 37.3003 12.4606 0 0 0
A59  ep = 2450400.5
2.97134 0.0858288 6.25067 347.59 179.915 323.257 0 0 0
A60  ep = 2450400.5
3.23025 0.0544184 7.10777 134.825 86.9912 98.8046 0 0 0
A61  ep = 2450400.5
2.2731 0.0457295 1.75578 322.945 11.5815 185.001 0 0 0
A62  ep = 2450400.5
1.65262 0.0559368 7.29507 67.2093 313.951 99.7478 0 0 0
A63  ep = 2450400.5
1.76869 0.0143419 8.43598 29.0686 206.592 176.326 0 0 0
A64  ep = 2450400.5
2.94696 0.0834614 9.35174 182.236 29.6222 267.004 0 0 0
A65  ep = 2450400.5
3.76532 0.0438423 6.58283 176.826 109.694 25.8051 0 0 0
A66  ep = 2450400.5
3.40548 0.0351113 5.15328 228.186 72.6833 18.5677 0 0 0
A67  ep = 2450400.5
2.65516 0.0528967 6.35359 354.68 176.103 14.2786 0 0 0
A68  ep = 2450400.5
3.11312 0.0155621 8.52382 170.234 347.472 16.4627 0 0 0
A69  ep = 2450400.5
2.05623 0.0362361 7.19693 223.595 79.6695 40.4412 0 0 0
A70  ep = 2450400.5
3.3203 0.058732 4.09396 18.5192 184.118 132.527 0 0 0
A71  ep = 2450400.5
3.11584 0.0178622 4.10566 254.18 37.6847 156.26 0 0 0
A72  ep = 2450400.5
2.22774 0.00850306 2.10946 199.169 151.974 309.671 0 0 0
A73  ep = 2450400.5
3.32834 0.0527479 0.343399 197.133 303.07 292.998 0 0 0
A74  ep = 2450400.5
1.82798 0.0685908 5.05859 210.539 296.636 115.664 0 0 0
A75  ep = 2450400.5
3.46028 0.00817847 8.55567 96.959 245.085 289.656 0 0 0
A76  ep = 2450400.5
3.07781 0.0414521 5.85656 191.046 313.706 213.276 0 0 0
A77  ep = 2450400.5
2.9399 0.0840895 8.92049 161.353 209.571 99.9166 0 0 0
A78  ep = 2450400.5
3.12708 0.0586879 9.67145 128.943 355.736 246.507 0 0 0
A79  ep = 2450400.5
1.52155 0.0512555 9.50921 149.985 247.576 294.74 0 0 0
A80  ep = 2450400.5
3.50611 0.0866102 0.579432 142.533 330.727 103.654 0 0 0
A81  ep = 2450400.5
3.27474 0.0387071 4.50066 224.935 29.9079 356.617 0 0 0
A82  ep = 2450400.5
1.9661 0.092414 2.02859 154.259 81.6658 70.2612 0 0 0
A83  ep = 2450400.5
1.52257 0.051862 5.45392 136.035 102.524 164.455 0 0 0
A84  ep = 2450400.5
1.65963 0.0483575 2.44306 16.9422 296.782 225.753 0 0 0
A85  ep = 2450400.5
1.58463 0.014966 5.33688 187.117 318.914 17.7805 0 0 0
A86  ep = 2450400.5
1.90852 0.0600291 2.08308 44.2107 161.758 274.797 0 0 0
A87  ep = 2450400.5
2.74931 0.0346876 7.94659 231.505 131.863 14.3008 0 0 0
A88  ep = 2450400.5
3.46476 0.0786027 2.76 161.748 73.7627 7.65649 0 0 0
A89  ep = 2450400.5
2.55722 0.0184637 7.18774 21.6559 85.4954 330.67 0 0 0
A90  ep = 2450400.5
2.08767 0.0971811 8.23398 184.642 116.849 337.634 0 0 0
A91  ep = 2450400.5
3.30139 0.0509011 6.95524 4.60207 115.092 116.485 0 0 0
A92  ep = 2450400.5
2.8245 0.018116 1.76099 294.596 50.4115 71.1568 0 0 0
A93  ep = 2450400.5
2.39913 0.0684079 1.31302 64.0102 252.387 77.8178 0 0 0
A94  ep = 2450400.5
2.19985 0.0418564 0.805984 174.837 46.0639 7.9501 0 0 0
A95  ep = 2450400.5
1.63755 0.0979146 5.50554 13.4391 218.986 354.881 0 0 0
A96  ep = 2450400.5
2.10436 0.0470033 8.83812 2.06074 304.406 270.445 0 0 0
A97  ep = 2450400.5
2.27265 0.0333482 9.82887 97.9946 204.915 251.772 0 0 0
A98  ep = 2450400.5
1.93009 0.0495101 1.15617 210.422 133.283 110.998 0 0 0
A99  ep = 2450400.5
1.82743 0.0511791 6.66295 29.3645 158.17 88.3309 0 0 0
A100  ep = 2450400.5
2.69927 0.0154126 6.39798 44.8628 54.2711 63.0505 0 0 0
